Date,2nd Ave PBL south of Bell St,NB,SB
03/01/2018 12:00:00 AM,0,0,0
03/01/2018 01:00:00 AM,0,0,0
03/01/2018 02:00:00 AM,0,0,0
03/01/2018 03:00:00 AM,0,0,0
03/01/2018 04:00:00 AM,0,0,0
03/01/2018 05:00:00 AM,0,0,0
03/01/2018 06:00:00 AM,0,0,0
03/01/2018 07:00:00 AM,0,0,0
03/01/2018 08:00:00 AM,0,0,0
03/01/2018 09:00:00 AM,0,0,0
03/01/2018 10:00:00 AM,3,0,3
03/01/2018 11:00:00 AM,29,6,23
03/01/2018 12:00:00 PM,20,6,14
03/01/2018 01:00:00 PM,18,10,8
03/01/2018 02:00:00 PM,22,3,19
03/01/2018 03:00:00 PM,43,8,35
03/01/2018 04:00:00 PM,61,9,52
03/01/2018 05:00:00 PM,74,19,55
03/01/2018 06:00:00 PM,61,16,45
03/01/2018 07:00:00 PM,24,9,15
03/01/2018 08:00:00 PM,23,12,11
03/01/2018 09:00:00 PM,21,16,5
03/01/2018 10:00:00 PM,6,2,4
03/01/2018 11:00:00 PM,4,3,1
03/02/2018 12:00:00 AM,3,1,2
03/02/2018 01:00:00 AM,4,2,2
03/02/2018 02:00:00 AM,0,0,0
03/02/2018 03:00:00 AM,0,0,0
03/02/2018 04:00:00 AM,3,0,3
03/02/2018 05:00:00 AM,8,1,7
03/02/2018 06:00:00 AM,19,2,17
03/02/2018 07:00:00 AM,50,4,46
03/02/2018 08:00:00 AM,66,13,53
03/02/2018 09:00:00 AM,36,9,27
03/02/2018 10:00:00 AM,10,1,9
03/02/2018 11:00:00 AM,25,6,19
03/02/2018 12:00:00 PM,14,3,11
03/02/2018 01:00:00 PM,17,7,10
03/02/2018 02:00:00 PM,24,7,17
03/02/2018 03:00:00 PM,37,12,25
03/02/2018 04:00:00 PM,56,15,41
03/02/2018 05:00:00 PM,62,27,35
03/02/2018 06:00:00 PM,36,13,23
03/02/2018 07:00:00 PM,35,18,17
03/02/2018 08:00:00 PM,20,5,15
03/02/2018 09:00:00 PM,12,4,8
03/02/2018 10:00:00 PM,12,5,7
03/02/2018 11:00:00 PM,5,0,5
03/03/2018 12:00:00 AM,12,6,6
03/03/2018 01:00:00 AM,15,4,11
03/03/2018 02:00:00 AM,2,0,2
03/03/2018 03:00:00 AM,0,0,0
03/03/2018 04:00:00 AM,0,0,0
03/03/2018 05:00:00 AM,2,0,2
03/03/2018 06:00:00 AM,3,1,2
03/03/2018 07:00:00 AM,8,1,7
03/03/2018 08:00:00 AM,11,3,8
03/03/2018 09:00:00 AM,16,4,12
03/03/2018 10:00:00 AM,23,7,16
03/03/2018 11:00:00 AM,23,8,15
03/03/2018 12:00:00 PM,37,11,26
03/03/2018 01:00:00 PM,26,9,17
03/03/2018 02:00:00 PM,18,5,13
03/03/2018 03:00:00 PM,34,12,22
03/03/2018 04:00:00 PM,34,14,20
03/03/2018 05:00:00 PM,22,11,11
03/03/2018 06:00:00 PM,28,14,14
03/03/2018 07:00:00 PM,18,6,12
03/03/2018 08:00:00 PM,18,6,12
03/03/2018 09:00:00 PM,9,3,6
03/03/2018 10:00:00 PM,11,6,5
03/03/2018 11:00:00 PM,4,3,1
03/04/2018 12:00:00 AM,11,6,5
03/04/2018 01:00:00 AM,8,4,4
03/04/2018 02:00:00 AM,2,2,0
03/04/2018 03:00:00 AM,0,0,0
03/04/2018 04:00:00 AM,0,0,0
03/04/2018 05:00:00 AM,0,0,0
03/04/2018 06:00:00 AM,3,0,3
03/04/2018 07:00:00 AM,11,2,9
03/04/2018 08:00:00 AM,4,0,4
03/04/2018 09:00:00 AM,7,1,6
03/04/2018 10:00:00 AM,9,3,6
03/04/2018 11:00:00 AM,21,9,12
03/04/2018 12:00:00 PM,15,5,10
03/04/2018 01:00:00 PM,21,4,17
03/04/2018 02:00:00 PM,15,8,7
03/04/2018 03:00:00 PM,14,10,4
03/04/2018 04:00:00 PM,22,11,11
03/04/2018 05:00:00 PM,11,7,4
03/04/2018 06:00:00 PM,19,7,12
03/04/2018 07:00:00 PM,13,5,8
03/04/2018 08:00:00 PM,6,2,4
03/04/2018 09:00:00 PM,10,5,5
03/04/2018 10:00:00 PM,10,4,6
03/04/2018 11:00:00 PM,6,1,5
03/05/2018 12:00:00 AM,8,5,3
03/05/2018 01:00:00 AM,1,1,0
03/05/2018 02:00:00 AM,2,1,1
03/05/2018 03:00:00 AM,2,2,0
03/05/2018 04:00:00 AM,1,0,1
03/05/2018 05:00:00 AM,15,3,12
03/05/2018 06:00:00 AM,21,2,19
03/05/2018 07:00:00 AM,73,3,70
03/05/2018 08:00:00 AM,75,11,64
03/05/2018 09:00:00 AM,42,7,35
03/05/2018 10:00:00 AM,16,7,9
03/05/2018 11:00:00 AM,23,8,15
03/05/2018 12:00:00 PM,18,7,11
03/05/2018 01:00:00 PM,19,8,11
03/05/2018 02:00:00 PM,21,7,14
03/05/2018 03:00:00 PM,30,12,18
03/05/2018 04:00:00 PM,50,16,34
03/05/2018 05:00:00 PM,81,23,58
03/05/2018 06:00:00 PM,30,3,27
03/05/2018 07:00:00 PM,18,7,11
03/05/2018 08:00:00 PM,11,4,7
03/05/2018 09:00:00 PM,13,6,7
03/05/2018 10:00:00 PM,6,1,5
03/05/2018 11:00:00 PM,2,0,2
03/06/2018 12:00:00 AM,1,0,1
03/06/2018 01:00:00 AM,1,1,0
03/06/2018 02:00:00 AM,3,2,1
03/06/2018 03:00:00 AM,0,0,0
03/06/2018 04:00:00 AM,2,1,1
03/06/2018 05:00:00 AM,10,2,8
03/06/2018 06:00:00 AM,27,3,24
03/06/2018 07:00:00 AM,71,7,64
03/06/2018 08:00:00 AM,90,13,77
03/06/2018 09:00:00 AM,52,9,43
03/06/2018 10:00:00 AM,18,6,12
03/06/2018 11:00:00 AM,19,5,14
03/06/2018 12:00:00 PM,23,5,18
03/06/2018 01:00:00 PM,18,8,10
03/06/2018 02:00:00 PM,28,5,23
03/06/2018 03:00:00 PM,39,13,26
03/06/2018 04:00:00 PM,64,21,43
03/06/2018 05:00:00 PM,74,21,53
03/06/2018 06:00:00 PM,37,21,16
03/06/2018 07:00:00 PM,28,12,16
03/06/2018 08:00:00 PM,19,7,12
03/06/2018 09:00:00 PM,17,5,12
03/06/2018 10:00:00 PM,7,2,5
03/06/2018 11:00:00 PM,8,4,4
03/07/2018 12:00:00 AM,6,3,3
03/07/2018 01:00:00 AM,1,0,1
03/07/2018 02:00:00 AM,0,0,0
03/07/2018 03:00:00 AM,1,0,1
03/07/2018 04:00:00 AM,0,0,0
03/07/2018 05:00:00 AM,11,2,9
03/07/2018 06:00:00 AM,22,2,20
03/07/2018 07:00:00 AM,67,9,58
03/07/2018 08:00:00 AM,98,11,87
03/07/2018 09:00:00 AM,46,7,39
03/07/2018 10:00:00 AM,20,4,16
03/07/2018 11:00:00 AM,20,9,11
03/07/2018 12:00:00 PM,25,7,18
03/07/2018 01:00:00 PM,18,6,12
03/07/2018 02:00:00 PM,32,13,19
03/07/2018 03:00:00 PM,24,7,17
03/07/2018 04:00:00 PM,59,19,40
03/07/2018 05:00:00 PM,87,23,64
03/07/2018 06:00:00 PM,38,13,25
03/07/2018 07:00:00 PM,26,10,16
03/07/2018 08:00:00 PM,13,7,6
03/07/2018 09:00:00 PM,20,13,7
03/07/2018 10:00:00 PM,11,5,6
03/07/2018 11:00:00 PM,5,1,4
03/08/2018 12:00:00 AM,3,0,3
03/08/2018 01:00:00 AM,4,3,1
03/08/2018 02:00:00 AM,2,1,1
03/08/2018 03:00:00 AM,1,1,0
03/08/2018 04:00:00 AM,2,1,1
03/08/2018 05:00:00 AM,12,3,9
03/08/2018 06:00:00 AM,15,3,12
03/08/2018 07:00:00 AM,46,4,42
03/08/2018 08:00:00 AM,59,11,48
03/08/2018 09:00:00 AM,20,5,15
03/08/2018 10:00:00 AM,16,3,13
03/08/2018 11:00:00 AM,19,3,16
03/08/2018 12:00:00 PM,10,3,7
03/08/2018 01:00:00 PM,7,4,3
03/08/2018 02:00:00 PM,14,3,11
03/08/2018 03:00:00 PM,23,10,13
03/08/2018 04:00:00 PM,31,10,21
03/08/2018 05:00:00 PM,52,12,40
03/08/2018 06:00:00 PM,25,11,14
03/08/2018 07:00:00 PM,13,5,8
03/08/2018 08:00:00 PM,11,5,6
03/08/2018 09:00:00 PM,11,7,4
03/08/2018 10:00:00 PM,3,1,2
03/08/2018 11:00:00 PM,4,0,4
03/09/2018 12:00:00 AM,1,1,0
03/09/2018 01:00:00 AM,2,2,0
03/09/2018 02:00:00 AM,3,2,1
03/09/2018 03:00:00 AM,7,4,3
03/09/2018 04:00:00 AM,4,3,1
03/09/2018 05:00:00 AM,8,2,6
03/09/2018 06:00:00 AM,17,0,17
03/09/2018 07:00:00 AM,74,4,70
03/09/2018 08:00:00 AM,80,12,68
03/09/2018 09:00:00 AM,34,6,28
03/09/2018 10:00:00 AM,14,1,13
03/09/2018 11:00:00 AM,25,7,18
03/09/2018 12:00:00 PM,29,13,16
03/09/2018 01:00:00 PM,26,3,23
03/09/2018 02:00:00 PM,26,5,21
03/09/2018 03:00:00 PM,50,12,38
03/09/2018 04:00:00 PM,50,16,34
03/09/2018 05:00:00 PM,67,24,43
03/09/2018 06:00:00 PM,40,12,28
03/09/2018 07:00:00 PM,27,13,14
03/09/2018 08:00:00 PM,23,9,14
03/09/2018 09:00:00 PM,11,5,6
03/09/2018 10:00:00 PM,9,5,4
03/09/2018 11:00:00 PM,6,4,2
03/10/2018 12:00:00 AM,7,3,4
03/10/2018 01:00:00 AM,3,0,3
03/10/2018 02:00:00 AM,4,2,2
03/10/2018 03:00:00 AM,0,0,0
03/10/2018 04:00:00 AM,0,0,0
03/10/2018 05:00:00 AM,5,0,5
03/10/2018 06:00:00 AM,1,1,0
03/10/2018 07:00:00 AM,8,3,5
03/10/2018 08:00:00 AM,10,1,9
03/10/2018 09:00:00 AM,16,4,12
03/10/2018 10:00:00 AM,33,8,25
03/10/2018 11:00:00 AM,25,3,22
03/10/2018 12:00:00 PM,26,11,15
03/10/2018 01:00:00 PM,58,19,39
03/10/2018 02:00:00 PM,30,17,13
03/10/2018 03:00:00 PM,34,13,21
03/10/2018 04:00:00 PM,51,12,39
03/10/2018 05:00:00 PM,24,11,13
03/10/2018 06:00:00 PM,18,8,10
03/10/2018 07:00:00 PM,22,2,20
03/10/2018 08:00:00 PM,12,3,9
03/10/2018 09:00:00 PM,22,13,9
03/10/2018 10:00:00 PM,14,8,6
03/10/2018 11:00:00 PM,2,2,0
03/11/2018 12:00:00 AM,9,4,5
03/11/2018 01:00:00 AM,6,3,3
03/11/2018 02:00:00 AM,0,0,0
03/11/2018 03:00:00 AM,1,1,0
03/11/2018 04:00:00 AM,1,1,0
03/11/2018 05:00:00 AM,2,0,2
03/11/2018 06:00:00 AM,1,0,1
03/11/2018 07:00:00 AM,0,0,0
03/11/2018 08:00:00 AM,5,0,5
03/11/2018 09:00:00 AM,9,1,8
03/11/2018 10:00:00 AM,14,1,13
03/11/2018 11:00:00 AM,25,9,16
03/11/2018 12:00:00 PM,33,6,27
03/11/2018 01:00:00 PM,34,8,26
03/11/2018 02:00:00 PM,32,11,21
03/11/2018 03:00:00 PM,39,15,24
03/11/2018 04:00:00 PM,41,20,21
03/11/2018 05:00:00 PM,26,12,14
03/11/2018 06:00:00 PM,25,8,17
03/11/2018 07:00:00 PM,23,11,12
03/11/2018 08:00:00 PM,10,5,5
03/11/2018 09:00:00 PM,6,3,3
03/11/2018 10:00:00 PM,5,0,5
03/11/2018 11:00:00 PM,7,1,6
03/12/2018 12:00:00 AM,7,3,4
03/12/2018 01:00:00 AM,2,2,0
03/12/2018 02:00:00 AM,2,2,0
03/12/2018 03:00:00 AM,0,0,0
03/12/2018 04:00:00 AM,2,0,2
03/12/2018 05:00:00 AM,20,4,16
03/12/2018 06:00:00 AM,37,3,34
03/12/2018 07:00:00 AM,82,5,77
03/12/2018 08:00:00 AM,145,16,129
03/12/2018 09:00:00 AM,72,10,62
03/12/2018 10:00:00 AM,32,6,26
03/12/2018 11:00:00 AM,22,6,16
03/12/2018 12:00:00 PM,28,14,14
03/12/2018 01:00:00 PM,24,10,14
03/12/2018 02:00:00 PM,37,13,24
03/12/2018 03:00:00 PM,44,12,32
03/12/2018 04:00:00 PM,85,27,58
03/12/2018 05:00:00 PM,102,38,64
03/12/2018 06:00:00 PM,57,17,40
03/12/2018 07:00:00 PM,29,11,18
03/12/2018 08:00:00 PM,18,13,5
03/12/2018 09:00:00 PM,17,7,10
03/12/2018 10:00:00 PM,14,3,11
03/12/2018 11:00:00 PM,8,4,4
03/13/2018 12:00:00 AM,4,2,2
03/13/2018 01:00:00 AM,6,5,1
03/13/2018 02:00:00 AM,1,1,0
03/13/2018 03:00:00 AM,0,0,0
03/13/2018 04:00:00 AM,1,1,0
03/13/2018 05:00:00 AM,15,2,13
03/13/2018 06:00:00 AM,18,2,16
03/13/2018 07:00:00 AM,61,9,52
03/13/2018 08:00:00 AM,70,10,60
03/13/2018 09:00:00 AM,48,12,36
03/13/2018 10:00:00 AM,20,4,16
03/13/2018 11:00:00 AM,21,7,14
03/13/2018 12:00:00 PM,19,10,9
03/13/2018 01:00:00 PM,18,8,10
03/13/2018 02:00:00 PM,12,2,10
03/13/2018 03:00:00 PM,21,7,14
03/13/2018 04:00:00 PM,46,16,30
03/13/2018 05:00:00 PM,49,16,33
03/13/2018 06:00:00 PM,40,13,27
03/13/2018 07:00:00 PM,14,6,8
03/13/2018 08:00:00 PM,17,8,9
03/13/2018 09:00:00 PM,7,3,4
03/13/2018 10:00:00 PM,4,1,3
03/13/2018 11:00:00 PM,0,0,0
03/14/2018 12:00:00 AM,1,1,0
03/14/2018 01:00:00 AM,4,1,3
03/14/2018 02:00:00 AM,2,1,1
03/14/2018 03:00:00 AM,1,1,0
03/14/2018 04:00:00 AM,0,0,0
03/14/2018 05:00:00 AM,19,3,16
03/14/2018 06:00:00 AM,21,2,19
03/14/2018 07:00:00 AM,62,6,56
03/14/2018 08:00:00 AM,94,12,82
03/14/2018 09:00:00 AM,39,9,30
03/14/2018 10:00:00 AM,24,1,23
03/14/2018 11:00:00 AM,19,6,13
03/14/2018 12:00:00 PM,23,10,13
03/14/2018 01:00:00 PM,22,9,13
03/14/2018 02:00:00 PM,27,7,20
03/14/2018 03:00:00 PM,36,14,22
03/14/2018 04:00:00 PM,64,21,43
03/14/2018 05:00:00 PM,80,35,45
03/14/2018 06:00:00 PM,37,16,21
03/14/2018 07:00:00 PM,24,8,16
03/14/2018 08:00:00 PM,23,12,11
03/14/2018 09:00:00 PM,12,9,3
03/14/2018 10:00:00 PM,8,5,3
03/14/2018 11:00:00 PM,2,0,2
03/15/2018 12:00:00 AM,2,1,1
03/15/2018 01:00:00 AM,8,5,3
03/15/2018 02:00:00 AM,2,1,1
03/15/2018 03:00:00 AM,1,1,0
03/15/2018 04:00:00 AM,2,1,1
03/15/2018 05:00:00 AM,19,4,15
03/15/2018 06:00:00 AM,23,0,23
03/15/2018 07:00:00 AM,68,7,61
03/15/2018 08:00:00 AM,123,17,106
03/15/2018 09:00:00 AM,60,11,49
03/15/2018 10:00:00 AM,30,9,21
03/15/2018 11:00:00 AM,22,2,20
03/15/2018 12:00:00 PM,33,11,22
03/15/2018 01:00:00 PM,26,12,14
03/15/2018 02:00:00 PM,31,11,20
03/15/2018 03:00:00 PM,49,13,36
03/15/2018 04:00:00 PM,76,32,44
03/15/2018 05:00:00 PM,93,31,62
03/15/2018 06:00:00 PM,41,15,26
03/15/2018 07:00:00 PM,26,12,14
03/15/2018 08:00:00 PM,26,11,15
03/15/2018 09:00:00 PM,10,5,5
03/15/2018 10:00:00 PM,7,3,4
03/15/2018 11:00:00 PM,4,1,3
03/16/2018 12:00:00 AM,6,5,1
03/16/2018 01:00:00 AM,5,4,1
03/16/2018 02:00:00 AM,1,1,0
03/16/2018 03:00:00 AM,3,3,0
03/16/2018 04:00:00 AM,1,0,1
03/16/2018 05:00:00 AM,17,4,13
03/16/2018 06:00:00 AM,25,6,19
03/16/2018 07:00:00 AM,71,4,67
03/16/2018 08:00:00 AM,99,12,87
03/16/2018 09:00:00 AM,55,12,43
03/16/2018 10:00:00 AM,28,7,21
03/16/2018 11:00:00 AM,23,7,16
03/16/2018 12:00:00 PM,34,13,21
03/16/2018 01:00:00 PM,45,26,19
03/16/2018 02:00:00 PM,32,8,24
03/16/2018 03:00:00 PM,44,8,36
03/16/2018 04:00:00 PM,74,25,49
03/16/2018 05:00:00 PM,83,20,63
03/16/2018 06:00:00 PM,43,13,30
03/16/2018 07:00:00 PM,30,12,18
03/16/2018 08:00:00 PM,21,10,11
03/16/2018 09:00:00 PM,28,13,15
03/16/2018 10:00:00 PM,13,7,6
03/16/2018 11:00:00 PM,16,7,9
03/17/2018 12:00:00 AM,7,4,3
03/17/2018 01:00:00 AM,3,0,3
03/17/2018 02:00:00 AM,5,1,4
03/17/2018 03:00:00 AM,2,0,2
03/17/2018 04:00:00 AM,1,0,1
03/17/2018 05:00:00 AM,3,0,3
03/17/2018 06:00:00 AM,1,0,1
03/17/2018 07:00:00 AM,5,1,4
03/17/2018 08:00:00 AM,8,2,6
03/17/2018 09:00:00 AM,26,8,18
03/17/2018 10:00:00 AM,25,8,17
03/17/2018 11:00:00 AM,29,5,24
03/17/2018 12:00:00 PM,44,7,37
03/17/2018 01:00:00 PM,52,22,30
03/17/2018 02:00:00 PM,26,7,19
03/17/2018 03:00:00 PM,36,19,17
03/17/2018 04:00:00 PM,18,11,7
03/17/2018 05:00:00 PM,22,7,15
03/17/2018 06:00:00 PM,22,4,18
03/17/2018 07:00:00 PM,19,8,11
03/17/2018 08:00:00 PM,13,10,3
03/17/2018 09:00:00 PM,10,1,9
03/17/2018 10:00:00 PM,7,5,2
03/17/2018 11:00:00 PM,9,4,5
03/18/2018 12:00:00 AM,9,2,7
03/18/2018 01:00:00 AM,5,4,1
03/18/2018 02:00:00 AM,3,3,0
03/18/2018 03:00:00 AM,0,0,0
03/18/2018 04:00:00 AM,0,0,0
03/18/2018 05:00:00 AM,2,0,2
03/18/2018 06:00:00 AM,3,1,2
03/18/2018 07:00:00 AM,7,2,5
03/18/2018 08:00:00 AM,14,6,8
03/18/2018 09:00:00 AM,14,6,8
03/18/2018 10:00:00 AM,16,4,12
03/18/2018 11:00:00 AM,21,3,18
03/18/2018 12:00:00 PM,20,7,13
03/18/2018 01:00:00 PM,17,8,9
03/18/2018 02:00:00 PM,26,10,16
03/18/2018 03:00:00 PM,45,10,35
03/18/2018 04:00:00 PM,40,14,26
03/18/2018 05:00:00 PM,42,16,26
03/18/2018 06:00:00 PM,24,11,13
03/18/2018 07:00:00 PM,14,6,8
03/18/2018 08:00:00 PM,15,4,11
03/18/2018 09:00:00 PM,14,10,4
03/18/2018 10:00:00 PM,3,0,3
03/18/2018 11:00:00 PM,7,3,4
03/19/2018 12:00:00 AM,6,3,3
03/19/2018 01:00:00 AM,4,4,0
03/19/2018 02:00:00 AM,3,3,0
03/19/2018 03:00:00 AM,0,0,0
03/19/2018 04:00:00 AM,3,0,3
03/19/2018 05:00:00 AM,21,3,18
03/19/2018 06:00:00 AM,27,2,25
03/19/2018 07:00:00 AM,74,3,71
03/19/2018 08:00:00 AM,129,17,112
03/19/2018 09:00:00 AM,52,6,46
03/19/2018 10:00:00 AM,28,8,20
03/19/2018 11:00:00 AM,23,8,15
03/19/2018 12:00:00 PM,33,13,20
03/19/2018 01:00:00 PM,36,10,26
03/19/2018 02:00:00 PM,33,8,25
03/19/2018 03:00:00 PM,38,16,22
03/19/2018 04:00:00 PM,73,21,52
03/19/2018 05:00:00 PM,92,29,63
03/19/2018 06:00:00 PM,55,16,39
03/19/2018 07:00:00 PM,34,23,11
03/19/2018 08:00:00 PM,19,7,12
03/19/2018 09:00:00 PM,14,4,10
03/19/2018 10:00:00 PM,10,2,8
03/19/2018 11:00:00 PM,4,3,1
03/20/2018 12:00:00 AM,5,2,3
03/20/2018 01:00:00 AM,6,5,1
03/20/2018 02:00:00 AM,0,0,0
03/20/2018 03:00:00 AM,1,1,0
03/20/2018 04:00:00 AM,2,1,1
03/20/2018 05:00:00 AM,18,3,15
03/20/2018 06:00:00 AM,24,4,20
03/20/2018 07:00:00 AM,97,11,86
03/20/2018 08:00:00 AM,132,15,117
03/20/2018 09:00:00 AM,47,9,38
03/20/2018 10:00:00 AM,38,7,31
03/20/2018 11:00:00 AM,26,6,20
03/20/2018 12:00:00 PM,23,6,17
03/20/2018 01:00:00 PM,32,15,17
03/20/2018 02:00:00 PM,23,10,13
03/20/2018 03:00:00 PM,44,20,24
03/20/2018 04:00:00 PM,82,27,55
03/20/2018 05:00:00 PM,90,32,58
03/20/2018 06:00:00 PM,47,11,36
03/20/2018 07:00:00 PM,35,14,21
03/20/2018 08:00:00 PM,23,8,15
03/20/2018 09:00:00 PM,12,6,6
03/20/2018 10:00:00 PM,4,2,2
03/20/2018 11:00:00 PM,8,0,8
03/21/2018 12:00:00 AM,3,2,1
03/21/2018 01:00:00 AM,5,2,3
03/21/2018 02:00:00 AM,2,1,1
03/21/2018 03:00:00 AM,2,2,0
03/21/2018 04:00:00 AM,3,1,2
03/21/2018 05:00:00 AM,17,2,15
03/21/2018 06:00:00 AM,21,2,19
03/21/2018 07:00:00 AM,87,4,83
03/21/2018 08:00:00 AM,112,14,98
03/21/2018 09:00:00 AM,56,7,49
03/21/2018 10:00:00 AM,21,4,17
03/21/2018 11:00:00 AM,22,9,13
03/21/2018 12:00:00 PM,21,2,19
03/21/2018 01:00:00 PM,24,5,19
03/21/2018 02:00:00 PM,30,8,22
03/21/2018 03:00:00 PM,41,16,25
03/21/2018 04:00:00 PM,77,28,49
03/21/2018 05:00:00 PM,76,20,56
03/21/2018 06:00:00 PM,22,5,17
03/21/2018 07:00:00 PM,24,13,11
03/21/2018 08:00:00 PM,23,8,15
03/21/2018 09:00:00 PM,12,4,8
03/21/2018 10:00:00 PM,5,3,2
03/21/2018 11:00:00 PM,4,2,2
03/22/2018 12:00:00 AM,4,2,2
03/22/2018 01:00:00 AM,1,1,0
03/22/2018 02:00:00 AM,0,0,0
03/22/2018 03:00:00 AM,1,1,0
03/22/2018 04:00:00 AM,0,0,0
03/22/2018 05:00:00 AM,13,2,11
03/22/2018 06:00:00 AM,14,2,12
03/22/2018 07:00:00 AM,39,2,37
03/22/2018 08:00:00 AM,56,8,48
03/22/2018 09:00:00 AM,19,6,13
03/22/2018 10:00:00 AM,9,1,8
03/22/2018 11:00:00 AM,10,3,7
03/22/2018 12:00:00 PM,13,5,8
03/22/2018 01:00:00 PM,16,7,9
03/22/2018 02:00:00 PM,19,4,15
03/22/2018 03:00:00 PM,26,10,16
03/22/2018 04:00:00 PM,40,13,27
03/22/2018 05:00:00 PM,54,12,42
03/22/2018 06:00:00 PM,37,12,25
03/22/2018 07:00:00 PM,15,5,10
03/22/2018 08:00:00 PM,14,4,10
03/22/2018 09:00:00 PM,10,7,3
03/22/2018 10:00:00 PM,7,4,3
03/22/2018 11:00:00 PM,6,3,3
03/23/2018 12:00:00 AM,2,2,0
03/23/2018 01:00:00 AM,1,1,0
03/23/2018 02:00:00 AM,0,0,0
03/23/2018 03:00:00 AM,0,0,0
03/23/2018 04:00:00 AM,0,0,0
03/23/2018 05:00:00 AM,11,2,9
03/23/2018 06:00:00 AM,20,0,20
03/23/2018 07:00:00 AM,40,2,38
03/23/2018 08:00:00 AM,55,5,50
03/23/2018 09:00:00 AM,22,5,17
03/23/2018 10:00:00 AM,8,2,6
03/23/2018 11:00:00 AM,11,4,7
03/23/2018 12:00:00 PM,15,4,11
03/23/2018 01:00:00 PM,18,6,12
03/23/2018 02:00:00 PM,21,8,13
03/23/2018 03:00:00 PM,29,11,18
03/23/2018 04:00:00 PM,47,18,29
03/23/2018 05:00:00 PM,45,10,35
03/23/2018 06:00:00 PM,24,8,16
03/23/2018 07:00:00 PM,12,4,8
03/23/2018 08:00:00 PM,10,4,6
03/23/2018 09:00:00 PM,8,2,6
03/23/2018 10:00:00 PM,13,8,5
03/23/2018 11:00:00 PM,6,5,1
03/24/2018 12:00:00 AM,4,1,3
03/24/2018 01:00:00 AM,7,5,2
03/24/2018 02:00:00 AM,3,2,1
03/24/2018 03:00:00 AM,0,0,0
03/24/2018 04:00:00 AM,0,0,0
03/24/2018 05:00:00 AM,1,0,1
03/24/2018 06:00:00 AM,0,0,0
03/24/2018 07:00:00 AM,2,1,1
03/24/2018 08:00:00 AM,6,1,5
03/24/2018 09:00:00 AM,17,3,14
03/24/2018 10:00:00 AM,14,6,8
03/24/2018 11:00:00 AM,19,6,13
03/24/2018 12:00:00 PM,45,15,30
03/24/2018 01:00:00 PM,27,10,17
03/24/2018 02:00:00 PM,45,10,35
03/24/2018 03:00:00 PM,35,10,25
03/24/2018 04:00:00 PM,31,12,19
03/24/2018 05:00:00 PM,23,8,15
03/24/2018 06:00:00 PM,31,11,20
03/24/2018 07:00:00 PM,16,9,7
03/24/2018 08:00:00 PM,12,3,9
03/24/2018 09:00:00 PM,15,9,6
03/24/2018 10:00:00 PM,13,7,6
03/24/2018 11:00:00 PM,6,3,3
03/25/2018 12:00:00 AM,5,3,2
03/25/2018 01:00:00 AM,100,57,43
03/25/2018 02:00:00 AM,6,3,3
03/25/2018 03:00:00 AM,0,0,0
03/25/2018 04:00:00 AM,1,1,0
03/25/2018 05:00:00 AM,2,0,2
03/25/2018 06:00:00 AM,2,0,2
03/25/2018 07:00:00 AM,7,2,5
03/25/2018 08:00:00 AM,9,3,6
03/25/2018 09:00:00 AM,7,2,5
03/25/2018 10:00:00 AM,7,2,5
03/25/2018 11:00:00 AM,17,4,13
03/25/2018 12:00:00 PM,34,11,23
03/25/2018 01:00:00 PM,30,11,19
03/25/2018 02:00:00 PM,27,12,15
03/25/2018 03:00:00 PM,30,6,24
03/25/2018 04:00:00 PM,24,12,12
03/25/2018 05:00:00 PM,31,13,18
03/25/2018 06:00:00 PM,17,2,15
03/25/2018 07:00:00 PM,17,7,10
03/25/2018 08:00:00 PM,17,6,11
03/25/2018 09:00:00 PM,7,2,5
03/25/2018 10:00:00 PM,5,1,4
03/25/2018 11:00:00 PM,7,5,2
03/26/2018 12:00:00 AM,2,1,1
03/26/2018 01:00:00 AM,0,0,0
03/26/2018 02:00:00 AM,1,1,0
03/26/2018 03:00:00 AM,1,1,0
03/26/2018 04:00:00 AM,2,0,2
03/26/2018 05:00:00 AM,12,1,11
03/26/2018 06:00:00 AM,18,1,17
03/26/2018 07:00:00 AM,48,3,45
03/26/2018 08:00:00 AM,75,8,67
03/26/2018 09:00:00 AM,40,6,34
03/26/2018 10:00:00 AM,17,2,15
03/26/2018 11:00:00 AM,15,4,11
03/26/2018 12:00:00 PM,9,1,8
03/26/2018 01:00:00 PM,18,12,6
03/26/2018 02:00:00 PM,23,5,18
03/26/2018 03:00:00 PM,25,9,16
03/26/2018 04:00:00 PM,48,15,33
03/26/2018 05:00:00 PM,53,20,33
03/26/2018 06:00:00 PM,30,11,19
03/26/2018 07:00:00 PM,22,8,14
03/26/2018 08:00:00 PM,9,3,6
03/26/2018 09:00:00 PM,10,5,5
03/26/2018 10:00:00 PM,4,2,2
03/26/2018 11:00:00 PM,4,0,4
03/27/2018 12:00:00 AM,4,1,3
03/27/2018 01:00:00 AM,4,3,1
03/27/2018 02:00:00 AM,0,0,0
03/27/2018 03:00:00 AM,1,1,0
03/27/2018 04:00:00 AM,2,1,1
03/27/2018 05:00:00 AM,12,2,10
03/27/2018 06:00:00 AM,21,3,18
03/27/2018 07:00:00 AM,65,5,60
03/27/2018 08:00:00 AM,93,13,80
03/27/2018 09:00:00 AM,38,5,33
03/27/2018 10:00:00 AM,27,9,18
03/27/2018 11:00:00 AM,23,5,18
03/27/2018 12:00:00 PM,18,4,14
03/27/2018 01:00:00 PM,23,8,15
03/27/2018 02:00:00 PM,21,9,12
03/27/2018 03:00:00 PM,40,11,29
03/27/2018 04:00:00 PM,69,18,51
03/27/2018 05:00:00 PM,76,25,51
03/27/2018 06:00:00 PM,44,16,28
03/27/2018 07:00:00 PM,25,14,11
03/27/2018 08:00:00 PM,16,8,8
03/27/2018 09:00:00 PM,12,4,8
03/27/2018 10:00:00 PM,9,5,4
03/27/2018 11:00:00 PM,6,3,3
03/28/2018 12:00:00 AM,2,1,1
03/28/2018 01:00:00 AM,3,2,1
03/28/2018 02:00:00 AM,0,0,0
03/28/2018 03:00:00 AM,0,0,0
03/28/2018 04:00:00 AM,0,0,0
03/28/2018 05:00:00 AM,19,2,17
03/28/2018 06:00:00 AM,23,2,21
03/28/2018 07:00:00 AM,75,4,71
03/28/2018 08:00:00 AM,89,10,79
03/28/2018 09:00:00 AM,69,10,59
03/28/2018 10:00:00 AM,29,3,26
03/28/2018 11:00:00 AM,25,8,17
03/28/2018 12:00:00 PM,24,10,14
03/28/2018 01:00:00 PM,32,14,18
03/28/2018 02:00:00 PM,28,8,20
03/28/2018 03:00:00 PM,35,16,19
03/28/2018 04:00:00 PM,87,28,59
03/28/2018 05:00:00 PM,85,30,55
03/28/2018 06:00:00 PM,64,28,36
03/28/2018 07:00:00 PM,27,8,19
03/28/2018 08:00:00 PM,24,5,19
03/28/2018 09:00:00 PM,18,9,9
03/28/2018 10:00:00 PM,5,2,3
03/28/2018 11:00:00 PM,6,4,2
03/29/2018 12:00:00 AM,4,0,4
03/29/2018 01:00:00 AM,1,0,1
03/29/2018 02:00:00 AM,0,0,0
03/29/2018 03:00:00 AM,0,0,0
03/29/2018 04:00:00 AM,1,1,0
03/29/2018 05:00:00 AM,13,1,12
03/29/2018 06:00:00 AM,24,4,20
03/29/2018 07:00:00 AM,61,10,51
03/29/2018 08:00:00 AM,117,17,100
03/29/2018 09:00:00 AM,38,4,34
03/29/2018 10:00:00 AM,21,4,17
03/29/2018 11:00:00 AM,20,6,14
03/29/2018 12:00:00 PM,29,5,24
03/29/2018 01:00:00 PM,31,12,19
03/29/2018 02:00:00 PM,34,8,26
03/29/2018 03:00:00 PM,38,14,24
03/29/2018 04:00:00 PM,64,18,46
03/29/2018 05:00:00 PM,101,20,81
03/29/2018 06:00:00 PM,55,16,39
03/29/2018 07:00:00 PM,30,12,18
03/29/2018 08:00:00 PM,18,8,10
03/29/2018 09:00:00 PM,17,4,13
03/29/2018 10:00:00 PM,17,13,4
03/29/2018 11:00:00 PM,20,11,9
03/30/2018 12:00:00 AM,5,4,1
03/30/2018 01:00:00 AM,5,2,3
03/30/2018 02:00:00 AM,2,2,0
03/30/2018 03:00:00 AM,0,0,0
03/30/2018 04:00:00 AM,0,0,0
03/30/2018 05:00:00 AM,13,2,11
03/30/2018 06:00:00 AM,20,3,17
03/30/2018 07:00:00 AM,60,8,52
03/30/2018 08:00:00 AM,100,13,87
03/30/2018 09:00:00 AM,53,5,48
03/30/2018 10:00:00 AM,12,4,8
03/30/2018 11:00:00 AM,17,4,13
03/30/2018 12:00:00 PM,35,14,21
03/30/2018 01:00:00 PM,27,10,17
03/30/2018 02:00:00 PM,33,5,28
03/30/2018 03:00:00 PM,46,11,35
03/30/2018 04:00:00 PM,97,22,75
03/30/2018 05:00:00 PM,63,20,43
03/30/2018 06:00:00 PM,43,12,31
03/30/2018 07:00:00 PM,35,12,23
03/30/2018 08:00:00 PM,12,5,7
03/30/2018 09:00:00 PM,4,1,3
03/30/2018 10:00:00 PM,11,3,8
03/30/2018 11:00:00 PM,13,6,7
03/31/2018 12:00:00 AM,10,4,6
03/31/2018 01:00:00 AM,15,7,8
03/31/2018 02:00:00 AM,1,0,1
03/31/2018 03:00:00 AM,2,1,1
03/31/2018 04:00:00 AM,0,0,0
03/31/2018 05:00:00 AM,4,2,2
03/31/2018 06:00:00 AM,4,1,3
03/31/2018 07:00:00 AM,6,2,4
03/31/2018 08:00:00 AM,12,4,8
03/31/2018 09:00:00 AM,17,2,15
03/31/2018 10:00:00 AM,19,0,19
03/31/2018 11:00:00 AM,41,13,28
03/31/2018 12:00:00 PM,40,8,32
03/31/2018 01:00:00 PM,39,9,30
03/31/2018 02:00:00 PM,37,20,17
03/31/2018 03:00:00 PM,46,15,31
03/31/2018 04:00:00 PM,33,14,19
03/31/2018 05:00:00 PM,54,19,35
03/31/2018 06:00:00 PM,40,6,34
03/31/2018 07:00:00 PM,23,13,10
03/31/2018 08:00:00 PM,18,8,10
03/31/2018 09:00:00 PM,13,7,6
03/31/2018 10:00:00 PM,16,8,8
03/31/2018 11:00:00 PM,10,3,7
04/01/2018 12:00:00 AM,11,6,5
04/01/2018 01:00:00 AM,10,6,4
04/01/2018 02:00:00 AM,6,5,1
04/01/2018 03:00:00 AM,1,1,0
04/01/2018 04:00:00 AM,0,0,0
04/01/2018 05:00:00 AM,2,0,2
04/01/2018 06:00:00 AM,4,1,3
04/01/2018 07:00:00 AM,4,0,4
04/01/2018 08:00:00 AM,4,0,4
04/01/2018 09:00:00 AM,1,0,1
04/01/2018 10:00:00 AM,10,5,5
04/01/2018 11:00:00 AM,14,1,13
04/01/2018 12:00:00 PM,15,2,13
04/01/2018 01:00:00 PM,9,3,6
04/01/2018 02:00:00 PM,20,2,18
04/01/2018 03:00:00 PM,11,7,4
04/01/2018 04:00:00 PM,9,4,5
04/01/2018 05:00:00 PM,21,10,11
04/01/2018 06:00:00 PM,18,8,10
04/01/2018 07:00:00 PM,8,5,3
04/01/2018 08:00:00 PM,7,2,5
04/01/2018 09:00:00 PM,1,1,0
04/01/2018 10:00:00 PM,2,0,2
04/01/2018 11:00:00 PM,2,1,1
04/02/2018 12:00:00 AM,3,2,1
04/02/2018 01:00:00 AM,1,1,0
04/02/2018 02:00:00 AM,0,0,0
04/02/2018 03:00:00 AM,1,1,0
04/02/2018 04:00:00 AM,1,0,1
04/02/2018 05:00:00 AM,14,2,12
04/02/2018 06:00:00 AM,24,3,21
04/02/2018 07:00:00 AM,76,9,67
04/02/2018 08:00:00 AM,123,17,106
04/02/2018 09:00:00 AM,51,6,45
04/02/2018 10:00:00 AM,22,6,16
04/02/2018 11:00:00 AM,28,4,24
04/02/2018 12:00:00 PM,25,6,19
04/02/2018 01:00:00 PM,14,7,7
04/02/2018 02:00:00 PM,32,11,21
04/02/2018 03:00:00 PM,49,13,36
04/02/2018 04:00:00 PM,64,19,45
04/02/2018 05:00:00 PM,92,28,64
04/02/2018 06:00:00 PM,43,17,26
04/02/2018 07:00:00 PM,24,7,17
04/02/2018 08:00:00 PM,13,5,8
04/02/2018 09:00:00 PM,12,3,9
04/02/2018 10:00:00 PM,8,2,6
04/02/2018 11:00:00 PM,2,1,1
04/03/2018 12:00:00 AM,5,2,3
04/03/2018 01:00:00 AM,3,3,0
04/03/2018 02:00:00 AM,1,0,1
04/03/2018 03:00:00 AM,1,1,0
04/03/2018 04:00:00 AM,2,0,2
04/03/2018 05:00:00 AM,21,2,19
04/03/2018 06:00:00 AM,31,7,24
04/03/2018 07:00:00 AM,83,9,74
04/03/2018 08:00:00 AM,112,16,96
04/03/2018 09:00:00 AM,48,7,41
04/03/2018 10:00:00 AM,17,2,15
04/03/2018 11:00:00 AM,15,5,10
04/03/2018 12:00:00 PM,27,8,19
04/03/2018 01:00:00 PM,18,8,10
04/03/2018 02:00:00 PM,18,6,12
04/03/2018 03:00:00 PM,45,16,29
04/03/2018 04:00:00 PM,66,17,49
04/03/2018 05:00:00 PM,74,25,49
04/03/2018 06:00:00 PM,46,15,31
04/03/2018 07:00:00 PM,19,6,13
04/03/2018 08:00:00 PM,20,13,7
04/03/2018 09:00:00 PM,9,5,4
04/03/2018 10:00:00 PM,6,2,4
04/03/2018 11:00:00 PM,10,5,5
04/04/2018 12:00:00 AM,8,2,6
04/04/2018 01:00:00 AM,5,3,2
04/04/2018 02:00:00 AM,0,0,0
04/04/2018 03:00:00 AM,1,1,0
04/04/2018 04:00:00 AM,0,0,0
04/04/2018 05:00:00 AM,17,2,15
04/04/2018 06:00:00 AM,17,3,14
04/04/2018 07:00:00 AM,45,8,37
04/04/2018 08:00:00 AM,76,13,63
04/04/2018 09:00:00 AM,41,7,34
04/04/2018 10:00:00 AM,13,4,9
04/04/2018 11:00:00 AM,14,4,10
04/04/2018 12:00:00 PM,12,5,7
04/04/2018 01:00:00 PM,13,4,9
04/04/2018 02:00:00 PM,13,2,11
04/04/2018 03:00:00 PM,29,9,20
04/04/2018 04:00:00 PM,43,11,32
04/04/2018 05:00:00 PM,51,12,39
04/04/2018 06:00:00 PM,33,14,19
04/04/2018 07:00:00 PM,13,6,7
04/04/2018 08:00:00 PM,10,5,5
04/04/2018 09:00:00 PM,9,5,4
04/04/2018 10:00:00 PM,4,1,3
04/04/2018 11:00:00 PM,2,1,1
04/05/2018 12:00:00 AM,1,1,0
04/05/2018 01:00:00 AM,1,0,1
04/05/2018 02:00:00 AM,1,0,1
04/05/2018 03:00:00 AM,0,0,0
04/05/2018 04:00:00 AM,0,0,0
04/05/2018 05:00:00 AM,12,0,12
04/05/2018 06:00:00 AM,18,1,17
04/05/2018 07:00:00 AM,58,6,52
04/05/2018 08:00:00 AM,72,13,59
04/05/2018 09:00:00 AM,38,2,36
04/05/2018 10:00:00 AM,11,3,8
04/05/2018 11:00:00 AM,19,6,13
04/05/2018 12:00:00 PM,16,3,13
04/05/2018 01:00:00 PM,15,6,9
04/05/2018 02:00:00 PM,20,5,15
04/05/2018 03:00:00 PM,30,7,23
04/05/2018 04:00:00 PM,41,7,34
04/05/2018 05:00:00 PM,64,27,37
04/05/2018 06:00:00 PM,27,12,15
04/05/2018 07:00:00 PM,21,7,14
04/05/2018 08:00:00 PM,16,9,7
04/05/2018 09:00:00 PM,7,4,3
04/05/2018 10:00:00 PM,11,6,5
04/05/2018 11:00:00 PM,2,0,2
04/06/2018 12:00:00 AM,3,1,2
04/06/2018 01:00:00 AM,3,0,3
04/06/2018 02:00:00 AM,1,1,0
04/06/2018 03:00:00 AM,2,1,1
04/06/2018 04:00:00 AM,0,0,0
04/06/2018 05:00:00 AM,11,1,10
04/06/2018 06:00:00 AM,21,3,18
04/06/2018 07:00:00 AM,58,2,56
04/06/2018 08:00:00 AM,81,15,66
04/06/2018 09:00:00 AM,51,8,43
04/06/2018 10:00:00 AM,19,4,15
04/06/2018 11:00:00 AM,20,4,16
04/06/2018 12:00:00 PM,15,5,10
04/06/2018 01:00:00 PM,13,6,7
04/06/2018 02:00:00 PM,26,7,19
04/06/2018 03:00:00 PM,46,14,32
04/06/2018 04:00:00 PM,70,25,45
04/06/2018 05:00:00 PM,82,31,51
04/06/2018 06:00:00 PM,43,20,23
04/06/2018 07:00:00 PM,37,20,17
04/06/2018 08:00:00 PM,48,23,25
04/06/2018 09:00:00 PM,13,4,9
04/06/2018 10:00:00 PM,12,2,10
04/06/2018 11:00:00 PM,22,10,12
04/07/2018 12:00:00 AM,8,3,5
04/07/2018 01:00:00 AM,46,22,24
04/07/2018 02:00:00 AM,2,2,0
04/07/2018 03:00:00 AM,3,2,1
04/07/2018 04:00:00 AM,0,0,0
04/07/2018 05:00:00 AM,3,1,2
04/07/2018 06:00:00 AM,0,0,0
04/07/2018 07:00:00 AM,3,0,3
04/07/2018 08:00:00 AM,5,0,5
04/07/2018 09:00:00 AM,1,1,0
04/07/2018 10:00:00 AM,14,7,7
04/07/2018 11:00:00 AM,19,4,15
04/07/2018 12:00:00 PM,29,8,21
04/07/2018 01:00:00 PM,19,6,13
04/07/2018 02:00:00 PM,20,9,11
04/07/2018 03:00:00 PM,12,4,8
04/07/2018 04:00:00 PM,13,7,6
04/07/2018 05:00:00 PM,9,2,7
04/07/2018 06:00:00 PM,4,3,1
04/07/2018 07:00:00 PM,11,3,8
04/07/2018 08:00:00 PM,14,9,5
04/07/2018 09:00:00 PM,3,0,3
04/07/2018 10:00:00 PM,3,2,1
04/07/2018 11:00:00 PM,7,7,0
04/08/2018 12:00:00 AM,8,4,4
04/08/2018 01:00:00 AM,7,3,4
04/08/2018 02:00:00 AM,4,2,2
04/08/2018 03:00:00 AM,4,2,2
04/08/2018 04:00:00 AM,1,0,1
04/08/2018 05:00:00 AM,3,0,3
04/08/2018 06:00:00 AM,124,4,120
04/08/2018 07:00:00 AM,199,1,198
04/08/2018 08:00:00 AM,31,13,18
04/08/2018 09:00:00 AM,36,22,14
04/08/2018 10:00:00 AM,102,57,45
04/08/2018 11:00:00 AM,27,15,12
04/08/2018 12:00:00 PM,9,1,8
04/08/2018 01:00:00 PM,12,2,10
04/08/2018 02:00:00 PM,16,4,12
04/08/2018 03:00:00 PM,12,4,8
04/08/2018 04:00:00 PM,15,9,6
04/08/2018 05:00:00 PM,15,9,6
04/08/2018 06:00:00 PM,11,6,5
04/08/2018 07:00:00 PM,16,8,8
04/08/2018 08:00:00 PM,6,4,2
04/08/2018 09:00:00 PM,5,2,3
04/08/2018 10:00:00 PM,12,8,4
04/08/2018 11:00:00 PM,1,1,0
04/09/2018 12:00:00 AM,2,2,0
04/09/2018 01:00:00 AM,0,0,0
04/09/2018 02:00:00 AM,4,3,1
04/09/2018 03:00:00 AM,1,0,1
04/09/2018 04:00:00 AM,0,0,0
04/09/2018 05:00:00 AM,18,2,16
04/09/2018 06:00:00 AM,32,3,29
04/09/2018 07:00:00 AM,89,13,76
04/09/2018 08:00:00 AM,119,17,102
04/09/2018 09:00:00 AM,49,6,43
04/09/2018 10:00:00 AM,22,5,17
04/09/2018 11:00:00 AM,21,6,15
04/09/2018 12:00:00 PM,19,6,13
04/09/2018 01:00:00 PM,18,4,14
04/09/2018 02:00:00 PM,30,8,22
04/09/2018 03:00:00 PM,38,8,30
04/09/2018 04:00:00 PM,74,20,54
04/09/2018 05:00:00 PM,82,29,53
04/09/2018 06:00:00 PM,58,19,39
04/09/2018 07:00:00 PM,31,16,15
04/09/2018 08:00:00 PM,21,7,14
04/09/2018 09:00:00 PM,18,9,9
04/09/2018 10:00:00 PM,4,1,3
04/09/2018 11:00:00 PM,9,5,4
04/10/2018 12:00:00 AM,6,5,1
04/10/2018 01:00:00 AM,2,1,1
04/10/2018 02:00:00 AM,2,1,1
04/10/2018 03:00:00 AM,2,1,1
04/10/2018 04:00:00 AM,0,0,0
04/10/2018 05:00:00 AM,10,1,9
04/10/2018 06:00:00 AM,19,2,17
04/10/2018 07:00:00 AM,49,6,43
04/10/2018 08:00:00 AM,47,10,37
04/10/2018 09:00:00 AM,31,4,27
04/10/2018 10:00:00 AM,13,2,11
04/10/2018 11:00:00 AM,11,3,8
04/10/2018 12:00:00 PM,15,5,10
04/10/2018 01:00:00 PM,15,8,7
04/10/2018 02:00:00 PM,30,5,25
04/10/2018 03:00:00 PM,34,15,19
04/10/2018 04:00:00 PM,56,20,36
04/10/2018 05:00:00 PM,64,21,43
04/10/2018 06:00:00 PM,37,12,25
04/10/2018 07:00:00 PM,33,13,20
04/10/2018 08:00:00 PM,13,4,9
04/10/2018 09:00:00 PM,15,7,8
04/10/2018 10:00:00 PM,7,3,4
04/10/2018 11:00:00 PM,3,1,2
04/11/2018 12:00:00 AM,2,1,1
04/11/2018 01:00:00 AM,4,4,0
04/11/2018 02:00:00 AM,0,0,0
04/11/2018 03:00:00 AM,2,0,2
04/11/2018 04:00:00 AM,2,1,1
04/11/2018 05:00:00 AM,18,5,13
04/11/2018 06:00:00 AM,18,3,15
04/11/2018 07:00:00 AM,57,4,53
04/11/2018 08:00:00 AM,89,19,70
04/11/2018 09:00:00 AM,46,7,39
04/11/2018 10:00:00 AM,15,3,12
04/11/2018 11:00:00 AM,10,2,8
04/11/2018 12:00:00 PM,9,3,6
04/11/2018 01:00:00 PM,14,5,9
04/11/2018 02:00:00 PM,14,6,8
04/11/2018 03:00:00 PM,25,8,17
04/11/2018 04:00:00 PM,44,11,33
04/11/2018 05:00:00 PM,65,18,47
04/11/2018 06:00:00 PM,37,17,20
04/11/2018 07:00:00 PM,15,4,11
04/11/2018 08:00:00 PM,20,9,11
04/11/2018 09:00:00 PM,10,6,4
04/11/2018 10:00:00 PM,7,6,1
04/11/2018 11:00:00 PM,3,2,1
04/12/2018 12:00:00 AM,2,1,1
04/12/2018 01:00:00 AM,1,0,1
04/12/2018 02:00:00 AM,1,0,1
04/12/2018 03:00:00 AM,5,2,3
04/12/2018 04:00:00 AM,1,1,0
04/12/2018 05:00:00 AM,9,1,8
04/12/2018 06:00:00 AM,18,2,16
04/12/2018 07:00:00 AM,49,5,44
04/12/2018 08:00:00 AM,79,18,61
04/12/2018 09:00:00 AM,49,9,40
04/12/2018 10:00:00 AM,23,3,20
04/12/2018 11:00:00 AM,12,2,10
04/12/2018 12:00:00 PM,12,2,10
04/12/2018 01:00:00 PM,20,5,15
04/12/2018 02:00:00 PM,24,4,20
04/12/2018 03:00:00 PM,30,11,19
04/12/2018 04:00:00 PM,57,12,45
04/12/2018 05:00:00 PM,79,23,56
04/12/2018 06:00:00 PM,36,15,21
04/12/2018 07:00:00 PM,19,7,12
04/12/2018 08:00:00 PM,13,7,6
04/12/2018 09:00:00 PM,15,7,8
04/12/2018 10:00:00 PM,4,3,1
04/12/2018 11:00:00 PM,8,5,3
04/13/2018 12:00:00 AM,2,1,1
04/13/2018 01:00:00 AM,2,1,1
04/13/2018 02:00:00 AM,2,1,1
04/13/2018 03:00:00 AM,1,0,1
04/13/2018 04:00:00 AM,0,0,0
04/13/2018 05:00:00 AM,13,2,11
04/13/2018 06:00:00 AM,14,2,12
04/13/2018 07:00:00 AM,37,4,33
04/13/2018 08:00:00 AM,55,13,42
04/13/2018 09:00:00 AM,32,7,25
04/13/2018 10:00:00 AM,20,6,14
04/13/2018 11:00:00 AM,12,4,8
04/13/2018 12:00:00 PM,16,6,10
04/13/2018 01:00:00 PM,13,7,6
04/13/2018 02:00:00 PM,16,3,13
04/13/2018 03:00:00 PM,19,7,12
04/13/2018 04:00:00 PM,39,10,29
04/13/2018 05:00:00 PM,47,16,31
04/13/2018 06:00:00 PM,18,3,15
04/13/2018 07:00:00 PM,16,9,7
04/13/2018 08:00:00 PM,4,1,3
04/13/2018 09:00:00 PM,7,5,2
04/13/2018 10:00:00 PM,4,4,0
04/13/2018 11:00:00 PM,4,2,2
04/14/2018 12:00:00 AM,7,3,4
04/14/2018 01:00:00 AM,6,3,3
04/14/2018 02:00:00 AM,2,1,1
04/14/2018 03:00:00 AM,1,1,0
04/14/2018 04:00:00 AM,0,0,0
04/14/2018 05:00:00 AM,2,0,2
04/14/2018 06:00:00 AM,1,0,1
04/14/2018 07:00:00 AM,1,0,1
04/14/2018 08:00:00 AM,6,2,4
04/14/2018 09:00:00 AM,9,4,5
04/14/2018 10:00:00 AM,7,1,6
04/14/2018 11:00:00 AM,8,1,7
04/14/2018 12:00:00 PM,8,4,4
04/14/2018 01:00:00 PM,15,10,5
04/14/2018 02:00:00 PM,8,5,3
04/14/2018 03:00:00 PM,6,2,4
04/14/2018 04:00:00 PM,5,3,2
04/14/2018 05:00:00 PM,2,1,1
04/14/2018 06:00:00 PM,8,4,4
04/14/2018 07:00:00 PM,5,2,3
04/14/2018 08:00:00 PM,6,3,3
04/14/2018 09:00:00 PM,4,2,2
04/14/2018 10:00:00 PM,4,3,1
04/14/2018 11:00:00 PM,8,4,4
04/15/2018 12:00:00 AM,4,3,1
04/15/2018 01:00:00 AM,5,2,3
04/15/2018 02:00:00 AM,3,2,1
04/15/2018 03:00:00 AM,0,0,0
04/15/2018 04:00:00 AM,0,0,0
04/15/2018 05:00:00 AM,1,0,1
04/15/2018 06:00:00 AM,0,0,0
04/15/2018 07:00:00 AM,2,1,1
04/15/2018 08:00:00 AM,10,2,8
04/15/2018 09:00:00 AM,10,4,6
04/15/2018 10:00:00 AM,11,2,9
04/15/2018 11:00:00 AM,19,5,14
04/15/2018 12:00:00 PM,22,6,16
04/15/2018 01:00:00 PM,26,16,10
04/15/2018 02:00:00 PM,19,5,14
04/15/2018 03:00:00 PM,21,11,10
04/15/2018 04:00:00 PM,18,9,9
04/15/2018 05:00:00 PM,10,2,8
04/15/2018 06:00:00 PM,21,7,14
04/15/2018 07:00:00 PM,17,5,12
04/15/2018 08:00:00 PM,17,7,10
04/15/2018 09:00:00 PM,9,6,3
04/15/2018 10:00:00 PM,2,0,2
04/15/2018 11:00:00 PM,0,0,0
04/16/2018 12:00:00 AM,1,1,0
04/16/2018 01:00:00 AM,12,7,5
04/16/2018 02:00:00 AM,1,1,0
04/16/2018 03:00:00 AM,2,1,1
04/16/2018 04:00:00 AM,0,0,0
04/16/2018 05:00:00 AM,16,2,14
04/16/2018 06:00:00 AM,20,2,18
04/16/2018 07:00:00 AM,55,8,47
04/16/2018 08:00:00 AM,67,10,57
04/16/2018 09:00:00 AM,36,6,30
04/16/2018 10:00:00 AM,7,3,4
04/16/2018 11:00:00 AM,7,1,6
04/16/2018 12:00:00 PM,10,1,9
04/16/2018 01:00:00 PM,24,6,18
04/16/2018 02:00:00 PM,19,5,14
04/16/2018 03:00:00 PM,26,6,20
04/16/2018 04:00:00 PM,44,13,31
04/16/2018 05:00:00 PM,55,14,41
04/16/2018 06:00:00 PM,35,14,21
04/16/2018 07:00:00 PM,6,3,3
04/16/2018 08:00:00 PM,10,6,4
04/16/2018 09:00:00 PM,9,6,3
04/16/2018 10:00:00 PM,5,2,3
04/16/2018 11:00:00 PM,2,2,0
04/17/2018 12:00:00 AM,0,0,0
04/17/2018 01:00:00 AM,0,0,0
04/17/2018 02:00:00 AM,0,0,0
04/17/2018 03:00:00 AM,2,0,2
04/17/2018 04:00:00 AM,2,1,1
04/17/2018 05:00:00 AM,19,4,15
04/17/2018 06:00:00 AM,25,4,21
04/17/2018 07:00:00 AM,73,6,67
04/17/2018 08:00:00 AM,92,14,78
04/17/2018 09:00:00 AM,50,7,43
04/17/2018 10:00:00 AM,30,7,23
04/17/2018 11:00:00 AM,29,7,22
04/17/2018 12:00:00 PM,19,6,13
04/17/2018 01:00:00 PM,21,6,15
04/17/2018 02:00:00 PM,35,15,20
04/17/2018 03:00:00 PM,36,7,29
04/17/2018 04:00:00 PM,54,13,41
04/17/2018 05:00:00 PM,95,31,64
04/17/2018 06:00:00 PM,53,23,30
04/17/2018 07:00:00 PM,34,6,28
04/17/2018 08:00:00 PM,16,5,11
04/17/2018 09:00:00 PM,12,7,5
04/17/2018 10:00:00 PM,19,14,5
04/17/2018 11:00:00 PM,9,5,4
04/18/2018 12:00:00 AM,6,4,2
04/18/2018 01:00:00 AM,3,2,1
04/18/2018 02:00:00 AM,3,0,3
04/18/2018 03:00:00 AM,1,0,1
04/18/2018 04:00:00 AM,5,2,3
04/18/2018 05:00:00 AM,20,2,18
04/18/2018 06:00:00 AM,22,3,19
04/18/2018 07:00:00 AM,91,11,80
04/18/2018 08:00:00 AM,130,16,114
04/18/2018 09:00:00 AM,51,13,38
04/18/2018 10:00:00 AM,17,3,14
04/18/2018 11:00:00 AM,15,4,11
04/18/2018 12:00:00 PM,23,5,18
04/18/2018 01:00:00 PM,27,14,13
04/18/2018 02:00:00 PM,31,8,23
04/18/2018 03:00:00 PM,60,25,35
04/18/2018 04:00:00 PM,81,29,52
04/18/2018 05:00:00 PM,81,23,58
04/18/2018 06:00:00 PM,56,22,34
04/18/2018 07:00:00 PM,32,18,14
04/18/2018 08:00:00 PM,18,11,7
04/18/2018 09:00:00 PM,20,8,12
04/18/2018 10:00:00 PM,14,11,3
04/18/2018 11:00:00 PM,16,10,6
04/19/2018 12:00:00 AM,2,2,0
04/19/2018 01:00:00 AM,1,0,1
04/19/2018 02:00:00 AM,0,0,0
04/19/2018 03:00:00 AM,1,0,1
04/19/2018 04:00:00 AM,3,1,2
04/19/2018 05:00:00 AM,15,2,13
04/19/2018 06:00:00 AM,31,3,28
04/19/2018 07:00:00 AM,103,9,94
04/19/2018 08:00:00 AM,148,20,128
04/19/2018 09:00:00 AM,71,16,55
04/19/2018 10:00:00 AM,31,8,23
04/19/2018 11:00:00 AM,44,15,29
04/19/2018 12:00:00 PM,43,12,31
04/19/2018 01:00:00 PM,27,10,17
04/19/2018 02:00:00 PM,46,19,27
04/19/2018 03:00:00 PM,52,21,31
04/19/2018 04:00:00 PM,79,28,51
04/19/2018 05:00:00 PM,115,42,73
04/19/2018 06:00:00 PM,70,22,48
04/19/2018 07:00:00 PM,31,15,16
04/19/2018 08:00:00 PM,26,13,13
04/19/2018 09:00:00 PM,15,10,5
04/19/2018 10:00:00 PM,8,3,5
04/19/2018 11:00:00 PM,8,6,2
04/20/2018 12:00:00 AM,5,4,1
04/20/2018 01:00:00 AM,6,5,1
04/20/2018 02:00:00 AM,4,4,0
04/20/2018 03:00:00 AM,3,1,2
04/20/2018 04:00:00 AM,1,0,1
04/20/2018 05:00:00 AM,16,2,14
04/20/2018 06:00:00 AM,24,2,22
04/20/2018 07:00:00 AM,74,6,68
04/20/2018 08:00:00 AM,124,16,108
04/20/2018 09:00:00 AM,60,14,46
04/20/2018 10:00:00 AM,28,7,21
04/20/2018 11:00:00 AM,34,10,24
04/20/2018 12:00:00 PM,40,9,31
04/20/2018 01:00:00 PM,32,8,24
04/20/2018 02:00:00 PM,35,14,21
04/20/2018 03:00:00 PM,49,13,36
04/20/2018 04:00:00 PM,79,23,56
04/20/2018 05:00:00 PM,73,30,43
04/20/2018 06:00:00 PM,50,16,34
04/20/2018 07:00:00 PM,20,7,13
04/20/2018 08:00:00 PM,26,11,15
04/20/2018 09:00:00 PM,19,11,8
04/20/2018 10:00:00 PM,17,7,10
04/20/2018 11:00:00 PM,23,12,11
04/21/2018 12:00:00 AM,8,5,3
04/21/2018 01:00:00 AM,7,4,3
04/21/2018 02:00:00 AM,2,2,0
04/21/2018 03:00:00 AM,3,3,0
04/21/2018 04:00:00 AM,0,0,0
04/21/2018 05:00:00 AM,3,0,3
04/21/2018 06:00:00 AM,2,0,2
04/21/2018 07:00:00 AM,6,1,5
04/21/2018 08:00:00 AM,16,5,11
04/21/2018 09:00:00 AM,22,6,16
04/21/2018 10:00:00 AM,20,4,16
04/21/2018 11:00:00 AM,51,9,42
04/21/2018 12:00:00 PM,40,15,25
04/21/2018 01:00:00 PM,40,13,27
04/21/2018 02:00:00 PM,35,7,28
04/21/2018 03:00:00 PM,22,15,7
04/21/2018 04:00:00 PM,32,18,14
04/21/2018 05:00:00 PM,25,13,12
04/21/2018 06:00:00 PM,32,13,19
04/21/2018 07:00:00 PM,30,14,16
04/21/2018 08:00:00 PM,22,10,12
04/21/2018 09:00:00 PM,22,7,15
04/21/2018 10:00:00 PM,13,7,6
04/21/2018 11:00:00 PM,12,3,9
04/22/2018 12:00:00 AM,6,3,3
04/22/2018 01:00:00 AM,6,3,3
04/22/2018 02:00:00 AM,6,1,5
04/22/2018 03:00:00 AM,1,1,0
04/22/2018 04:00:00 AM,3,1,2
04/22/2018 05:00:00 AM,2,0,2
04/22/2018 06:00:00 AM,11,2,9
04/22/2018 07:00:00 AM,17,2,15
04/22/2018 08:00:00 AM,15,2,13
04/22/2018 09:00:00 AM,20,2,18
04/22/2018 10:00:00 AM,18,5,13
04/22/2018 11:00:00 AM,45,13,32
04/22/2018 12:00:00 PM,57,9,48
04/22/2018 01:00:00 PM,42,20,22
04/22/2018 02:00:00 PM,42,15,27
04/22/2018 03:00:00 PM,53,26,27
04/22/2018 04:00:00 PM,42,24,18
04/22/2018 05:00:00 PM,32,19,13
04/22/2018 06:00:00 PM,19,10,9
04/22/2018 07:00:00 PM,18,3,15
04/22/2018 08:00:00 PM,11,5,6
04/22/2018 09:00:00 PM,12,4,8
04/22/2018 10:00:00 PM,6,2,4
04/22/2018 11:00:00 PM,5,3,2
04/23/2018 12:00:00 AM,4,1,3
04/23/2018 01:00:00 AM,1,0,1
04/23/2018 02:00:00 AM,0,0,0
04/23/2018 03:00:00 AM,0,0,0
04/23/2018 04:00:00 AM,2,0,2
04/23/2018 05:00:00 AM,18,4,14
04/23/2018 06:00:00 AM,41,3,38
04/23/2018 07:00:00 AM,86,8,78
04/23/2018 08:00:00 AM,162,21,141
04/23/2018 09:00:00 AM,65,7,58
04/23/2018 10:00:00 AM,19,3,16
04/23/2018 11:00:00 AM,25,7,18
04/23/2018 12:00:00 PM,30,4,26
04/23/2018 01:00:00 PM,30,13,17
04/23/2018 02:00:00 PM,30,6,24
04/23/2018 03:00:00 PM,45,14,31
04/23/2018 04:00:00 PM,89,31,58
04/23/2018 05:00:00 PM,116,46,70
04/23/2018 06:00:00 PM,51,18,33
04/23/2018 07:00:00 PM,33,12,21
04/23/2018 08:00:00 PM,20,4,16
04/23/2018 09:00:00 PM,12,8,4
04/23/2018 10:00:00 PM,11,6,5
04/23/2018 11:00:00 PM,4,0,4
04/24/2018 12:00:00 AM,6,2,4
04/24/2018 01:00:00 AM,4,4,0
04/24/2018 02:00:00 AM,0,0,0
04/24/2018 03:00:00 AM,0,0,0
04/24/2018 04:00:00 AM,2,1,1
04/24/2018 05:00:00 AM,20,1,19
04/24/2018 06:00:00 AM,33,4,29
04/24/2018 07:00:00 AM,131,14,117
04/24/2018 08:00:00 AM,168,20,148
04/24/2018 09:00:00 AM,79,14,65
04/24/2018 10:00:00 AM,20,6,14
04/24/2018 11:00:00 AM,35,5,30
04/24/2018 12:00:00 PM,24,7,17
04/24/2018 01:00:00 PM,22,8,14
04/24/2018 02:00:00 PM,30,8,22
04/24/2018 03:00:00 PM,65,25,40
04/24/2018 04:00:00 PM,105,36,69
04/24/2018 05:00:00 PM,131,50,81
04/24/2018 06:00:00 PM,68,27,41
04/24/2018 07:00:00 PM,37,12,25
04/24/2018 08:00:00 PM,20,10,10
04/24/2018 09:00:00 PM,30,14,16
04/24/2018 10:00:00 PM,8,5,3
04/24/2018 11:00:00 PM,9,5,4
04/25/2018 12:00:00 AM,2,1,1
04/25/2018 01:00:00 AM,2,2,0
04/25/2018 02:00:00 AM,2,0,2
04/25/2018 03:00:00 AM,2,1,1
04/25/2018 04:00:00 AM,3,0,3
04/25/2018 05:00:00 AM,26,2,24
04/25/2018 06:00:00 AM,35,3,32
04/25/2018 07:00:00 AM,131,16,115
04/25/2018 08:00:00 AM,136,16,120
04/25/2018 09:00:00 AM,74,16,58
04/25/2018 10:00:00 AM,42,7,35
04/25/2018 11:00:00 AM,25,7,18
04/25/2018 12:00:00 PM,46,11,35
04/25/2018 01:00:00 PM,39,13,26
04/25/2018 02:00:00 PM,46,20,26
04/25/2018 03:00:00 PM,48,16,32
04/25/2018 04:00:00 PM,72,18,54
04/25/2018 05:00:00 PM,138,49,89
04/25/2018 06:00:00 PM,60,27,33
04/25/2018 07:00:00 PM,37,15,22
04/25/2018 08:00:00 PM,26,7,19
04/25/2018 09:00:00 PM,14,5,9
04/25/2018 10:00:00 PM,6,3,3
04/25/2018 11:00:00 PM,13,8,5
04/26/2018 12:00:00 AM,15,9,6
04/26/2018 01:00:00 AM,5,4,1
04/26/2018 02:00:00 AM,1,1,0
04/26/2018 03:00:00 AM,1,1,0
04/26/2018 04:00:00 AM,0,0,0
04/26/2018 05:00:00 AM,20,1,19
04/26/2018 06:00:00 AM,48,6,42
04/26/2018 07:00:00 AM,126,15,111
04/26/2018 08:00:00 AM,182,18,164
04/26/2018 09:00:00 AM,80,12,68
04/26/2018 10:00:00 AM,30,10,20
04/26/2018 11:00:00 AM,33,9,24
04/26/2018 12:00:00 PM,34,8,26
04/26/2018 01:00:00 PM,39,18,21
04/26/2018 02:00:00 PM,56,24,32
04/26/2018 03:00:00 PM,79,25,54
04/26/2018 04:00:00 PM,93,27,66
04/26/2018 05:00:00 PM,122,34,88
04/26/2018 06:00:00 PM,66,26,40
04/26/2018 07:00:00 PM,35,11,24
04/26/2018 08:00:00 PM,37,13,24
04/26/2018 09:00:00 PM,12,4,8
04/26/2018 10:00:00 PM,25,17,8
04/26/2018 11:00:00 PM,8,4,4
04/27/2018 12:00:00 AM,11,9,2
04/27/2018 01:00:00 AM,7,6,1
04/27/2018 02:00:00 AM,1,0,1
04/27/2018 03:00:00 AM,2,1,1
04/27/2018 04:00:00 AM,7,4,3
04/27/2018 05:00:00 AM,14,0,14
04/27/2018 06:00:00 AM,28,0,28
04/27/2018 07:00:00 AM,67,7,60
04/27/2018 08:00:00 AM,124,11,113
04/27/2018 09:00:00 AM,50,12,38
04/27/2018 10:00:00 AM,30,10,20
04/27/2018 11:00:00 AM,31,6,25
04/27/2018 12:00:00 PM,38,19,19
04/27/2018 01:00:00 PM,27,8,19
04/27/2018 02:00:00 PM,39,13,26
04/27/2018 03:00:00 PM,49,18,31
04/27/2018 04:00:00 PM,70,23,47
04/27/2018 05:00:00 PM,72,26,46
04/27/2018 06:00:00 PM,50,13,37
04/27/2018 07:00:00 PM,29,8,21
04/27/2018 08:00:00 PM,18,8,10
04/27/2018 09:00:00 PM,21,13,8
04/27/2018 10:00:00 PM,10,7,3
04/27/2018 11:00:00 PM,12,6,6
04/28/2018 12:00:00 AM,6,4,2
04/28/2018 01:00:00 AM,8,1,7
04/28/2018 02:00:00 AM,1,0,1
04/28/2018 03:00:00 AM,1,1,0
04/28/2018 04:00:00 AM,0,0,0
04/28/2018 05:00:00 AM,0,0,0
04/28/2018 06:00:00 AM,3,2,1
04/28/2018 07:00:00 AM,1,0,1
04/28/2018 08:00:00 AM,2,0,2
04/28/2018 09:00:00 AM,3,1,2
04/28/2018 10:00:00 AM,7,1,6
04/28/2018 11:00:00 AM,8,4,4
04/28/2018 12:00:00 PM,9,6,3
04/28/2018 01:00:00 PM,18,6,12
04/28/2018 02:00:00 PM,21,9,12
04/28/2018 03:00:00 PM,17,8,9
04/28/2018 04:00:00 PM,16,5,11
04/28/2018 05:00:00 PM,9,4,5
04/28/2018 06:00:00 PM,6,2,4
04/28/2018 07:00:00 PM,11,7,4
04/28/2018 08:00:00 PM,10,3,7
04/28/2018 09:00:00 PM,21,4,17
04/28/2018 10:00:00 PM,4,2,2
04/28/2018 11:00:00 PM,64,29,35
04/29/2018 12:00:00 AM,5,2,3
04/29/2018 01:00:00 AM,5,3,2
04/29/2018 02:00:00 AM,1,1,0
04/29/2018 03:00:00 AM,1,0,1
04/29/2018 04:00:00 AM,0,0,0
04/29/2018 05:00:00 AM,0,0,0
04/29/2018 06:00:00 AM,4,1,3
04/29/2018 07:00:00 AM,3,1,2
04/29/2018 08:00:00 AM,10,4,6
04/29/2018 09:00:00 AM,14,5,9
04/29/2018 10:00:00 AM,21,14,7
04/29/2018 11:00:00 AM,21,5,16
04/29/2018 12:00:00 PM,21,10,11
04/29/2018 01:00:00 PM,34,10,24
04/29/2018 02:00:00 PM,29,10,19
04/29/2018 03:00:00 PM,15,3,12
04/29/2018 04:00:00 PM,30,17,13
04/29/2018 05:00:00 PM,24,15,9
04/29/2018 06:00:00 PM,34,13,21
04/29/2018 07:00:00 PM,22,10,12
04/29/2018 08:00:00 PM,18,7,11
04/29/2018 09:00:00 PM,4,0,4
04/29/2018 10:00:00 PM,4,1,3
04/29/2018 11:00:00 PM,4,2,2
04/30/2018 12:00:00 AM,2,1,1
04/30/2018 01:00:00 AM,1,0,1
04/30/2018 02:00:00 AM,0,0,0
04/30/2018 03:00:00 AM,1,0,1
04/30/2018 04:00:00 AM,2,0,2
04/30/2018 05:00:00 AM,14,4,10
04/30/2018 06:00:00 AM,28,2,26
04/30/2018 07:00:00 AM,98,11,87
04/30/2018 08:00:00 AM,127,16,111
04/30/2018 09:00:00 AM,61,9,52
04/30/2018 10:00:00 AM,21,4,17
04/30/2018 11:00:00 AM,22,6,16
04/30/2018 12:00:00 PM,27,14,13
04/30/2018 01:00:00 PM,29,6,23
04/30/2018 02:00:00 PM,33,9,24
04/30/2018 03:00:00 PM,46,12,34
04/30/2018 04:00:00 PM,94,29,65
04/30/2018 05:00:00 PM,107,37,70
04/30/2018 06:00:00 PM,55,26,29
04/30/2018 07:00:00 PM,21,10,11
04/30/2018 08:00:00 PM,13,3,10
04/30/2018 09:00:00 PM,12,4,8
04/30/2018 10:00:00 PM,12,2,10
04/30/2018 11:00:00 PM,5,2,3
05/01/2018 12:00:00 AM,4,1,3
05/01/2018 01:00:00 AM,4,3,1
05/01/2018 02:00:00 AM,1,0,1
05/01/2018 03:00:00 AM,1,1,0
05/01/2018 04:00:00 AM,3,2,1
05/01/2018 05:00:00 AM,21,1,20
05/01/2018 06:00:00 AM,46,7,39
05/01/2018 07:00:00 AM,120,11,109
05/01/2018 08:00:00 AM,176,21,155
05/01/2018 09:00:00 AM,58,3,55
05/01/2018 10:00:00 AM,33,8,25
05/01/2018 11:00:00 AM,25,9,16
05/01/2018 12:00:00 PM,32,10,22
05/01/2018 01:00:00 PM,24,11,13
05/01/2018 02:00:00 PM,40,13,27
05/01/2018 03:00:00 PM,48,17,31
05/01/2018 04:00:00 PM,80,26,54
05/01/2018 05:00:00 PM,112,33,79
05/01/2018 06:00:00 PM,93,32,61
05/01/2018 07:00:00 PM,37,12,25
05/01/2018 08:00:00 PM,42,19,23
05/01/2018 09:00:00 PM,16,7,9
05/01/2018 10:00:00 PM,12,9,3
05/01/2018 11:00:00 PM,15,8,7
05/02/2018 12:00:00 AM,5,2,3
05/02/2018 01:00:00 AM,8,3,5
05/02/2018 02:00:00 AM,1,1,0
05/02/2018 03:00:00 AM,0,0,0
05/02/2018 04:00:00 AM,1,0,1
05/02/2018 05:00:00 AM,18,2,16
05/02/2018 06:00:00 AM,42,4,38
05/02/2018 07:00:00 AM,103,11,92
05/02/2018 08:00:00 AM,193,20,173
05/02/2018 09:00:00 AM,98,12,86
05/02/2018 10:00:00 AM,38,12,26
05/02/2018 11:00:00 AM,32,6,26
05/02/2018 12:00:00 PM,29,7,22
05/02/2018 01:00:00 PM,33,10,23
05/02/2018 02:00:00 PM,33,11,22
05/02/2018 03:00:00 PM,52,19,33
05/02/2018 04:00:00 PM,81,23,58
05/02/2018 05:00:00 PM,153,62,91
05/02/2018 06:00:00 PM,80,24,56
05/02/2018 07:00:00 PM,37,16,21
05/02/2018 08:00:00 PM,31,10,21
05/02/2018 09:00:00 PM,18,12,6
05/02/2018 10:00:00 PM,14,8,6
05/02/2018 11:00:00 PM,7,2,5
05/03/2018 12:00:00 AM,10,6,4
05/03/2018 01:00:00 AM,2,1,1
05/03/2018 02:00:00 AM,2,0,2
05/03/2018 03:00:00 AM,2,1,1
05/03/2018 04:00:00 AM,3,1,2
05/03/2018 05:00:00 AM,21,1,20
05/03/2018 06:00:00 AM,35,7,28
05/03/2018 07:00:00 AM,99,12,87
05/03/2018 08:00:00 AM,180,20,160
05/03/2018 09:00:00 AM,100,15,85
05/03/2018 10:00:00 AM,42,6,36
05/03/2018 11:00:00 AM,32,8,24
05/03/2018 12:00:00 PM,36,5,31
05/03/2018 01:00:00 PM,26,9,17
05/03/2018 02:00:00 PM,46,13,33
05/03/2018 03:00:00 PM,49,13,36
05/03/2018 04:00:00 PM,103,23,80
05/03/2018 05:00:00 PM,155,43,112
05/03/2018 06:00:00 PM,93,36,57
05/03/2018 07:00:00 PM,34,15,19
05/03/2018 08:00:00 PM,35,17,18
05/03/2018 09:00:00 PM,23,11,12
05/03/2018 10:00:00 PM,14,5,9
05/03/2018 11:00:00 PM,14,7,7
05/04/2018 12:00:00 AM,3,1,2
05/04/2018 01:00:00 AM,10,7,3
05/04/2018 02:00:00 AM,1,1,0
05/04/2018 03:00:00 AM,3,1,2
05/04/2018 04:00:00 AM,1,0,1
05/04/2018 05:00:00 AM,14,1,13
05/04/2018 06:00:00 AM,27,4,23
05/04/2018 07:00:00 AM,81,6,75
05/04/2018 08:00:00 AM,144,19,125
05/04/2018 09:00:00 AM,87,12,75
05/04/2018 10:00:00 AM,25,4,21
05/04/2018 11:00:00 AM,32,7,25
05/04/2018 12:00:00 PM,31,12,19
05/04/2018 01:00:00 PM,35,20,15
05/04/2018 02:00:00 PM,37,11,26
05/04/2018 03:00:00 PM,34,7,27
05/04/2018 04:00:00 PM,82,23,59
05/04/2018 05:00:00 PM,100,29,71
05/04/2018 06:00:00 PM,66,33,33
05/04/2018 07:00:00 PM,33,14,19
05/04/2018 08:00:00 PM,28,10,18
05/04/2018 09:00:00 PM,24,12,12
05/04/2018 10:00:00 PM,21,16,5
05/04/2018 11:00:00 PM,11,8,3
05/05/2018 12:00:00 AM,18,10,8
05/05/2018 01:00:00 AM,9,6,3
05/05/2018 02:00:00 AM,5,3,2
05/05/2018 03:00:00 AM,0,0,0
05/05/2018 04:00:00 AM,0,0,0
05/05/2018 05:00:00 AM,0,0,0
05/05/2018 06:00:00 AM,5,2,3
05/05/2018 07:00:00 AM,8,1,7
05/05/2018 08:00:00 AM,32,4,28
05/05/2018 09:00:00 AM,20,5,15
05/05/2018 10:00:00 AM,38,15,23
05/05/2018 11:00:00 AM,57,15,42
05/05/2018 12:00:00 PM,74,18,56
05/05/2018 01:00:00 PM,60,22,38
05/05/2018 02:00:00 PM,37,10,27
05/05/2018 03:00:00 PM,47,17,30
05/05/2018 04:00:00 PM,43,16,27
05/05/2018 05:00:00 PM,47,29,18
05/05/2018 06:00:00 PM,53,20,33
05/05/2018 07:00:00 PM,20,11,9
05/05/2018 08:00:00 PM,11,3,8
05/05/2018 09:00:00 PM,14,7,7
05/05/2018 10:00:00 PM,6,2,4
05/05/2018 11:00:00 PM,18,13,5
05/06/2018 12:00:00 AM,6,4,2
05/06/2018 01:00:00 AM,17,10,7
05/06/2018 02:00:00 AM,5,5,0
05/06/2018 03:00:00 AM,3,0,3
05/06/2018 04:00:00 AM,2,2,0
05/06/2018 05:00:00 AM,3,2,1
05/06/2018 06:00:00 AM,4,0,4
05/06/2018 07:00:00 AM,10,3,7
05/06/2018 08:00:00 AM,19,5,14
05/06/2018 09:00:00 AM,23,7,16
05/06/2018 10:00:00 AM,22,7,15
05/06/2018 11:00:00 AM,25,4,21
05/06/2018 12:00:00 PM,41,3,38
05/06/2018 01:00:00 PM,37,15,22
05/06/2018 02:00:00 PM,46,14,32
05/06/2018 03:00:00 PM,63,39,24
05/06/2018 04:00:00 PM,33,18,15
05/06/2018 05:00:00 PM,34,11,23
05/06/2018 06:00:00 PM,43,14,29
05/06/2018 07:00:00 PM,23,10,13
05/06/2018 08:00:00 PM,16,8,8
05/06/2018 09:00:00 PM,10,3,7
05/06/2018 10:00:00 PM,14,10,4
05/06/2018 11:00:00 PM,5,3,2
05/07/2018 12:00:00 AM,5,4,1
05/07/2018 01:00:00 AM,5,2,3
05/07/2018 02:00:00 AM,1,1,0
05/07/2018 03:00:00 AM,2,0,2
05/07/2018 04:00:00 AM,0,0,0
05/07/2018 05:00:00 AM,12,1,11
05/07/2018 06:00:00 AM,36,2,34
05/07/2018 07:00:00 AM,104,12,92
05/07/2018 08:00:00 AM,189,25,164
05/07/2018 09:00:00 AM,103,13,90
05/07/2018 10:00:00 AM,25,3,22
05/07/2018 11:00:00 AM,26,7,19
05/07/2018 12:00:00 PM,25,8,17
05/07/2018 01:00:00 PM,32,12,20
05/07/2018 02:00:00 PM,29,8,21
05/07/2018 03:00:00 PM,36,16,20
05/07/2018 04:00:00 PM,84,24,60
05/07/2018 05:00:00 PM,115,41,74
05/07/2018 06:00:00 PM,77,26,51
05/07/2018 07:00:00 PM,49,15,34
05/07/2018 08:00:00 PM,25,11,14
05/07/2018 09:00:00 PM,32,14,18
05/07/2018 10:00:00 PM,8,5,3
05/07/2018 11:00:00 PM,7,2,5
05/08/2018 12:00:00 AM,4,0,4
05/08/2018 01:00:00 AM,2,2,0
05/08/2018 02:00:00 AM,5,3,2
05/08/2018 03:00:00 AM,1,1,0
05/08/2018 04:00:00 AM,1,1,0
05/08/2018 05:00:00 AM,9,1,8
05/08/2018 06:00:00 AM,47,5,42
05/08/2018 07:00:00 AM,119,18,101
05/08/2018 08:00:00 AM,201,17,184
05/08/2018 09:00:00 AM,100,22,78
05/08/2018 10:00:00 AM,33,8,25
05/08/2018 11:00:00 AM,26,7,19
05/08/2018 12:00:00 PM,34,10,24
05/08/2018 01:00:00 PM,27,9,18
05/08/2018 02:00:00 PM,31,8,23
05/08/2018 03:00:00 PM,60,30,30
05/08/2018 04:00:00 PM,101,26,75
05/08/2018 05:00:00 PM,125,38,87
05/08/2018 06:00:00 PM,78,23,55
05/08/2018 07:00:00 PM,30,8,22
05/08/2018 08:00:00 PM,40,17,23
05/08/2018 09:00:00 PM,16,5,11
05/08/2018 10:00:00 PM,14,11,3
05/08/2018 11:00:00 PM,4,3,1
05/09/2018 12:00:00 AM,8,2,6
05/09/2018 01:00:00 AM,0,0,0
05/09/2018 02:00:00 AM,0,0,0
05/09/2018 03:00:00 AM,1,1,0
05/09/2018 04:00:00 AM,3,1,2
05/09/2018 05:00:00 AM,12,2,10
05/09/2018 06:00:00 AM,27,5,22
05/09/2018 07:00:00 AM,99,10,89
05/09/2018 08:00:00 AM,148,16,132
05/09/2018 09:00:00 AM,104,20,84
05/09/2018 10:00:00 AM,41,3,38
05/09/2018 11:00:00 AM,26,5,21
05/09/2018 12:00:00 PM,25,7,18
05/09/2018 01:00:00 PM,31,9,22
05/09/2018 02:00:00 PM,29,7,22
05/09/2018 03:00:00 PM,49,16,33
05/09/2018 04:00:00 PM,77,16,61
05/09/2018 05:00:00 PM,128,42,86
05/09/2018 06:00:00 PM,76,30,46
05/09/2018 07:00:00 PM,44,19,25
05/09/2018 08:00:00 PM,24,13,11
05/09/2018 09:00:00 PM,20,9,11
05/09/2018 10:00:00 PM,15,6,9
05/09/2018 11:00:00 PM,10,2,8
05/10/2018 12:00:00 AM,9,4,5
05/10/2018 01:00:00 AM,3,2,1
05/10/2018 02:00:00 AM,7,6,1
05/10/2018 03:00:00 AM,2,1,1
05/10/2018 04:00:00 AM,7,2,5
05/10/2018 05:00:00 AM,10,2,8
05/10/2018 06:00:00 AM,24,7,17
05/10/2018 07:00:00 AM,79,4,75
05/10/2018 08:00:00 AM,130,15,115
05/10/2018 09:00:00 AM,67,10,57
05/10/2018 10:00:00 AM,26,3,23
05/10/2018 11:00:00 AM,23,7,16
05/10/2018 12:00:00 PM,29,13,16
05/10/2018 01:00:00 PM,30,13,17
05/10/2018 02:00:00 PM,33,15,18
05/10/2018 03:00:00 PM,53,19,34
05/10/2018 04:00:00 PM,92,31,61
05/10/2018 05:00:00 PM,108,45,63
05/10/2018 06:00:00 PM,70,27,43
05/10/2018 07:00:00 PM,21,6,15
05/10/2018 08:00:00 PM,26,10,16
05/10/2018 09:00:00 PM,20,9,11
05/10/2018 10:00:00 PM,8,4,4
05/10/2018 11:00:00 PM,17,10,7
05/11/2018 12:00:00 AM,2,1,1
05/11/2018 01:00:00 AM,3,2,1
05/11/2018 02:00:00 AM,1,1,0
05/11/2018 03:00:00 AM,0,0,0
05/11/2018 04:00:00 AM,0,0,0
05/11/2018 05:00:00 AM,17,4,13
05/11/2018 06:00:00 AM,34,5,29
05/11/2018 07:00:00 AM,85,10,75
05/11/2018 08:00:00 AM,153,19,134
05/11/2018 09:00:00 AM,82,13,69
05/11/2018 10:00:00 AM,34,9,25
05/11/2018 11:00:00 AM,29,11,18
05/11/2018 12:00:00 PM,34,7,27
05/11/2018 01:00:00 PM,30,15,15
05/11/2018 02:00:00 PM,73,31,42
05/11/2018 03:00:00 PM,62,15,47
05/11/2018 04:00:00 PM,100,27,73
05/11/2018 05:00:00 PM,129,40,89
05/11/2018 06:00:00 PM,50,12,38
05/11/2018 07:00:00 PM,45,16,29
05/11/2018 08:00:00 PM,28,15,13
05/11/2018 09:00:00 PM,28,11,17
05/11/2018 10:00:00 PM,16,11,5
05/11/2018 11:00:00 PM,15,5,10
05/12/2018 12:00:00 AM,18,12,6
05/12/2018 01:00:00 AM,8,5,3
05/12/2018 02:00:00 AM,6,4,2
05/12/2018 03:00:00 AM,1,1,0
05/12/2018 04:00:00 AM,1,1,0
05/12/2018 05:00:00 AM,1,1,0
05/12/2018 06:00:00 AM,4,0,4
05/12/2018 07:00:00 AM,10,2,8
05/12/2018 08:00:00 AM,21,4,17
05/12/2018 09:00:00 AM,38,6,32
05/12/2018 10:00:00 AM,43,11,32
05/12/2018 11:00:00 AM,38,9,29
05/12/2018 12:00:00 PM,37,19,18
05/12/2018 01:00:00 PM,59,19,40
05/12/2018 02:00:00 PM,41,14,27
05/12/2018 03:00:00 PM,52,20,32
05/12/2018 04:00:00 PM,45,17,28
05/12/2018 05:00:00 PM,34,9,25
05/12/2018 06:00:00 PM,43,18,25
05/12/2018 07:00:00 PM,19,7,12
05/12/2018 08:00:00 PM,27,9,18
05/12/2018 09:00:00 PM,23,10,13
05/12/2018 10:00:00 PM,26,9,17
05/12/2018 11:00:00 PM,7,2,5
05/13/2018 12:00:00 AM,12,6,6
05/13/2018 01:00:00 AM,6,3,3
05/13/2018 02:00:00 AM,10,1,9
05/13/2018 03:00:00 AM,2,1,1
05/13/2018 04:00:00 AM,1,0,1
05/13/2018 05:00:00 AM,3,0,3
05/13/2018 06:00:00 AM,6,2,4
05/13/2018 07:00:00 AM,6,2,4
05/13/2018 08:00:00 AM,7,1,6
05/13/2018 09:00:00 AM,14,3,11
05/13/2018 10:00:00 AM,27,4,23
05/13/2018 11:00:00 AM,40,18,22
05/13/2018 12:00:00 PM,41,12,29
05/13/2018 01:00:00 PM,37,10,27
05/13/2018 02:00:00 PM,25,12,13
05/13/2018 03:00:00 PM,41,20,21
05/13/2018 04:00:00 PM,47,24,23
05/13/2018 05:00:00 PM,48,19,29
05/13/2018 06:00:00 PM,33,10,23
05/13/2018 07:00:00 PM,12,6,6
05/13/2018 08:00:00 PM,23,10,13
05/13/2018 09:00:00 PM,17,7,10
05/13/2018 10:00:00 PM,7,5,2
05/13/2018 11:00:00 PM,9,3,6
05/14/2018 12:00:00 AM,59,34,25
05/14/2018 01:00:00 AM,4,1,3
05/14/2018 02:00:00 AM,3,2,1
05/14/2018 03:00:00 AM,3,3,0
05/14/2018 04:00:00 AM,2,0,2
05/14/2018 05:00:00 AM,17,1,16
05/14/2018 06:00:00 AM,46,5,41
05/14/2018 07:00:00 AM,106,10,96
05/14/2018 08:00:00 AM,231,23,208
05/14/2018 09:00:00 AM,93,16,77
05/14/2018 10:00:00 AM,34,2,32
05/14/2018 11:00:00 AM,30,10,20
05/14/2018 12:00:00 PM,39,7,32
05/14/2018 01:00:00 PM,23,8,15
05/14/2018 02:00:00 PM,52,21,31
05/14/2018 03:00:00 PM,59,18,41
05/14/2018 04:00:00 PM,85,24,61
05/14/2018 05:00:00 PM,146,49,97
05/14/2018 06:00:00 PM,94,31,63
05/14/2018 07:00:00 PM,42,18,24
05/14/2018 08:00:00 PM,35,12,23
05/14/2018 09:00:00 PM,24,10,14
05/14/2018 10:00:00 PM,5,1,4
05/14/2018 11:00:00 PM,8,2,6
05/15/2018 12:00:00 AM,5,3,2
05/15/2018 01:00:00 AM,0,0,0
05/15/2018 02:00:00 AM,3,2,1
05/15/2018 03:00:00 AM,3,1,2
05/15/2018 04:00:00 AM,6,3,3
05/15/2018 05:00:00 AM,15,2,13
05/15/2018 06:00:00 AM,41,6,35
05/15/2018 07:00:00 AM,119,16,103
05/15/2018 08:00:00 AM,184,23,161
05/15/2018 09:00:00 AM,107,17,90
05/15/2018 10:00:00 AM,36,8,28
05/15/2018 11:00:00 AM,24,10,14
05/15/2018 12:00:00 PM,32,9,23
05/15/2018 01:00:00 PM,29,10,19
05/15/2018 02:00:00 PM,35,10,25
05/15/2018 03:00:00 PM,59,15,44
05/15/2018 04:00:00 PM,101,31,70
05/15/2018 05:00:00 PM,146,49,97
05/15/2018 06:00:00 PM,99,39,60
05/15/2018 07:00:00 PM,61,25,36
05/15/2018 08:00:00 PM,43,18,25
05/15/2018 09:00:00 PM,22,10,12
05/15/2018 10:00:00 PM,16,5,11
05/15/2018 11:00:00 PM,10,4,6
05/16/2018 12:00:00 AM,7,2,5
05/16/2018 01:00:00 AM,4,4,0
05/16/2018 02:00:00 AM,3,2,1
05/16/2018 03:00:00 AM,0,0,0
05/16/2018 04:00:00 AM,0,0,0
05/16/2018 05:00:00 AM,15,1,14
05/16/2018 06:00:00 AM,44,8,36
05/16/2018 07:00:00 AM,124,15,109
05/16/2018 08:00:00 AM,196,28,168
05/16/2018 09:00:00 AM,93,13,80
05/16/2018 10:00:00 AM,35,7,28
05/16/2018 11:00:00 AM,30,6,24
05/16/2018 12:00:00 PM,30,11,19
05/16/2018 01:00:00 PM,20,9,11
05/16/2018 02:00:00 PM,38,14,24
05/16/2018 03:00:00 PM,62,16,46
05/16/2018 04:00:00 PM,98,31,67
05/16/2018 05:00:00 PM,146,52,94
05/16/2018 06:00:00 PM,82,32,50
05/16/2018 07:00:00 PM,39,16,23
05/16/2018 08:00:00 PM,37,15,22
05/16/2018 09:00:00 PM,19,8,11
05/16/2018 10:00:00 PM,15,7,8
05/16/2018 11:00:00 PM,5,2,3
05/17/2018 12:00:00 AM,6,1,5
05/17/2018 01:00:00 AM,5,3,2
05/17/2018 02:00:00 AM,2,2,0
05/17/2018 03:00:00 AM,1,1,0
05/17/2018 04:00:00 AM,3,2,1
05/17/2018 05:00:00 AM,15,4,11
05/17/2018 06:00:00 AM,43,9,34
05/17/2018 07:00:00 AM,115,16,99
05/17/2018 08:00:00 AM,166,17,149
05/17/2018 09:00:00 AM,91,13,78
05/17/2018 10:00:00 AM,40,7,33
05/17/2018 11:00:00 AM,28,7,21
05/17/2018 12:00:00 PM,28,6,22
05/17/2018 01:00:00 PM,37,15,22
05/17/2018 02:00:00 PM,35,10,25
05/17/2018 03:00:00 PM,74,20,54
05/17/2018 04:00:00 PM,109,31,78
05/17/2018 05:00:00 PM,128,40,88
05/17/2018 06:00:00 PM,69,27,42
05/17/2018 07:00:00 PM,41,12,29
05/17/2018 08:00:00 PM,30,12,18
05/17/2018 09:00:00 PM,23,15,8
05/17/2018 10:00:00 PM,17,10,7
05/17/2018 11:00:00 PM,12,7,5
05/18/2018 12:00:00 AM,7,5,2
05/18/2018 01:00:00 AM,6,4,2
05/18/2018 02:00:00 AM,6,4,2
05/18/2018 03:00:00 AM,0,0,0
05/18/2018 04:00:00 AM,2,0,2
05/18/2018 05:00:00 AM,15,3,12
05/18/2018 06:00:00 AM,50,9,41
05/18/2018 07:00:00 AM,149,5,144
05/18/2018 08:00:00 AM,258,36,222
05/18/2018 09:00:00 AM,90,22,68
05/18/2018 10:00:00 AM,41,11,30
05/18/2018 11:00:00 AM,29,7,22
05/18/2018 12:00:00 PM,42,12,30
05/18/2018 01:00:00 PM,37,11,26
05/18/2018 02:00:00 PM,39,13,26
05/18/2018 03:00:00 PM,56,17,39
05/18/2018 04:00:00 PM,115,41,74
05/18/2018 05:00:00 PM,134,43,91
05/18/2018 06:00:00 PM,100,24,76
05/18/2018 07:00:00 PM,43,15,28
05/18/2018 08:00:00 PM,27,14,13
05/18/2018 09:00:00 PM,22,13,9
05/18/2018 10:00:00 PM,36,18,18
05/18/2018 11:00:00 PM,25,13,12
05/19/2018 12:00:00 AM,8,3,5
05/19/2018 01:00:00 AM,12,4,8
05/19/2018 02:00:00 AM,5,5,0
05/19/2018 03:00:00 AM,1,1,0
05/19/2018 04:00:00 AM,2,1,1
05/19/2018 05:00:00 AM,2,0,2
05/19/2018 06:00:00 AM,5,1,4
05/19/2018 07:00:00 AM,4,0,4
05/19/2018 08:00:00 AM,18,5,13
05/19/2018 09:00:00 AM,19,4,15
05/19/2018 10:00:00 AM,29,8,21
05/19/2018 11:00:00 AM,50,16,34
05/19/2018 12:00:00 PM,36,18,18
05/19/2018 01:00:00 PM,44,12,32
05/19/2018 02:00:00 PM,51,12,39
05/19/2018 03:00:00 PM,48,19,29
05/19/2018 04:00:00 PM,61,24,37
05/19/2018 05:00:00 PM,51,20,31
05/19/2018 06:00:00 PM,24,8,16
05/19/2018 07:00:00 PM,16,6,10
05/19/2018 08:00:00 PM,7,5,2
05/19/2018 09:00:00 PM,20,10,10
05/19/2018 10:00:00 PM,12,2,10
05/19/2018 11:00:00 PM,4,0,4
05/20/2018 12:00:00 AM,9,5,4
05/20/2018 01:00:00 AM,8,3,5
05/20/2018 02:00:00 AM,9,3,6
05/20/2018 03:00:00 AM,9,4,5
05/20/2018 04:00:00 AM,0,0,0
05/20/2018 05:00:00 AM,0,0,0
05/20/2018 06:00:00 AM,5,0,5
05/20/2018 07:00:00 AM,4,0,4
05/20/2018 08:00:00 AM,15,4,11
05/20/2018 09:00:00 AM,8,3,5
05/20/2018 10:00:00 AM,24,8,16
05/20/2018 11:00:00 AM,24,8,16
05/20/2018 12:00:00 PM,31,6,25
05/20/2018 01:00:00 PM,44,9,35
05/20/2018 02:00:00 PM,36,6,30
05/20/2018 03:00:00 PM,38,12,26
05/20/2018 04:00:00 PM,43,19,24
05/20/2018 05:00:00 PM,42,21,21
05/20/2018 06:00:00 PM,18,8,10
05/20/2018 07:00:00 PM,17,10,7
05/20/2018 08:00:00 PM,20,10,10
05/20/2018 09:00:00 PM,18,10,8
05/20/2018 10:00:00 PM,11,2,9
05/20/2018 11:00:00 PM,11,7,4
05/21/2018 12:00:00 AM,6,6,0
05/21/2018 01:00:00 AM,7,3,4
05/21/2018 02:00:00 AM,4,0,4
05/21/2018 03:00:00 AM,4,3,1
05/21/2018 04:00:00 AM,0,0,0
05/21/2018 05:00:00 AM,15,2,13
05/21/2018 06:00:00 AM,43,6,37
05/21/2018 07:00:00 AM,92,7,85
05/21/2018 08:00:00 AM,196,25,171
05/21/2018 09:00:00 AM,91,17,74
05/21/2018 10:00:00 AM,37,12,25
05/21/2018 11:00:00 AM,27,10,17
05/21/2018 12:00:00 PM,34,9,25
05/21/2018 01:00:00 PM,28,15,13
05/21/2018 02:00:00 PM,39,14,25
05/21/2018 03:00:00 PM,55,17,38
05/21/2018 04:00:00 PM,87,30,57
05/21/2018 05:00:00 PM,158,58,100
05/21/2018 06:00:00 PM,96,42,54
05/21/2018 07:00:00 PM,42,22,20
05/21/2018 08:00:00 PM,38,12,26
05/21/2018 09:00:00 PM,33,11,22
05/21/2018 10:00:00 PM,32,17,15
05/21/2018 11:00:00 PM,7,2,5
05/22/2018 12:00:00 AM,6,3,3
05/22/2018 01:00:00 AM,4,3,1
05/22/2018 02:00:00 AM,4,0,4
05/22/2018 03:00:00 AM,3,3,0
05/22/2018 04:00:00 AM,2,1,1
05/22/2018 05:00:00 AM,14,2,12
05/22/2018 06:00:00 AM,48,6,42
05/22/2018 07:00:00 AM,140,21,119
05/22/2018 08:00:00 AM,199,23,176
05/22/2018 09:00:00 AM,107,20,87
05/22/2018 10:00:00 AM,54,8,46
05/22/2018 11:00:00 AM,36,8,28
05/22/2018 12:00:00 PM,38,12,26
05/22/2018 01:00:00 PM,31,12,19
05/22/2018 02:00:00 PM,41,18,23
05/22/2018 03:00:00 PM,68,20,48
05/22/2018 04:00:00 PM,87,26,61
05/22/2018 05:00:00 PM,159,54,105
05/22/2018 06:00:00 PM,106,47,59
05/22/2018 07:00:00 PM,44,19,25
05/22/2018 08:00:00 PM,32,12,20
05/22/2018 09:00:00 PM,24,13,11
05/22/2018 10:00:00 PM,26,9,17
05/22/2018 11:00:00 PM,28,24,4
05/23/2018 12:00:00 AM,11,4,7
05/23/2018 01:00:00 AM,3,2,1
05/23/2018 02:00:00 AM,3,1,2
05/23/2018 03:00:00 AM,0,0,0
05/23/2018 04:00:00 AM,6,1,5
05/23/2018 05:00:00 AM,21,2,19
05/23/2018 06:00:00 AM,40,5,35
05/23/2018 07:00:00 AM,123,17,106
05/23/2018 08:00:00 AM,202,22,180
05/23/2018 09:00:00 AM,102,14,88
05/23/2018 10:00:00 AM,42,10,32
05/23/2018 11:00:00 AM,22,6,16
05/23/2018 12:00:00 PM,27,9,18
05/23/2018 01:00:00 PM,50,20,30
05/23/2018 02:00:00 PM,45,14,31
05/23/2018 03:00:00 PM,70,25,45
05/23/2018 04:00:00 PM,88,36,52
05/23/2018 05:00:00 PM,166,52,114
05/23/2018 06:00:00 PM,85,33,52
05/23/2018 07:00:00 PM,35,18,17
05/23/2018 08:00:00 PM,30,13,17
05/23/2018 09:00:00 PM,29,12,17
05/23/2018 10:00:00 PM,17,7,10
05/23/2018 11:00:00 PM,16,9,7
05/24/2018 12:00:00 AM,6,3,3
05/24/2018 01:00:00 AM,6,3,3
05/24/2018 02:00:00 AM,5,3,2
05/24/2018 03:00:00 AM,3,1,2
05/24/2018 04:00:00 AM,5,3,2
05/24/2018 05:00:00 AM,20,2,18
05/24/2018 06:00:00 AM,39,5,34
05/24/2018 07:00:00 AM,104,11,93
05/24/2018 08:00:00 AM,175,21,154
05/24/2018 09:00:00 AM,66,11,55
05/24/2018 10:00:00 AM,34,9,25
05/24/2018 11:00:00 AM,41,12,29
05/24/2018 12:00:00 PM,24,9,15
05/24/2018 01:00:00 PM,28,10,18
05/24/2018 02:00:00 PM,34,12,22
05/24/2018 03:00:00 PM,64,19,45
05/24/2018 04:00:00 PM,96,32,64
05/24/2018 05:00:00 PM,141,45,96
05/24/2018 06:00:00 PM,82,19,63
05/24/2018 07:00:00 PM,45,20,25
05/24/2018 08:00:00 PM,2,0,2
05/24/2018 09:00:00 PM,0,0,0
05/24/2018 10:00:00 PM,0,0,0
05/24/2018 11:00:00 PM,0,0,0
05/25/2018 12:00:00 AM,12,9,3
05/25/2018 01:00:00 AM,5,2,3
05/25/2018 02:00:00 AM,3,1,2
05/25/2018 03:00:00 AM,0,0,0
05/25/2018 04:00:00 AM,4,2,2
05/25/2018 05:00:00 AM,11,2,9
05/25/2018 06:00:00 AM,22,3,19
05/25/2018 07:00:00 AM,92,6,86
05/25/2018 08:00:00 AM,139,22,117
05/25/2018 09:00:00 AM,75,17,58
05/25/2018 10:00:00 AM,46,10,36
05/25/2018 11:00:00 AM,33,6,27
05/25/2018 12:00:00 PM,43,11,32
05/25/2018 01:00:00 PM,44,15,29
05/25/2018 02:00:00 PM,52,19,33
05/25/2018 03:00:00 PM,65,17,48
05/25/2018 04:00:00 PM,89,33,56
05/25/2018 05:00:00 PM,97,29,68
05/25/2018 06:00:00 PM,74,27,47
05/25/2018 07:00:00 PM,29,13,16
05/25/2018 08:00:00 PM,20,3,17
05/25/2018 09:00:00 PM,31,9,22
05/25/2018 10:00:00 PM,18,8,10
05/25/2018 11:00:00 PM,21,16,5
05/26/2018 12:00:00 AM,11,5,6
05/26/2018 01:00:00 AM,9,8,1
05/26/2018 02:00:00 AM,11,6,5
05/26/2018 03:00:00 AM,1,0,1
05/26/2018 04:00:00 AM,0,0,0
05/26/2018 05:00:00 AM,5,3,2
05/26/2018 06:00:00 AM,3,0,3
05/26/2018 07:00:00 AM,12,4,8
05/26/2018 08:00:00 AM,15,3,12
05/26/2018 09:00:00 AM,16,4,12
05/26/2018 10:00:00 AM,40,11,29
05/26/2018 11:00:00 AM,41,11,30
05/26/2018 12:00:00 PM,39,8,31
05/26/2018 01:00:00 PM,74,12,62
05/26/2018 02:00:00 PM,41,16,25
05/26/2018 03:00:00 PM,64,21,43
05/26/2018 04:00:00 PM,51,38,13
05/26/2018 05:00:00 PM,52,14,38
05/26/2018 06:00:00 PM,50,17,33
05/26/2018 07:00:00 PM,31,7,24
05/26/2018 08:00:00 PM,23,5,18
05/26/2018 09:00:00 PM,37,11,26
05/26/2018 10:00:00 PM,17,4,13
05/26/2018 11:00:00 PM,7,5,2
05/27/2018 12:00:00 AM,9,5,4
05/27/2018 01:00:00 AM,9,5,4
05/27/2018 02:00:00 AM,4,1,3
05/27/2018 03:00:00 AM,0,0,0
05/27/2018 04:00:00 AM,0,0,0
05/27/2018 05:00:00 AM,2,0,2
05/27/2018 06:00:00 AM,5,1,4
05/27/2018 07:00:00 AM,9,0,9
05/27/2018 08:00:00 AM,17,5,12
05/27/2018 09:00:00 AM,26,5,21
05/27/2018 10:00:00 AM,33,15,18
05/27/2018 11:00:00 AM,37,14,23
05/27/2018 12:00:00 PM,41,9,32
05/27/2018 01:00:00 PM,42,17,25
05/27/2018 02:00:00 PM,63,21,42
05/27/2018 03:00:00 PM,52,17,35
05/27/2018 04:00:00 PM,52,22,30
05/27/2018 05:00:00 PM,49,15,34
05/27/2018 06:00:00 PM,48,24,24
05/27/2018 07:00:00 PM,28,10,18
05/27/2018 08:00:00 PM,29,7,22
05/27/2018 09:00:00 PM,18,6,12
05/27/2018 10:00:00 PM,22,11,11
05/27/2018 11:00:00 PM,10,3,7
05/28/2018 12:00:00 AM,9,5,4
05/28/2018 01:00:00 AM,9,7,2
05/28/2018 02:00:00 AM,1,1,0
05/28/2018 03:00:00 AM,1,0,1
05/28/2018 04:00:00 AM,0,0,0
05/28/2018 05:00:00 AM,1,0,1
05/28/2018 06:00:00 AM,8,1,7
05/28/2018 07:00:00 AM,3,1,2
05/28/2018 08:00:00 AM,23,5,18
05/28/2018 09:00:00 AM,24,7,17
05/28/2018 10:00:00 AM,17,8,9
05/28/2018 11:00:00 AM,37,15,22
05/28/2018 12:00:00 PM,40,10,30
05/28/2018 01:00:00 PM,42,17,25
05/28/2018 02:00:00 PM,67,26,41
05/28/2018 03:00:00 PM,62,23,39
05/28/2018 04:00:00 PM,71,30,41
05/28/2018 05:00:00 PM,71,26,45
05/28/2018 06:00:00 PM,38,12,26
05/28/2018 07:00:00 PM,33,3,30
05/28/2018 08:00:00 PM,33,15,18
05/28/2018 09:00:00 PM,29,8,21
05/28/2018 10:00:00 PM,9,6,3
05/28/2018 11:00:00 PM,6,6,0
05/29/2018 12:00:00 AM,5,3,2
05/29/2018 01:00:00 AM,1,1,0
05/29/2018 02:00:00 AM,9,6,3
05/29/2018 03:00:00 AM,0,0,0
05/29/2018 04:00:00 AM,5,2,3
05/29/2018 05:00:00 AM,16,2,14
05/29/2018 06:00:00 AM,38,7,31
05/29/2018 07:00:00 AM,114,15,99
05/29/2018 08:00:00 AM,150,18,132
05/29/2018 09:00:00 AM,73,16,57
05/29/2018 10:00:00 AM,41,10,31
05/29/2018 11:00:00 AM,22,8,14
05/29/2018 12:00:00 PM,31,10,21
05/29/2018 01:00:00 PM,26,10,16
05/29/2018 02:00:00 PM,41,20,21
05/29/2018 03:00:00 PM,48,17,31
05/29/2018 04:00:00 PM,81,22,59
05/29/2018 05:00:00 PM,117,35,82
05/29/2018 06:00:00 PM,68,22,46
05/29/2018 07:00:00 PM,34,13,21
05/29/2018 08:00:00 PM,30,16,14
05/29/2018 09:00:00 PM,17,9,8
05/29/2018 10:00:00 PM,7,5,2
05/29/2018 11:00:00 PM,8,4,4
05/30/2018 12:00:00 AM,3,0,3
05/30/2018 01:00:00 AM,2,0,2
05/30/2018 02:00:00 AM,2,1,1
05/30/2018 03:00:00 AM,0,0,0
05/30/2018 04:00:00 AM,5,1,4
05/30/2018 05:00:00 AM,14,2,12
05/30/2018 06:00:00 AM,43,12,31
05/30/2018 07:00:00 AM,121,19,102
05/30/2018 08:00:00 AM,162,19,143
05/30/2018 09:00:00 AM,98,25,73
05/30/2018 10:00:00 AM,39,10,29
05/30/2018 11:00:00 AM,27,10,17
05/30/2018 12:00:00 PM,29,10,19
05/30/2018 01:00:00 PM,34,14,20
05/30/2018 02:00:00 PM,38,10,28
05/30/2018 03:00:00 PM,53,12,41
05/30/2018 04:00:00 PM,85,22,63
05/30/2018 05:00:00 PM,149,42,107
05/30/2018 06:00:00 PM,76,26,50
05/30/2018 07:00:00 PM,34,12,22
05/30/2018 08:00:00 PM,21,6,15
05/30/2018 09:00:00 PM,13,7,6
05/30/2018 10:00:00 PM,14,8,6
05/30/2018 11:00:00 PM,13,7,6
05/31/2018 12:00:00 AM,2,0,2
05/31/2018 01:00:00 AM,5,2,3
05/31/2018 02:00:00 AM,1,1,0
05/31/2018 03:00:00 AM,4,3,1
05/31/2018 04:00:00 AM,2,0,2
05/31/2018 05:00:00 AM,20,3,17
05/31/2018 06:00:00 AM,42,11,31
05/31/2018 07:00:00 AM,101,15,86
05/31/2018 08:00:00 AM,157,22,135
05/31/2018 09:00:00 AM,99,16,83
05/31/2018 10:00:00 AM,36,11,25
05/31/2018 11:00:00 AM,51,20,31
05/31/2018 12:00:00 PM,31,10,21
05/31/2018 01:00:00 PM,25,9,16
05/31/2018 02:00:00 PM,38,14,24
05/31/2018 03:00:00 PM,67,29,38
05/31/2018 04:00:00 PM,94,30,64
05/31/2018 05:00:00 PM,130,39,91
05/31/2018 06:00:00 PM,82,34,48
05/31/2018 07:00:00 PM,37,11,26
05/31/2018 08:00:00 PM,27,8,19
05/31/2018 09:00:00 PM,15,6,9
05/31/2018 10:00:00 PM,10,5,5
05/31/2018 11:00:00 PM,8,3,5
06/01/2018 12:00:00 AM,12,8,4
06/01/2018 01:00:00 AM,3,3,0
06/01/2018 02:00:00 AM,2,0,2
06/01/2018 03:00:00 AM,1,0,1
06/01/2018 04:00:00 AM,4,3,1
06/01/2018 05:00:00 AM,13,3,10
06/01/2018 06:00:00 AM,22,6,16
06/01/2018 07:00:00 AM,81,14,67
06/01/2018 08:00:00 AM,128,14,114
06/01/2018 09:00:00 AM,73,11,62
06/01/2018 10:00:00 AM,32,9,23
06/01/2018 11:00:00 AM,32,8,24
06/01/2018 12:00:00 PM,25,3,22
06/01/2018 01:00:00 PM,40,13,27
06/01/2018 02:00:00 PM,49,15,34
06/01/2018 03:00:00 PM,49,18,31
06/01/2018 04:00:00 PM,103,29,74
06/01/2018 05:00:00 PM,105,29,76
06/01/2018 06:00:00 PM,86,31,55
06/01/2018 07:00:00 PM,44,13,31
06/01/2018 08:00:00 PM,22,8,14
06/01/2018 09:00:00 PM,35,16,19
06/01/2018 10:00:00 PM,19,7,12
06/01/2018 11:00:00 PM,15,12,3
06/02/2018 12:00:00 AM,14,9,5
06/02/2018 01:00:00 AM,10,7,3
06/02/2018 02:00:00 AM,6,5,1
06/02/2018 03:00:00 AM,1,0,1
06/02/2018 04:00:00 AM,2,1,1
06/02/2018 05:00:00 AM,5,0,5
06/02/2018 06:00:00 AM,4,0,4
06/02/2018 07:00:00 AM,8,3,5
06/02/2018 08:00:00 AM,30,5,25
06/02/2018 09:00:00 AM,31,10,21
06/02/2018 10:00:00 AM,45,13,32
06/02/2018 11:00:00 AM,44,19,25
06/02/2018 12:00:00 PM,47,11,36
06/02/2018 01:00:00 PM,45,15,30
06/02/2018 02:00:00 PM,47,14,33
06/02/2018 03:00:00 PM,56,24,32
06/02/2018 04:00:00 PM,46,14,32
06/02/2018 05:00:00 PM,39,16,23
06/02/2018 06:00:00 PM,63,16,47
06/02/2018 07:00:00 PM,43,15,28
06/02/2018 08:00:00 PM,22,13,9
06/02/2018 09:00:00 PM,12,8,4
06/02/2018 10:00:00 PM,13,9,4
06/02/2018 11:00:00 PM,18,7,11
06/03/2018 12:00:00 AM,13,7,6
06/03/2018 01:00:00 AM,8,6,2
06/03/2018 02:00:00 AM,2,0,2
06/03/2018 03:00:00 AM,4,2,2
06/03/2018 04:00:00 AM,3,0,3
06/03/2018 05:00:00 AM,3,2,1
06/03/2018 06:00:00 AM,4,0,4
06/03/2018 07:00:00 AM,5,1,4
06/03/2018 08:00:00 AM,11,2,9
06/03/2018 09:00:00 AM,12,2,10
06/03/2018 10:00:00 AM,30,9,21
06/03/2018 11:00:00 AM,31,11,20
06/03/2018 12:00:00 PM,37,10,27
06/03/2018 01:00:00 PM,30,8,22
06/03/2018 02:00:00 PM,19,7,12
06/03/2018 03:00:00 PM,17,8,9
06/03/2018 04:00:00 PM,23,13,10
06/03/2018 05:00:00 PM,24,7,17
06/03/2018 06:00:00 PM,11,9,2
06/03/2018 07:00:00 PM,13,3,10
06/03/2018 08:00:00 PM,8,3,5
06/03/2018 09:00:00 PM,9,1,8
06/03/2018 10:00:00 PM,7,2,5
06/03/2018 11:00:00 PM,6,5,1
06/04/2018 12:00:00 AM,5,0,5
06/04/2018 01:00:00 AM,7,6,1
06/04/2018 02:00:00 AM,2,2,0
06/04/2018 03:00:00 AM,1,0,1
06/04/2018 04:00:00 AM,2,0,2
06/04/2018 05:00:00 AM,11,2,9
06/04/2018 06:00:00 AM,36,5,31
06/04/2018 07:00:00 AM,83,11,72
06/04/2018 08:00:00 AM,132,20,112
06/04/2018 09:00:00 AM,68,10,58
06/04/2018 10:00:00 AM,27,5,22
06/04/2018 11:00:00 AM,12,4,8
06/04/2018 12:00:00 PM,25,7,18
06/04/2018 01:00:00 PM,27,10,17
06/04/2018 02:00:00 PM,30,10,20
06/04/2018 03:00:00 PM,43,12,31
06/04/2018 04:00:00 PM,43,14,29
06/04/2018 05:00:00 PM,2,0,2
06/04/2018 06:00:00 PM,0,0,0
06/04/2018 07:00:00 PM,1,0,1
06/04/2018 08:00:00 PM,1,0,1
06/04/2018 09:00:00 PM,2,0,2
06/04/2018 10:00:00 PM,0,0,0
06/04/2018 11:00:00 PM,0,0,0
06/05/2018 12:00:00 AM,1,0,1
06/05/2018 01:00:00 AM,2,0,2
06/05/2018 02:00:00 AM,0,0,0
06/05/2018 03:00:00 AM,0,0,0
06/05/2018 04:00:00 AM,0,0,0
06/05/2018 05:00:00 AM,0,0,0
06/05/2018 06:00:00 AM,0,0,0
06/05/2018 07:00:00 AM,0,0,0
06/05/2018 08:00:00 AM,3,1,2
06/05/2018 09:00:00 AM,4,0,4
06/05/2018 10:00:00 AM,0,0,0
06/05/2018 11:00:00 AM,0,0,0
06/05/2018 12:00:00 PM,1,0,1
06/05/2018 01:00:00 PM,2,0,2
06/05/2018 02:00:00 PM,1,0,1
06/05/2018 03:00:00 PM,3,0,3
06/05/2018 04:00:00 PM,7,1,6
06/05/2018 05:00:00 PM,11,2,9
06/05/2018 06:00:00 PM,7,0,7
06/05/2018 07:00:00 PM,5,0,5
06/05/2018 08:00:00 PM,0,0,0
06/05/2018 09:00:00 PM,1,0,1
06/05/2018 10:00:00 PM,2,0,2
06/05/2018 11:00:00 PM,4,3,1
06/06/2018 12:00:00 AM,1,0,1
06/06/2018 01:00:00 AM,0,0,0
06/06/2018 02:00:00 AM,0,0,0
06/06/2018 03:00:00 AM,0,0,0
06/06/2018 04:00:00 AM,0,0,0
06/06/2018 05:00:00 AM,0,0,0
06/06/2018 06:00:00 AM,1,0,1
06/06/2018 07:00:00 AM,14,0,14
06/06/2018 08:00:00 AM,16,2,14
06/06/2018 09:00:00 AM,13,1,12
06/06/2018 10:00:00 AM,1,0,1
06/06/2018 11:00:00 AM,4,0,4
06/06/2018 12:00:00 PM,1,0,1
06/06/2018 01:00:00 PM,1,0,1
06/06/2018 02:00:00 PM,1,0,1
06/06/2018 03:00:00 PM,24,12,12
06/06/2018 04:00:00 PM,78,33,45
06/06/2018 05:00:00 PM,135,48,87
06/06/2018 06:00:00 PM,95,38,57
06/06/2018 07:00:00 PM,43,23,20
06/06/2018 08:00:00 PM,34,15,19
06/06/2018 09:00:00 PM,37,18,19
06/06/2018 10:00:00 PM,18,8,10
06/06/2018 11:00:00 PM,10,3,7
06/07/2018 12:00:00 AM,5,3,2
06/07/2018 01:00:00 AM,2,2,0
06/07/2018 02:00:00 AM,1,0,1
06/07/2018 03:00:00 AM,5,3,2
06/07/2018 04:00:00 AM,4,0,4
06/07/2018 05:00:00 AM,17,5,12
06/07/2018 06:00:00 AM,34,10,24
06/07/2018 07:00:00 AM,99,11,88
06/07/2018 08:00:00 AM,139,16,123
06/07/2018 09:00:00 AM,96,20,76
06/07/2018 10:00:00 AM,39,9,30
06/07/2018 11:00:00 AM,33,14,19
06/07/2018 12:00:00 PM,29,10,19
06/07/2018 01:00:00 PM,32,9,23
06/07/2018 02:00:00 PM,38,12,26
06/07/2018 03:00:00 PM,52,17,35
06/07/2018 04:00:00 PM,81,26,55
06/07/2018 05:00:00 PM,125,43,82
06/07/2018 06:00:00 PM,99,38,61
06/07/2018 07:00:00 PM,37,12,25
06/07/2018 08:00:00 PM,48,23,25
06/07/2018 09:00:00 PM,15,6,9
06/07/2018 10:00:00 PM,18,10,8
06/07/2018 11:00:00 PM,10,4,6
06/08/2018 12:00:00 AM,4,2,2
06/08/2018 01:00:00 AM,3,2,1
06/08/2018 02:00:00 AM,4,0,4
06/08/2018 03:00:00 AM,0,0,0
06/08/2018 04:00:00 AM,3,1,2
06/08/2018 05:00:00 AM,10,2,8
06/08/2018 06:00:00 AM,32,3,29
06/08/2018 07:00:00 AM,52,8,44
06/08/2018 08:00:00 AM,90,12,78
06/08/2018 09:00:00 AM,64,12,52
06/08/2018 10:00:00 AM,35,8,27
06/08/2018 11:00:00 AM,25,9,16
06/08/2018 12:00:00 PM,18,4,14
06/08/2018 01:00:00 PM,23,13,10
06/08/2018 02:00:00 PM,23,4,19
06/08/2018 03:00:00 PM,32,10,22
06/08/2018 04:00:00 PM,62,14,48
06/08/2018 05:00:00 PM,65,14,51
06/08/2018 06:00:00 PM,45,17,28
06/08/2018 07:00:00 PM,16,10,6
06/08/2018 08:00:00 PM,17,9,8
06/08/2018 09:00:00 PM,15,8,7
06/08/2018 10:00:00 PM,4,3,1
06/08/2018 11:00:00 PM,8,3,5
06/09/2018 12:00:00 AM,10,3,7
06/09/2018 01:00:00 AM,0,0,0
06/09/2018 02:00:00 AM,3,2,1
06/09/2018 03:00:00 AM,2,0,2
06/09/2018 04:00:00 AM,0,0,0
06/09/2018 05:00:00 AM,4,1,3
06/09/2018 06:00:00 AM,2,0,2
06/09/2018 07:00:00 AM,5,1,4
06/09/2018 08:00:00 AM,11,2,9
06/09/2018 09:00:00 AM,30,9,21
06/09/2018 10:00:00 AM,16,5,11
06/09/2018 11:00:00 AM,34,12,22
06/09/2018 12:00:00 PM,29,10,19
06/09/2018 01:00:00 PM,29,13,16
06/09/2018 02:00:00 PM,41,14,27
06/09/2018 03:00:00 PM,29,10,19
06/09/2018 04:00:00 PM,16,6,10
06/09/2018 05:00:00 PM,32,6,26
06/09/2018 06:00:00 PM,40,11,29
06/09/2018 07:00:00 PM,12,6,6
06/09/2018 08:00:00 PM,12,8,4
06/09/2018 09:00:00 PM,23,8,15
06/09/2018 10:00:00 PM,11,7,4
06/09/2018 11:00:00 PM,11,5,6
06/10/2018 12:00:00 AM,7,4,3
06/10/2018 01:00:00 AM,8,3,5
06/10/2018 02:00:00 AM,2,1,1
06/10/2018 03:00:00 AM,0,0,0
06/10/2018 04:00:00 AM,0,0,0
06/10/2018 05:00:00 AM,3,3,0
06/10/2018 06:00:00 AM,5,2,3
06/10/2018 07:00:00 AM,3,3,0
06/10/2018 08:00:00 AM,10,4,6
06/10/2018 09:00:00 AM,20,3,17
06/10/2018 10:00:00 AM,21,5,16
06/10/2018 11:00:00 AM,24,7,17
06/10/2018 12:00:00 PM,17,8,9
06/10/2018 01:00:00 PM,34,6,28
06/10/2018 02:00:00 PM,35,13,22
06/10/2018 03:00:00 PM,30,7,23
06/10/2018 04:00:00 PM,20,14,6
06/10/2018 05:00:00 PM,18,11,7
06/10/2018 06:00:00 PM,12,7,5
06/10/2018 07:00:00 PM,14,8,6
06/10/2018 08:00:00 PM,8,6,2
06/10/2018 09:00:00 PM,12,6,6
06/10/2018 10:00:00 PM,13,6,7
06/10/2018 11:00:00 PM,5,4,1
06/11/2018 12:00:00 AM,3,1,2
06/11/2018 01:00:00 AM,1,0,1
06/11/2018 02:00:00 AM,1,0,1
06/11/2018 03:00:00 AM,2,2,0
06/11/2018 04:00:00 AM,2,0,2
06/11/2018 05:00:00 AM,11,2,9
06/11/2018 06:00:00 AM,39,6,33
06/11/2018 07:00:00 AM,91,8,83
06/11/2018 08:00:00 AM,171,21,150
06/11/2018 09:00:00 AM,96,9,87
06/11/2018 10:00:00 AM,39,11,28
06/11/2018 11:00:00 AM,18,5,13
06/11/2018 12:00:00 PM,35,7,28
06/11/2018 01:00:00 PM,31,6,25
06/11/2018 02:00:00 PM,32,13,19
06/11/2018 03:00:00 PM,53,19,34
06/11/2018 04:00:00 PM,80,21,59
06/11/2018 05:00:00 PM,129,39,90
06/11/2018 06:00:00 PM,84,27,57
06/11/2018 07:00:00 PM,41,20,21
06/11/2018 08:00:00 PM,28,8,20
06/11/2018 09:00:00 PM,19,7,12
06/11/2018 10:00:00 PM,16,10,6
06/11/2018 11:00:00 PM,8,6,2
06/12/2018 12:00:00 AM,6,4,2
06/12/2018 01:00:00 AM,10,5,5
06/12/2018 02:00:00 AM,2,1,1
06/12/2018 03:00:00 AM,2,2,0
06/12/2018 04:00:00 AM,2,1,1
06/12/2018 05:00:00 AM,20,4,16
06/12/2018 06:00:00 AM,52,8,44
06/12/2018 07:00:00 AM,112,19,93
06/12/2018 08:00:00 AM,185,23,162
06/12/2018 09:00:00 AM,98,17,81
06/12/2018 10:00:00 AM,32,11,21
06/12/2018 11:00:00 AM,28,10,18
06/12/2018 12:00:00 PM,33,9,24
06/12/2018 01:00:00 PM,33,11,22
06/12/2018 02:00:00 PM,38,8,30
06/12/2018 03:00:00 PM,59,11,48
06/12/2018 04:00:00 PM,89,27,62
06/12/2018 05:00:00 PM,136,46,90
06/12/2018 06:00:00 PM,78,25,53
06/12/2018 07:00:00 PM,48,15,33
06/12/2018 08:00:00 PM,30,15,15
06/12/2018 09:00:00 PM,22,7,15
06/12/2018 10:00:00 PM,18,14,4
06/12/2018 11:00:00 PM,10,5,5
06/13/2018 12:00:00 AM,8,6,2
06/13/2018 01:00:00 AM,2,1,1
06/13/2018 02:00:00 AM,2,1,1
06/13/2018 03:00:00 AM,5,3,2
06/13/2018 04:00:00 AM,0,0,0
06/13/2018 05:00:00 AM,11,2,9
06/13/2018 06:00:00 AM,20,6,14
06/13/2018 07:00:00 AM,37,5,32
06/13/2018 08:00:00 AM,86,13,73
06/13/2018 09:00:00 AM,65,10,55
06/13/2018 10:00:00 AM,35,6,29
06/13/2018 11:00:00 AM,21,4,17
06/13/2018 12:00:00 PM,28,7,21
06/13/2018 01:00:00 PM,26,13,13
06/13/2018 02:00:00 PM,30,13,17
06/13/2018 03:00:00 PM,36,12,24
06/13/2018 04:00:00 PM,63,22,41
06/13/2018 05:00:00 PM,81,25,56
06/13/2018 06:00:00 PM,58,17,41
06/13/2018 07:00:00 PM,31,17,14
06/13/2018 08:00:00 PM,23,10,13
06/13/2018 09:00:00 PM,22,9,13
06/13/2018 10:00:00 PM,7,4,3
06/13/2018 11:00:00 PM,11,5,6
06/14/2018 12:00:00 AM,10,6,4
06/14/2018 01:00:00 AM,5,4,1
06/14/2018 02:00:00 AM,0,0,0
06/14/2018 03:00:00 AM,2,1,1
06/14/2018 04:00:00 AM,3,0,3
06/14/2018 05:00:00 AM,11,2,9
06/14/2018 06:00:00 AM,30,6,24
06/14/2018 07:00:00 AM,76,8,68
06/14/2018 08:00:00 AM,151,18,133
06/14/2018 09:00:00 AM,91,14,77
06/14/2018 10:00:00 AM,37,7,30
06/14/2018 11:00:00 AM,36,7,29
06/14/2018 12:00:00 PM,32,10,22
06/14/2018 01:00:00 PM,26,14,12
06/14/2018 02:00:00 PM,30,8,22
06/14/2018 03:00:00 PM,49,17,32
06/14/2018 04:00:00 PM,87,22,65
06/14/2018 05:00:00 PM,123,27,96
06/14/2018 06:00:00 PM,61,12,49
06/14/2018 07:00:00 PM,7,1,6
06/14/2018 08:00:00 PM,3,2,1
06/14/2018 09:00:00 PM,7,1,6
06/14/2018 10:00:00 PM,13,7,6
06/14/2018 11:00:00 PM,7,2,5
06/15/2018 12:00:00 AM,3,1,2
06/15/2018 01:00:00 AM,1,1,0
06/15/2018 02:00:00 AM,0,0,0
06/15/2018 03:00:00 AM,1,0,1
06/15/2018 04:00:00 AM,0,0,0
06/15/2018 05:00:00 AM,2,0,2
06/15/2018 06:00:00 AM,1,0,1
06/15/2018 07:00:00 AM,10,2,8
06/15/2018 08:00:00 AM,8,1,7
06/15/2018 09:00:00 AM,15,2,13
06/15/2018 10:00:00 AM,11,0,11
06/15/2018 11:00:00 AM,26,0,26
06/15/2018 12:00:00 PM,14,3,11
06/15/2018 01:00:00 PM,25,3,22
06/15/2018 02:00:00 PM,42,1,41
06/15/2018 03:00:00 PM,42,3,39
06/15/2018 04:00:00 PM,65,0,65
06/15/2018 05:00:00 PM,91,2,89
06/15/2018 06:00:00 PM,38,3,35
06/15/2018 07:00:00 PM,15,3,12
06/15/2018 08:00:00 PM,12,7,5
06/15/2018 09:00:00 PM,21,4,17
06/15/2018 10:00:00 PM,24,12,12
06/15/2018 11:00:00 PM,20,13,7
06/16/2018 12:00:00 AM,9,6,3
06/16/2018 01:00:00 AM,12,7,5
06/16/2018 02:00:00 AM,4,2,2
06/16/2018 03:00:00 AM,2,1,1
06/16/2018 04:00:00 AM,1,0,1
06/16/2018 05:00:00 AM,0,0,0
06/16/2018 06:00:00 AM,4,0,4
06/16/2018 07:00:00 AM,14,3,11
06/16/2018 08:00:00 AM,27,11,16
06/16/2018 09:00:00 AM,28,10,18
06/16/2018 10:00:00 AM,31,11,20
06/16/2018 11:00:00 AM,42,17,25
06/16/2018 12:00:00 PM,44,22,22
06/16/2018 01:00:00 PM,32,14,18
06/16/2018 02:00:00 PM,46,15,31
06/16/2018 03:00:00 PM,52,9,43
06/16/2018 04:00:00 PM,55,13,42
06/16/2018 05:00:00 PM,30,12,18
06/16/2018 06:00:00 PM,30,5,25
06/16/2018 07:00:00 PM,30,8,22
06/16/2018 08:00:00 PM,29,14,15
06/16/2018 09:00:00 PM,19,3,16
06/16/2018 10:00:00 PM,20,7,13
06/16/2018 11:00:00 PM,13,8,5
06/17/2018 12:00:00 AM,12,6,6
06/17/2018 01:00:00 AM,10,8,2
06/17/2018 02:00:00 AM,5,4,1
06/17/2018 03:00:00 AM,3,2,1
06/17/2018 04:00:00 AM,2,1,1
06/17/2018 05:00:00 AM,1,0,1
06/17/2018 06:00:00 AM,3,2,1
06/17/2018 07:00:00 AM,9,2,7
06/17/2018 08:00:00 AM,13,6,7
06/17/2018 09:00:00 AM,24,8,16
06/17/2018 10:00:00 AM,25,6,19
06/17/2018 11:00:00 AM,26,9,17
06/17/2018 12:00:00 PM,41,14,27
06/17/2018 01:00:00 PM,23,12,11
06/17/2018 02:00:00 PM,45,17,28
06/17/2018 03:00:00 PM,50,15,35
06/17/2018 04:00:00 PM,20,10,10
06/17/2018 05:00:00 PM,28,12,16
06/17/2018 06:00:00 PM,20,8,12
06/17/2018 07:00:00 PM,25,9,16
06/17/2018 08:00:00 PM,26,6,20
06/17/2018 09:00:00 PM,24,14,10
06/17/2018 10:00:00 PM,16,9,7
06/17/2018 11:00:00 PM,11,4,7
06/18/2018 12:00:00 AM,5,4,1
06/18/2018 01:00:00 AM,0,0,0
06/18/2018 02:00:00 AM,2,0,2
06/18/2018 03:00:00 AM,1,1,0
06/18/2018 04:00:00 AM,2,0,2
06/18/2018 05:00:00 AM,14,2,12
06/18/2018 06:00:00 AM,43,1,42
06/18/2018 07:00:00 AM,94,7,87
06/18/2018 08:00:00 AM,164,5,159
06/18/2018 09:00:00 AM,101,12,89
06/18/2018 10:00:00 AM,24,3,21
06/18/2018 11:00:00 AM,23,0,23
06/18/2018 12:00:00 PM,18,3,15
06/18/2018 01:00:00 PM,23,0,23
06/18/2018 02:00:00 PM,25,0,25
06/18/2018 03:00:00 PM,31,0,31
06/18/2018 04:00:00 PM,57,0,57
06/18/2018 05:00:00 PM,92,10,82
06/18/2018 06:00:00 PM,48,3,45
06/18/2018 07:00:00 PM,23,1,22
06/18/2018 08:00:00 PM,18,0,18
06/18/2018 09:00:00 PM,14,3,11
06/18/2018 10:00:00 PM,6,0,6
06/18/2018 11:00:00 PM,5,1,4
06/19/2018 12:00:00 AM,2,1,1
06/19/2018 01:00:00 AM,3,1,2
06/19/2018 02:00:00 AM,1,0,1
06/19/2018 03:00:00 AM,1,0,1
06/19/2018 04:00:00 AM,2,0,2
06/19/2018 05:00:00 AM,10,1,9
06/19/2018 06:00:00 AM,37,0,37
06/19/2018 07:00:00 AM,86,0,86
06/19/2018 08:00:00 AM,153,3,150
06/19/2018 09:00:00 AM,73,1,72
06/19/2018 10:00:00 AM,33,0,33
06/19/2018 11:00:00 AM,15,0,15
06/19/2018 12:00:00 PM,11,0,11
06/19/2018 01:00:00 PM,23,0,23
06/19/2018 02:00:00 PM,36,5,31
06/19/2018 03:00:00 PM,35,1,34
06/19/2018 04:00:00 PM,67,1,66
06/19/2018 05:00:00 PM,76,1,75
06/19/2018 06:00:00 PM,80,30,50
06/19/2018 07:00:00 PM,57,28,29
06/19/2018 08:00:00 PM,29,13,16
06/19/2018 09:00:00 PM,36,7,29
06/19/2018 10:00:00 PM,19,4,15
06/19/2018 11:00:00 PM,18,9,9
06/20/2018 12:00:00 AM,7,2,5
06/20/2018 01:00:00 AM,4,2,2
06/20/2018 02:00:00 AM,4,1,3
06/20/2018 03:00:00 AM,2,1,1
06/20/2018 04:00:00 AM,1,0,1
06/20/2018 05:00:00 AM,8,2,6
06/20/2018 06:00:00 AM,46,10,36
06/20/2018 07:00:00 AM,124,16,108
06/20/2018 08:00:00 AM,169,23,146
06/20/2018 09:00:00 AM,114,12,102
06/20/2018 10:00:00 AM,38,7,31
06/20/2018 11:00:00 AM,28,7,21
06/20/2018 12:00:00 PM,38,12,26
06/20/2018 01:00:00 PM,39,17,22
06/20/2018 02:00:00 PM,38,11,27
06/20/2018 03:00:00 PM,55,21,34
06/20/2018 04:00:00 PM,108,36,72
06/20/2018 05:00:00 PM,144,48,96
06/20/2018 06:00:00 PM,93,38,55
06/20/2018 07:00:00 PM,60,27,33
06/20/2018 08:00:00 PM,43,21,22
06/20/2018 09:00:00 PM,31,12,19
06/20/2018 10:00:00 PM,7,4,3
06/20/2018 11:00:00 PM,13,6,7
06/21/2018 12:00:00 AM,9,6,3
06/21/2018 01:00:00 AM,7,4,3
06/21/2018 02:00:00 AM,2,0,2
06/21/2018 03:00:00 AM,3,1,2
06/21/2018 04:00:00 AM,1,0,1
06/21/2018 05:00:00 AM,16,2,14
06/21/2018 06:00:00 AM,46,5,41
06/21/2018 07:00:00 AM,91,14,77
06/21/2018 08:00:00 AM,164,19,145
06/21/2018 09:00:00 AM,111,14,97
06/21/2018 10:00:00 AM,51,13,38
06/21/2018 11:00:00 AM,28,9,19
06/21/2018 12:00:00 PM,30,12,18
06/21/2018 01:00:00 PM,33,12,21
06/21/2018 02:00:00 PM,37,12,25
06/21/2018 03:00:00 PM,63,15,48
06/21/2018 04:00:00 PM,99,28,71
06/21/2018 05:00:00 PM,153,48,105
06/21/2018 06:00:00 PM,92,46,46
06/21/2018 07:00:00 PM,47,17,30
06/21/2018 08:00:00 PM,33,14,19
06/21/2018 09:00:00 PM,37,22,15
06/21/2018 10:00:00 PM,23,14,9
06/21/2018 11:00:00 PM,13,9,4
06/22/2018 12:00:00 AM,9,8,1
06/22/2018 01:00:00 AM,4,3,1
06/22/2018 02:00:00 AM,4,2,2
06/22/2018 03:00:00 AM,6,3,3
06/22/2018 04:00:00 AM,3,1,2
06/22/2018 05:00:00 AM,14,4,10
06/22/2018 06:00:00 AM,35,5,30
06/22/2018 07:00:00 AM,63,12,51
06/22/2018 08:00:00 AM,139,14,125
06/22/2018 09:00:00 AM,81,10,71
06/22/2018 10:00:00 AM,40,12,28
06/22/2018 11:00:00 AM,37,12,25
06/22/2018 12:00:00 PM,29,12,17
06/22/2018 01:00:00 PM,33,10,23
06/22/2018 02:00:00 PM,39,14,25
06/22/2018 03:00:00 PM,62,24,38
06/22/2018 04:00:00 PM,89,18,71
06/22/2018 05:00:00 PM,96,33,63
06/22/2018 06:00:00 PM,79,33,46
06/22/2018 07:00:00 PM,60,29,31
06/22/2018 08:00:00 PM,34,18,16
06/22/2018 09:00:00 PM,30,14,16
06/22/2018 10:00:00 PM,19,7,12
06/22/2018 11:00:00 PM,11,9,2
06/23/2018 12:00:00 AM,4,2,2
06/23/2018 01:00:00 AM,6,2,4
06/23/2018 02:00:00 AM,7,4,3
06/23/2018 03:00:00 AM,3,2,1
06/23/2018 04:00:00 AM,3,1,2
06/23/2018 05:00:00 AM,1,0,1
06/23/2018 06:00:00 AM,2,0,2
06/23/2018 07:00:00 AM,7,0,7
06/23/2018 08:00:00 AM,35,11,24
06/23/2018 09:00:00 AM,30,7,23
06/23/2018 10:00:00 AM,20,9,11
06/23/2018 11:00:00 AM,38,16,22
06/23/2018 12:00:00 PM,35,17,18
06/23/2018 01:00:00 PM,37,15,22
06/23/2018 02:00:00 PM,41,12,29
06/23/2018 03:00:00 PM,26,12,14
06/23/2018 04:00:00 PM,55,17,38
06/23/2018 05:00:00 PM,57,25,32
06/23/2018 06:00:00 PM,72,20,52
06/23/2018 07:00:00 PM,36,18,18
06/23/2018 08:00:00 PM,25,7,18
06/23/2018 09:00:00 PM,48,35,13
06/23/2018 10:00:00 PM,33,14,19
06/23/2018 11:00:00 PM,17,7,10
06/24/2018 12:00:00 AM,8,6,2
06/24/2018 01:00:00 AM,5,3,2
06/24/2018 02:00:00 AM,6,2,4
06/24/2018 03:00:00 AM,3,3,0
06/24/2018 04:00:00 AM,4,2,2
06/24/2018 05:00:00 AM,2,1,1
06/24/2018 06:00:00 AM,3,0,3
06/24/2018 07:00:00 AM,8,3,5
06/24/2018 08:00:00 AM,15,2,13
06/24/2018 09:00:00 AM,23,1,22
06/24/2018 10:00:00 AM,26,8,18
06/24/2018 11:00:00 AM,38,17,21
06/24/2018 12:00:00 PM,33,11,22
06/24/2018 01:00:00 PM,48,24,24
06/24/2018 02:00:00 PM,63,33,30
06/24/2018 03:00:00 PM,71,30,41
06/24/2018 04:00:00 PM,64,25,39
06/24/2018 05:00:00 PM,53,21,32
06/24/2018 06:00:00 PM,42,18,24
06/24/2018 07:00:00 PM,23,7,16
06/24/2018 08:00:00 PM,16,7,9
06/24/2018 09:00:00 PM,26,4,22
06/24/2018 10:00:00 PM,12,7,5
06/24/2018 11:00:00 PM,8,6,2
06/25/2018 12:00:00 AM,5,2,3
06/25/2018 01:00:00 AM,4,3,1
06/25/2018 02:00:00 AM,1,0,1
06/25/2018 03:00:00 AM,1,1,0
06/25/2018 04:00:00 AM,3,3,0
06/25/2018 05:00:00 AM,11,2,9
06/25/2018 06:00:00 AM,28,5,23
06/25/2018 07:00:00 AM,63,10,53
06/25/2018 08:00:00 AM,118,13,105
06/25/2018 09:00:00 AM,95,20,75
06/25/2018 10:00:00 AM,31,6,25
06/25/2018 11:00:00 AM,20,4,16
06/25/2018 12:00:00 PM,24,7,17
06/25/2018 01:00:00 PM,19,9,10
06/25/2018 02:00:00 PM,24,5,19
06/25/2018 03:00:00 PM,31,13,18
06/25/2018 04:00:00 PM,88,26,62
06/25/2018 05:00:00 PM,101,35,66
06/25/2018 06:00:00 PM,69,25,44
06/25/2018 07:00:00 PM,46,23,23
06/25/2018 08:00:00 PM,27,8,19
06/25/2018 09:00:00 PM,14,1,13
06/25/2018 10:00:00 PM,12,6,6
06/25/2018 11:00:00 PM,15,9,6
06/26/2018 12:00:00 AM,5,3,2
06/26/2018 01:00:00 AM,7,4,3
06/26/2018 02:00:00 AM,1,1,0
06/26/2018 03:00:00 AM,2,1,1
06/26/2018 04:00:00 AM,3,0,3
06/26/2018 05:00:00 AM,15,3,12
06/26/2018 06:00:00 AM,38,6,32
06/26/2018 07:00:00 AM,85,8,77
06/26/2018 08:00:00 AM,151,16,135
06/26/2018 09:00:00 AM,77,12,65
06/26/2018 10:00:00 AM,34,8,26
06/26/2018 11:00:00 AM,27,4,23
06/26/2018 12:00:00 PM,35,9,26
06/26/2018 01:00:00 PM,31,9,22
06/26/2018 02:00:00 PM,43,9,34
06/26/2018 03:00:00 PM,60,20,40
06/26/2018 04:00:00 PM,78,18,60
06/26/2018 05:00:00 PM,120,39,81
06/26/2018 06:00:00 PM,75,37,38
06/26/2018 07:00:00 PM,51,18,33
06/26/2018 08:00:00 PM,31,8,23
06/26/2018 09:00:00 PM,14,6,8
06/26/2018 10:00:00 PM,20,7,13
06/26/2018 11:00:00 PM,11,5,6
06/27/2018 12:00:00 AM,10,5,5
06/27/2018 01:00:00 AM,3,2,1
06/27/2018 02:00:00 AM,1,0,1
06/27/2018 03:00:00 AM,0,0,0
06/27/2018 04:00:00 AM,3,1,2
06/27/2018 05:00:00 AM,15,0,15
06/27/2018 06:00:00 AM,41,6,35
06/27/2018 07:00:00 AM,105,18,87
06/27/2018 08:00:00 AM,174,16,158
06/27/2018 09:00:00 AM,98,12,86
06/27/2018 10:00:00 AM,45,8,37
06/27/2018 11:00:00 AM,35,9,26
06/27/2018 12:00:00 PM,28,7,21
06/27/2018 01:00:00 PM,44,19,25
06/27/2018 02:00:00 PM,37,12,25
06/27/2018 03:00:00 PM,50,16,34
06/27/2018 04:00:00 PM,77,24,53
06/27/2018 05:00:00 PM,148,50,98
06/27/2018 06:00:00 PM,88,39,49
06/27/2018 07:00:00 PM,44,22,22
06/27/2018 08:00:00 PM,27,8,19
06/27/2018 09:00:00 PM,23,12,11
06/27/2018 10:00:00 PM,10,6,4
06/27/2018 11:00:00 PM,7,2,5
06/28/2018 12:00:00 AM,9,6,3
06/28/2018 01:00:00 AM,3,2,1
06/28/2018 02:00:00 AM,3,1,2
06/28/2018 03:00:00 AM,4,3,1
06/28/2018 04:00:00 AM,1,0,1
06/28/2018 05:00:00 AM,11,1,10
06/28/2018 06:00:00 AM,40,4,36
06/28/2018 07:00:00 AM,82,9,73
06/28/2018 08:00:00 AM,164,27,137
06/28/2018 09:00:00 AM,90,15,75
06/28/2018 10:00:00 AM,35,10,25
06/28/2018 11:00:00 AM,30,11,19
06/28/2018 12:00:00 PM,35,13,22
06/28/2018 01:00:00 PM,46,17,29
06/28/2018 02:00:00 PM,43,16,27
06/28/2018 03:00:00 PM,51,20,31
06/28/2018 04:00:00 PM,84,30,54
06/28/2018 05:00:00 PM,141,46,95
06/28/2018 06:00:00 PM,109,34,75
06/28/2018 07:00:00 PM,47,18,29
06/28/2018 08:00:00 PM,31,10,21
06/28/2018 09:00:00 PM,31,16,15
06/28/2018 10:00:00 PM,11,4,7
06/28/2018 11:00:00 PM,18,6,12
06/29/2018 12:00:00 AM,10,5,5
06/29/2018 01:00:00 AM,13,5,8
06/29/2018 02:00:00 AM,5,2,3
06/29/2018 03:00:00 AM,2,0,2
06/29/2018 04:00:00 AM,1,0,1
06/29/2018 05:00:00 AM,11,0,11
06/29/2018 06:00:00 AM,29,7,22
06/29/2018 07:00:00 AM,70,8,62
06/29/2018 08:00:00 AM,131,21,110
06/29/2018 09:00:00 AM,68,12,56
06/29/2018 10:00:00 AM,30,8,22
06/29/2018 11:00:00 AM,33,8,25
06/29/2018 12:00:00 PM,19,8,11
06/29/2018 01:00:00 PM,40,16,24
06/29/2018 02:00:00 PM,46,17,29
06/29/2018 03:00:00 PM,50,13,37
06/29/2018 04:00:00 PM,90,25,65
06/29/2018 05:00:00 PM,103,30,73
06/29/2018 06:00:00 PM,84,28,56
06/29/2018 07:00:00 PM,43,23,20
06/29/2018 08:00:00 PM,29,12,17
06/29/2018 09:00:00 PM,16,8,8
06/29/2018 10:00:00 PM,25,12,13
06/29/2018 11:00:00 PM,21,10,11
06/30/2018 12:00:00 AM,28,8,20
06/30/2018 01:00:00 AM,9,8,1
06/30/2018 02:00:00 AM,3,3,0
06/30/2018 03:00:00 AM,2,1,1
06/30/2018 04:00:00 AM,4,0,4
06/30/2018 05:00:00 AM,1,1,0
06/30/2018 06:00:00 AM,5,0,5
06/30/2018 07:00:00 AM,4,0,4
06/30/2018 08:00:00 AM,22,5,17
06/30/2018 09:00:00 AM,22,7,15
06/30/2018 10:00:00 AM,30,2,28
06/30/2018 11:00:00 AM,37,11,26
06/30/2018 12:00:00 PM,62,17,45
06/30/2018 01:00:00 PM,46,11,35
06/30/2018 02:00:00 PM,48,11,37
06/30/2018 03:00:00 PM,49,24,25
06/30/2018 04:00:00 PM,57,29,28
06/30/2018 05:00:00 PM,37,26,11
06/30/2018 06:00:00 PM,32,14,18
06/30/2018 07:00:00 PM,40,14,26
06/30/2018 08:00:00 PM,26,14,12
06/30/2018 09:00:00 PM,14,5,9
06/30/2018 10:00:00 PM,23,16,7
06/30/2018 11:00:00 PM,13,5,8
07/01/2018 12:00:00 AM,8,6,2
07/01/2018 01:00:00 AM,6,6,0
07/01/2018 02:00:00 AM,4,1,3
07/01/2018 03:00:00 AM,6,6,0
07/01/2018 04:00:00 AM,6,3,3
07/01/2018 05:00:00 AM,0,0,0
07/01/2018 06:00:00 AM,6,1,5
07/01/2018 07:00:00 AM,6,1,5
07/01/2018 08:00:00 AM,20,2,18
07/01/2018 09:00:00 AM,10,1,9
07/01/2018 10:00:00 AM,18,6,12
07/01/2018 11:00:00 AM,26,10,16
07/01/2018 12:00:00 PM,36,15,21
07/01/2018 01:00:00 PM,21,6,15
07/01/2018 02:00:00 PM,34,13,21
07/01/2018 03:00:00 PM,53,27,26
07/01/2018 04:00:00 PM,58,25,33
07/01/2018 05:00:00 PM,30,15,15
07/01/2018 06:00:00 PM,25,10,15
07/01/2018 07:00:00 PM,25,7,18
07/01/2018 08:00:00 PM,21,9,12
07/01/2018 09:00:00 PM,15,7,8
07/01/2018 10:00:00 PM,12,5,7
07/01/2018 11:00:00 PM,14,5,9
07/02/2018 12:00:00 AM,10,5,5
07/02/2018 01:00:00 AM,3,2,1
07/02/2018 02:00:00 AM,2,0,2
07/02/2018 03:00:00 AM,0,0,0
07/02/2018 04:00:00 AM,2,1,1
07/02/2018 05:00:00 AM,9,2,7
07/02/2018 06:00:00 AM,29,2,27
07/02/2018 07:00:00 AM,71,9,62
07/02/2018 08:00:00 AM,160,22,138
07/02/2018 09:00:00 AM,90,12,78
07/02/2018 10:00:00 AM,46,7,39
07/02/2018 11:00:00 AM,26,8,18
07/02/2018 12:00:00 PM,21,9,12
07/02/2018 01:00:00 PM,39,17,22
07/02/2018 02:00:00 PM,36,10,26
07/02/2018 03:00:00 PM,64,20,44
07/02/2018 04:00:00 PM,97,42,55
07/02/2018 05:00:00 PM,122,41,81
07/02/2018 06:00:00 PM,75,35,40
07/02/2018 07:00:00 PM,48,20,28
07/02/2018 08:00:00 PM,34,8,26
07/02/2018 09:00:00 PM,19,12,7
07/02/2018 10:00:00 PM,22,15,7
07/02/2018 11:00:00 PM,7,4,3
07/03/2018 12:00:00 AM,3,2,1
07/03/2018 01:00:00 AM,1,0,1
07/03/2018 02:00:00 AM,4,2,2
07/03/2018 03:00:00 AM,1,0,1
07/03/2018 04:00:00 AM,2,0,2
07/03/2018 05:00:00 AM,12,0,12
07/03/2018 06:00:00 AM,54,10,44
07/03/2018 07:00:00 AM,89,13,76
07/03/2018 08:00:00 AM,143,22,121
07/03/2018 09:00:00 AM,96,26,70
07/03/2018 10:00:00 AM,46,13,33
07/03/2018 11:00:00 AM,34,7,27
07/03/2018 12:00:00 PM,44,15,29
07/03/2018 01:00:00 PM,36,20,16
07/03/2018 02:00:00 PM,48,12,36
07/03/2018 03:00:00 PM,55,19,36
07/03/2018 04:00:00 PM,92,32,60
07/03/2018 05:00:00 PM,150,53,97
07/03/2018 06:00:00 PM,75,19,56
07/03/2018 07:00:00 PM,49,15,34
07/03/2018 08:00:00 PM,36,21,15
07/03/2018 09:00:00 PM,24,13,11
07/03/2018 10:00:00 PM,31,18,13
07/03/2018 11:00:00 PM,14,6,8
07/04/2018 12:00:00 AM,16,10,6
07/04/2018 01:00:00 AM,11,8,3
07/04/2018 02:00:00 AM,1,1,0
07/04/2018 03:00:00 AM,4,1,3
07/04/2018 04:00:00 AM,1,1,0
07/04/2018 05:00:00 AM,0,0,0
07/04/2018 06:00:00 AM,5,0,5
07/04/2018 07:00:00 AM,17,3,14
07/04/2018 08:00:00 AM,11,4,7
07/04/2018 09:00:00 AM,30,3,27
07/04/2018 10:00:00 AM,33,9,24
07/04/2018 11:00:00 AM,48,11,37
07/04/2018 12:00:00 PM,41,12,29
07/04/2018 01:00:00 PM,78,20,58
07/04/2018 02:00:00 PM,44,20,24
07/04/2018 03:00:00 PM,40,9,31
07/04/2018 04:00:00 PM,40,25,15
07/04/2018 05:00:00 PM,54,29,25
07/04/2018 06:00:00 PM,33,19,14
07/04/2018 07:00:00 PM,26,15,11
07/04/2018 08:00:00 PM,41,26,15
07/04/2018 09:00:00 PM,27,13,14
07/04/2018 10:00:00 PM,9,4,5
07/04/2018 11:00:00 PM,31,4,27
07/05/2018 12:00:00 AM,18,8,10
07/05/2018 01:00:00 AM,10,9,1
07/05/2018 02:00:00 AM,2,1,1
07/05/2018 03:00:00 AM,0,0,0
07/05/2018 04:00:00 AM,6,1,5
07/05/2018 05:00:00 AM,10,1,9
07/05/2018 06:00:00 AM,28,4,24
07/05/2018 07:00:00 AM,73,14,59
07/05/2018 08:00:00 AM,113,21,92
07/05/2018 09:00:00 AM,72,11,61
07/05/2018 10:00:00 AM,48,10,38
07/05/2018 11:00:00 AM,38,16,22
07/05/2018 12:00:00 PM,38,17,21
07/05/2018 01:00:00 PM,55,28,27
07/05/2018 02:00:00 PM,44,14,30
07/05/2018 03:00:00 PM,57,27,30
07/05/2018 04:00:00 PM,78,24,54
07/05/2018 05:00:00 PM,122,32,90
07/05/2018 06:00:00 PM,84,35,49
07/05/2018 07:00:00 PM,32,13,19
07/05/2018 08:00:00 PM,44,17,27
07/05/2018 09:00:00 PM,31,19,12
07/05/2018 10:00:00 PM,17,9,8
07/05/2018 11:00:00 PM,11,7,4
07/06/2018 12:00:00 AM,11,4,7
07/06/2018 01:00:00 AM,5,5,0
07/06/2018 02:00:00 AM,2,2,0
07/06/2018 03:00:00 AM,3,0,3
07/06/2018 04:00:00 AM,0,0,0
07/06/2018 05:00:00 AM,7,2,5
07/06/2018 06:00:00 AM,29,9,20
07/06/2018 07:00:00 AM,68,10,58
07/06/2018 08:00:00 AM,116,17,99
07/06/2018 09:00:00 AM,96,18,78
07/06/2018 10:00:00 AM,31,6,25
07/06/2018 11:00:00 AM,30,8,22
07/06/2018 12:00:00 PM,48,18,30
07/06/2018 01:00:00 PM,62,15,47
07/06/2018 02:00:00 PM,49,17,32
07/06/2018 03:00:00 PM,49,19,30
07/06/2018 04:00:00 PM,90,28,62
07/06/2018 05:00:00 PM,94,37,57
07/06/2018 06:00:00 PM,29,14,15
07/06/2018 07:00:00 PM,3,2,1
07/06/2018 08:00:00 PM,0,0,0
07/06/2018 09:00:00 PM,0,0,0
07/06/2018 10:00:00 PM,3,0,3
07/06/2018 11:00:00 PM,1,1,0
07/07/2018 12:00:00 AM,0,0,0
07/07/2018 01:00:00 AM,0,0,0
07/07/2018 02:00:00 AM,0,0,0
07/07/2018 03:00:00 AM,0,0,0
07/07/2018 04:00:00 AM,0,0,0
07/07/2018 05:00:00 AM,0,0,0
07/07/2018 06:00:00 AM,0,0,0
07/07/2018 07:00:00 AM,0,0,0
07/07/2018 08:00:00 AM,0,0,0
07/07/2018 09:00:00 AM,1,1,0
07/07/2018 10:00:00 AM,0,0,0
07/07/2018 11:00:00 AM,0,0,0
07/07/2018 12:00:00 PM,0,0,0
07/07/2018 01:00:00 PM,0,0,0
07/07/2018 02:00:00 PM,3,2,1
07/07/2018 03:00:00 PM,8,6,2
07/07/2018 04:00:00 PM,6,6,0
07/07/2018 05:00:00 PM,4,4,0
07/07/2018 06:00:00 PM,0,0,0
07/07/2018 07:00:00 PM,0,0,0
07/07/2018 08:00:00 PM,0,0,0
07/07/2018 09:00:00 PM,0,0,0
07/07/2018 10:00:00 PM,1,1,0
07/07/2018 11:00:00 PM,1,1,0
07/08/2018 12:00:00 AM,2,2,0
07/08/2018 01:00:00 AM,0,0,0
07/08/2018 02:00:00 AM,0,0,0
07/08/2018 03:00:00 AM,0,0,0
07/08/2018 04:00:00 AM,0,0,0
07/08/2018 05:00:00 AM,0,0,0
07/08/2018 06:00:00 AM,0,0,0
07/08/2018 07:00:00 AM,0,0,0
07/08/2018 08:00:00 AM,0,0,0
07/08/2018 09:00:00 AM,0,0,0
07/08/2018 10:00:00 AM,0,0,0
07/08/2018 11:00:00 AM,0,0,0
07/08/2018 12:00:00 PM,4,4,0
07/08/2018 01:00:00 PM,0,0,0
07/08/2018 02:00:00 PM,0,0,0
07/08/2018 03:00:00 PM,0,0,0
07/08/2018 04:00:00 PM,2,2,0
07/08/2018 05:00:00 PM,0,0,0
07/08/2018 06:00:00 PM,0,0,0
07/08/2018 07:00:00 PM,0,0,0
07/08/2018 08:00:00 PM,0,0,0
07/08/2018 09:00:00 PM,2,0,2
07/08/2018 10:00:00 PM,0,0,0
07/08/2018 11:00:00 PM,0,0,0
07/09/2018 12:00:00 AM,0,0,0
07/09/2018 01:00:00 AM,0,0,0
07/09/2018 02:00:00 AM,0,0,0
07/09/2018 03:00:00 AM,0,0,0
07/09/2018 04:00:00 AM,0,0,0
07/09/2018 05:00:00 AM,0,0,0
07/09/2018 06:00:00 AM,2,2,0
07/09/2018 07:00:00 AM,0,0,0
07/09/2018 08:00:00 AM,5,5,0
07/09/2018 09:00:00 AM,4,4,0
07/09/2018 10:00:00 AM,0,0,0
07/09/2018 11:00:00 AM,0,0,0
07/09/2018 12:00:00 PM,0,0,0
07/09/2018 01:00:00 PM,0,0,0
07/09/2018 02:00:00 PM,2,2,0
07/09/2018 03:00:00 PM,0,0,0
07/09/2018 04:00:00 PM,3,2,1
07/09/2018 05:00:00 PM,2,2,0
07/09/2018 06:00:00 PM,2,2,0
07/09/2018 07:00:00 PM,1,0,1
07/09/2018 08:00:00 PM,2,2,0
07/09/2018 09:00:00 PM,0,0,0
07/09/2018 10:00:00 PM,0,0,0
07/09/2018 11:00:00 PM,1,0,1
07/10/2018 12:00:00 AM,1,1,0
07/10/2018 01:00:00 AM,0,0,0
07/10/2018 02:00:00 AM,0,0,0
07/10/2018 03:00:00 AM,0,0,0
07/10/2018 04:00:00 AM,0,0,0
07/10/2018 05:00:00 AM,0,0,0
07/10/2018 06:00:00 AM,0,0,0
07/10/2018 07:00:00 AM,0,0,0
07/10/2018 08:00:00 AM,0,0,0
07/10/2018 09:00:00 AM,0,0,0
07/10/2018 10:00:00 AM,0,0,0
07/10/2018 11:00:00 AM,0,0,0
07/10/2018 12:00:00 PM,0,0,0
07/10/2018 01:00:00 PM,0,0,0
07/10/2018 02:00:00 PM,0,0,0
07/10/2018 03:00:00 PM,0,0,0
07/10/2018 04:00:00 PM,0,0,0
07/10/2018 05:00:00 PM,0,0,0
07/10/2018 06:00:00 PM,0,0,0
07/10/2018 07:00:00 PM,0,0,0
07/10/2018 08:00:00 PM,0,0,0
07/10/2018 09:00:00 PM,0,0,0
07/10/2018 10:00:00 PM,0,0,0
07/10/2018 11:00:00 PM,0,0,0
07/11/2018 12:00:00 AM,0,0,0
07/11/2018 01:00:00 AM,0,0,0
07/11/2018 02:00:00 AM,0,0,0
07/11/2018 03:00:00 AM,0,0,0
07/11/2018 04:00:00 AM,0,0,0
07/11/2018 05:00:00 AM,0,0,0
07/11/2018 06:00:00 AM,0,0,0
07/11/2018 07:00:00 AM,0,0,0
07/11/2018 08:00:00 AM,0,0,0
07/11/2018 09:00:00 AM,0,0,0
07/11/2018 10:00:00 AM,0,0,0
07/11/2018 11:00:00 AM,0,0,0
07/11/2018 12:00:00 PM,0,0,0
07/11/2018 01:00:00 PM,0,0,0
07/11/2018 02:00:00 PM,0,0,0
07/11/2018 03:00:00 PM,0,0,0
07/11/2018 04:00:00 PM,0,0,0
07/11/2018 05:00:00 PM,0,0,0
07/11/2018 06:00:00 PM,0,0,0
07/11/2018 07:00:00 PM,0,0,0
07/11/2018 08:00:00 PM,1,0,1
07/11/2018 09:00:00 PM,0,0,0
07/11/2018 10:00:00 PM,0,0,0
07/11/2018 11:00:00 PM,0,0,0
07/12/2018 12:00:00 AM,0,0,0
07/12/2018 01:00:00 AM,0,0,0
07/12/2018 02:00:00 AM,0,0,0
07/12/2018 03:00:00 AM,0,0,0
07/12/2018 04:00:00 AM,0,0,0
07/12/2018 05:00:00 AM,0,0,0
07/12/2018 06:00:00 AM,0,0,0
07/12/2018 07:00:00 AM,0,0,0
07/12/2018 08:00:00 AM,0,0,0
07/12/2018 09:00:00 AM,0,0,0
07/12/2018 10:00:00 AM,0,0,0
07/12/2018 11:00:00 AM,0,0,0
07/12/2018 12:00:00 PM,0,0,0
07/12/2018 01:00:00 PM,0,0,0
07/12/2018 02:00:00 PM,0,0,0
07/12/2018 03:00:00 PM,36,11,25
07/12/2018 04:00:00 PM,106,40,66
07/12/2018 05:00:00 PM,204,84,120
07/12/2018 06:00:00 PM,122,54,68
07/12/2018 07:00:00 PM,69,33,36
07/12/2018 08:00:00 PM,45,19,26
07/12/2018 09:00:00 PM,27,9,18
07/12/2018 10:00:00 PM,25,10,15
07/12/2018 11:00:00 PM,13,5,8
07/13/2018 12:00:00 AM,16,8,8
07/13/2018 01:00:00 AM,6,2,4
07/13/2018 02:00:00 AM,3,2,1
07/13/2018 03:00:00 AM,4,0,4
07/13/2018 04:00:00 AM,2,1,1
07/13/2018 05:00:00 AM,9,1,8
07/13/2018 06:00:00 AM,27,4,23
07/13/2018 07:00:00 AM,82,11,71
07/13/2018 08:00:00 AM,167,25,142
07/13/2018 09:00:00 AM,114,22,92
07/13/2018 10:00:00 AM,39,13,26
07/13/2018 11:00:00 AM,41,14,27
07/13/2018 12:00:00 PM,24,11,13
07/13/2018 01:00:00 PM,35,19,16
07/13/2018 02:00:00 PM,45,17,28
07/13/2018 03:00:00 PM,59,19,40
07/13/2018 04:00:00 PM,101,38,63
07/13/2018 05:00:00 PM,129,39,90
07/13/2018 06:00:00 PM,83,40,43
07/13/2018 07:00:00 PM,53,21,32
07/13/2018 08:00:00 PM,35,14,21
07/13/2018 09:00:00 PM,44,26,18
07/13/2018 10:00:00 PM,26,10,16
07/13/2018 11:00:00 PM,17,9,8
07/14/2018 12:00:00 AM,18,8,10
07/14/2018 01:00:00 AM,9,6,3
07/14/2018 02:00:00 AM,11,6,5
07/14/2018 03:00:00 AM,5,3,2
07/14/2018 04:00:00 AM,4,1,3
07/14/2018 05:00:00 AM,8,1,7
07/14/2018 06:00:00 AM,7,3,4
07/14/2018 07:00:00 AM,4,1,3
07/14/2018 08:00:00 AM,14,3,11
07/14/2018 09:00:00 AM,18,8,10
07/14/2018 10:00:00 AM,35,7,28
07/14/2018 11:00:00 AM,26,7,19
07/14/2018 12:00:00 PM,28,10,18
07/14/2018 01:00:00 PM,33,9,24
07/14/2018 02:00:00 PM,43,17,26
07/14/2018 03:00:00 PM,40,17,23
07/14/2018 04:00:00 PM,35,16,19
07/14/2018 05:00:00 PM,42,22,20
07/14/2018 06:00:00 PM,40,14,26
07/14/2018 07:00:00 PM,43,25,18
07/14/2018 08:00:00 PM,35,16,19
07/14/2018 09:00:00 PM,27,12,15
07/14/2018 10:00:00 PM,18,13,5
07/14/2018 11:00:00 PM,18,12,6
07/15/2018 12:00:00 AM,26,12,14
07/15/2018 01:00:00 AM,9,6,3
07/15/2018 02:00:00 AM,14,12,2
07/15/2018 03:00:00 AM,2,1,1
07/15/2018 04:00:00 AM,3,0,3
07/15/2018 05:00:00 AM,0,0,0
07/15/2018 06:00:00 AM,4,0,4
07/15/2018 07:00:00 AM,9,5,4
07/15/2018 08:00:00 AM,25,5,20
07/15/2018 09:00:00 AM,12,4,8
07/15/2018 10:00:00 AM,27,10,17
07/15/2018 11:00:00 AM,41,13,28
07/15/2018 12:00:00 PM,37,15,22
07/15/2018 01:00:00 PM,30,12,18
07/15/2018 02:00:00 PM,50,26,24
07/15/2018 03:00:00 PM,32,16,16
07/15/2018 04:00:00 PM,29,17,12
07/15/2018 05:00:00 PM,30,15,15
07/15/2018 06:00:00 PM,27,12,15
07/15/2018 07:00:00 PM,27,13,14
07/15/2018 08:00:00 PM,28,13,15
07/15/2018 09:00:00 PM,17,9,8
07/15/2018 10:00:00 PM,20,8,12
07/15/2018 11:00:00 PM,14,7,7
07/16/2018 12:00:00 AM,6,5,1
07/16/2018 01:00:00 AM,11,8,3
07/16/2018 02:00:00 AM,4,2,2
07/16/2018 03:00:00 AM,2,0,2
07/16/2018 04:00:00 AM,3,0,3
07/16/2018 05:00:00 AM,8,0,8
07/16/2018 06:00:00 AM,33,9,24
07/16/2018 07:00:00 AM,92,11,81
07/16/2018 08:00:00 AM,161,28,133
07/16/2018 09:00:00 AM,109,21,88
07/16/2018 10:00:00 AM,28,3,25
07/16/2018 11:00:00 AM,33,13,20
07/16/2018 12:00:00 PM,19,8,11
07/16/2018 01:00:00 PM,33,14,19
07/16/2018 02:00:00 PM,22,9,13
07/16/2018 03:00:00 PM,54,18,36
07/16/2018 04:00:00 PM,85,31,54
07/16/2018 05:00:00 PM,129,37,92
07/16/2018 06:00:00 PM,78,30,48
07/16/2018 07:00:00 PM,40,19,21
07/16/2018 08:00:00 PM,39,15,24
07/16/2018 09:00:00 PM,23,9,14
07/16/2018 10:00:00 PM,18,11,7
07/16/2018 11:00:00 PM,13,4,9
07/17/2018 12:00:00 AM,8,5,3
07/17/2018 01:00:00 AM,5,5,0
07/17/2018 02:00:00 AM,4,2,2
07/17/2018 03:00:00 AM,1,1,0
07/17/2018 04:00:00 AM,2,0,2
07/17/2018 05:00:00 AM,11,1,10
07/17/2018 06:00:00 AM,39,5,34
07/17/2018 07:00:00 AM,96,12,84
07/17/2018 08:00:00 AM,160,29,131
07/17/2018 09:00:00 AM,129,18,111
07/17/2018 10:00:00 AM,51,20,31
07/17/2018 11:00:00 AM,37,10,27
07/17/2018 12:00:00 PM,36,12,24
07/17/2018 01:00:00 PM,41,12,29
07/17/2018 02:00:00 PM,29,10,19
07/17/2018 03:00:00 PM,58,18,40
07/17/2018 04:00:00 PM,82,21,61
07/17/2018 05:00:00 PM,155,57,98
07/17/2018 06:00:00 PM,97,48,49
07/17/2018 07:00:00 PM,46,20,26
07/17/2018 08:00:00 PM,36,11,25
07/17/2018 09:00:00 PM,26,14,12
07/17/2018 10:00:00 PM,12,8,4
07/17/2018 11:00:00 PM,18,12,6
07/18/2018 12:00:00 AM,18,11,7
07/18/2018 01:00:00 AM,6,3,3
07/18/2018 02:00:00 AM,3,1,2
07/18/2018 03:00:00 AM,1,1,0
07/18/2018 04:00:00 AM,2,1,1
07/18/2018 05:00:00 AM,12,3,9
07/18/2018 06:00:00 AM,48,11,37
07/18/2018 07:00:00 AM,90,15,75
07/18/2018 08:00:00 AM,167,24,143
07/18/2018 09:00:00 AM,122,14,108
07/18/2018 10:00:00 AM,48,12,36
07/18/2018 11:00:00 AM,33,8,25
07/18/2018 12:00:00 PM,42,18,24
07/18/2018 01:00:00 PM,29,18,11
07/18/2018 02:00:00 PM,32,13,19
07/18/2018 03:00:00 PM,51,13,38
07/18/2018 04:00:00 PM,81,18,63
07/18/2018 05:00:00 PM,160,52,108
07/18/2018 06:00:00 PM,112,44,68
07/18/2018 07:00:00 PM,69,33,36
07/18/2018 08:00:00 PM,48,17,31
07/18/2018 09:00:00 PM,38,19,19
07/18/2018 10:00:00 PM,13,7,6
07/18/2018 11:00:00 PM,12,5,7
07/19/2018 12:00:00 AM,11,4,7
07/19/2018 01:00:00 AM,7,4,3
07/19/2018 02:00:00 AM,2,1,1
07/19/2018 03:00:00 AM,1,1,0
07/19/2018 04:00:00 AM,1,0,1
07/19/2018 05:00:00 AM,12,3,9
07/19/2018 06:00:00 AM,43,8,35
07/19/2018 07:00:00 AM,106,13,93
07/19/2018 08:00:00 AM,171,24,147
07/19/2018 09:00:00 AM,109,18,91
07/19/2018 10:00:00 AM,36,8,28
07/19/2018 11:00:00 AM,31,17,14
07/19/2018 12:00:00 PM,37,12,25
07/19/2018 01:00:00 PM,31,12,19
07/19/2018 02:00:00 PM,37,11,26
07/19/2018 03:00:00 PM,71,20,51
07/19/2018 04:00:00 PM,101,33,68
07/19/2018 05:00:00 PM,111,33,78
07/19/2018 06:00:00 PM,81,33,48
07/19/2018 07:00:00 PM,35,17,18
07/19/2018 08:00:00 PM,35,17,18
07/19/2018 09:00:00 PM,27,17,10
07/19/2018 10:00:00 PM,30,20,10
07/19/2018 11:00:00 PM,14,7,7
07/20/2018 12:00:00 AM,8,6,2
07/20/2018 01:00:00 AM,6,5,1
07/20/2018 02:00:00 AM,7,4,3
07/20/2018 03:00:00 AM,2,2,0
07/20/2018 04:00:00 AM,1,0,1
07/20/2018 05:00:00 AM,11,3,8
07/20/2018 06:00:00 AM,29,6,23
07/20/2018 07:00:00 AM,71,6,65
07/20/2018 08:00:00 AM,131,21,110
07/20/2018 09:00:00 AM,90,19,71
07/20/2018 10:00:00 AM,31,5,26
07/20/2018 11:00:00 AM,31,10,21
07/20/2018 12:00:00 PM,31,14,17
07/20/2018 01:00:00 PM,60,24,36
07/20/2018 02:00:00 PM,45,26,19
07/20/2018 03:00:00 PM,68,21,47
07/20/2018 04:00:00 PM,123,27,96
07/20/2018 05:00:00 PM,140,55,85
07/20/2018 06:00:00 PM,66,23,43
07/20/2018 07:00:00 PM,35,12,23
07/20/2018 08:00:00 PM,39,16,23
07/20/2018 09:00:00 PM,30,7,23
07/20/2018 10:00:00 PM,29,18,11
07/20/2018 11:00:00 PM,27,8,19
07/21/2018 12:00:00 AM,18,11,7
07/21/2018 01:00:00 AM,16,9,7
07/21/2018 02:00:00 AM,4,3,1
07/21/2018 03:00:00 AM,3,2,1
07/21/2018 04:00:00 AM,1,1,0
07/21/2018 05:00:00 AM,6,5,1
07/21/2018 06:00:00 AM,10,0,10
07/21/2018 07:00:00 AM,6,3,3
07/21/2018 08:00:00 AM,23,9,14
07/21/2018 09:00:00 AM,26,5,21
07/21/2018 10:00:00 AM,36,6,30
07/21/2018 11:00:00 AM,47,17,30
07/21/2018 12:00:00 PM,75,22,53
07/21/2018 01:00:00 PM,47,8,39
07/21/2018 02:00:00 PM,36,17,19
07/21/2018 03:00:00 PM,88,48,40
07/21/2018 04:00:00 PM,46,21,25
07/21/2018 05:00:00 PM,45,16,29
07/21/2018 06:00:00 PM,34,8,26
07/21/2018 07:00:00 PM,46,17,29
07/21/2018 08:00:00 PM,26,11,15
07/21/2018 09:00:00 PM,36,14,22
07/21/2018 10:00:00 PM,12,6,6
07/21/2018 11:00:00 PM,22,12,10
07/22/2018 12:00:00 AM,20,6,14
07/22/2018 01:00:00 AM,10,5,5
07/22/2018 02:00:00 AM,4,2,2
07/22/2018 03:00:00 AM,5,5,0
07/22/2018 04:00:00 AM,3,1,2
07/22/2018 05:00:00 AM,0,0,0
07/22/2018 06:00:00 AM,13,1,12
07/22/2018 07:00:00 AM,3,1,2
07/22/2018 08:00:00 AM,14,3,11
07/22/2018 09:00:00 AM,17,7,10
07/22/2018 10:00:00 AM,28,12,16
07/22/2018 11:00:00 AM,29,8,21
07/22/2018 12:00:00 PM,54,22,32
07/22/2018 01:00:00 PM,30,14,16
07/22/2018 02:00:00 PM,35,10,25
07/22/2018 03:00:00 PM,37,13,24
07/22/2018 04:00:00 PM,37,20,17
07/22/2018 05:00:00 PM,38,13,25
07/22/2018 06:00:00 PM,29,16,13
07/22/2018 07:00:00 PM,21,8,13
07/22/2018 08:00:00 PM,15,6,9
07/22/2018 09:00:00 PM,11,5,6
07/22/2018 10:00:00 PM,15,5,10
07/22/2018 11:00:00 PM,9,5,4
07/23/2018 12:00:00 AM,7,4,3
07/23/2018 01:00:00 AM,8,7,1
07/23/2018 02:00:00 AM,1,1,0
07/23/2018 03:00:00 AM,1,0,1
07/23/2018 04:00:00 AM,1,1,0
07/23/2018 05:00:00 AM,17,8,9
07/23/2018 06:00:00 AM,36,4,32
07/23/2018 07:00:00 AM,101,14,87
07/23/2018 08:00:00 AM,163,25,138
07/23/2018 09:00:00 AM,95,16,79
07/23/2018 10:00:00 AM,41,13,28
07/23/2018 11:00:00 AM,25,7,18
07/23/2018 12:00:00 PM,29,17,12
07/23/2018 01:00:00 PM,25,12,13
07/23/2018 02:00:00 PM,40,17,23
07/23/2018 03:00:00 PM,55,22,33
07/23/2018 04:00:00 PM,87,24,63
07/23/2018 05:00:00 PM,146,48,98
07/23/2018 06:00:00 PM,98,48,50
07/23/2018 07:00:00 PM,58,22,36
07/23/2018 08:00:00 PM,22,9,13
07/23/2018 09:00:00 PM,27,12,15
07/23/2018 10:00:00 PM,23,12,11
07/23/2018 11:00:00 PM,13,7,6
07/24/2018 12:00:00 AM,14,7,7
07/24/2018 01:00:00 AM,8,5,3
07/24/2018 02:00:00 AM,3,1,2
07/24/2018 03:00:00 AM,3,2,1
07/24/2018 04:00:00 AM,4,3,1
07/24/2018 05:00:00 AM,16,3,13
07/24/2018 06:00:00 AM,48,6,42
07/24/2018 07:00:00 AM,103,18,85
07/24/2018 08:00:00 AM,181,33,148
07/24/2018 09:00:00 AM,89,13,76
07/24/2018 10:00:00 AM,37,10,27
07/24/2018 11:00:00 AM,33,12,21
07/24/2018 12:00:00 PM,25,5,20
07/24/2018 01:00:00 PM,42,18,24
07/24/2018 02:00:00 PM,38,12,26
07/24/2018 03:00:00 PM,52,18,34
07/24/2018 04:00:00 PM,106,33,73
07/24/2018 05:00:00 PM,177,52,125
07/24/2018 06:00:00 PM,99,35,64
07/24/2018 07:00:00 PM,58,23,35
07/24/2018 08:00:00 PM,40,17,23
07/24/2018 09:00:00 PM,24,6,18
07/24/2018 10:00:00 PM,31,21,10
07/24/2018 11:00:00 PM,26,10,16
07/25/2018 12:00:00 AM,5,2,3
07/25/2018 01:00:00 AM,0,0,0
07/25/2018 02:00:00 AM,4,1,3
07/25/2018 03:00:00 AM,2,2,0
07/25/2018 04:00:00 AM,4,3,1
07/25/2018 05:00:00 AM,20,4,16
07/25/2018 06:00:00 AM,44,3,41
07/25/2018 07:00:00 AM,99,14,85
07/25/2018 08:00:00 AM,163,23,140
07/25/2018 09:00:00 AM,123,24,99
07/25/2018 10:00:00 AM,54,19,35
07/25/2018 11:00:00 AM,38,13,25
07/25/2018 12:00:00 PM,60,12,48
07/25/2018 01:00:00 PM,36,14,22
07/25/2018 02:00:00 PM,35,14,21
07/25/2018 03:00:00 PM,64,22,42
07/25/2018 04:00:00 PM,119,41,78
07/25/2018 05:00:00 PM,148,51,97
07/25/2018 06:00:00 PM,100,52,48
07/25/2018 07:00:00 PM,57,28,29
07/25/2018 08:00:00 PM,29,9,20
07/25/2018 09:00:00 PM,27,16,11
07/25/2018 10:00:00 PM,26,9,17
07/25/2018 11:00:00 PM,12,5,7
07/26/2018 12:00:00 AM,9,6,3
07/26/2018 01:00:00 AM,2,1,1
07/26/2018 02:00:00 AM,3,1,2
07/26/2018 03:00:00 AM,1,0,1
07/26/2018 04:00:00 AM,2,1,1
07/26/2018 05:00:00 AM,16,2,14
07/26/2018 06:00:00 AM,49,11,38
07/26/2018 07:00:00 AM,91,16,75
07/26/2018 08:00:00 AM,159,23,136
07/26/2018 09:00:00 AM,108,25,83
07/26/2018 10:00:00 AM,44,10,34
07/26/2018 11:00:00 AM,50,17,33
07/26/2018 12:00:00 PM,44,19,25
07/26/2018 01:00:00 PM,46,20,26
07/26/2018 02:00:00 PM,34,10,24
07/26/2018 03:00:00 PM,63,16,47
07/26/2018 04:00:00 PM,109,35,74
07/26/2018 05:00:00 PM,125,47,78
07/26/2018 06:00:00 PM,67,39,28
07/26/2018 07:00:00 PM,39,23,16
07/26/2018 08:00:00 PM,36,9,27
07/26/2018 09:00:00 PM,25,9,16
07/26/2018 10:00:00 PM,14,6,8
07/26/2018 11:00:00 PM,16,7,9
07/27/2018 12:00:00 AM,7,2,5
07/27/2018 01:00:00 AM,6,1,5
07/27/2018 02:00:00 AM,1,0,1
07/27/2018 03:00:00 AM,5,3,2
07/27/2018 04:00:00 AM,2,2,0
07/27/2018 05:00:00 AM,10,0,10
07/27/2018 06:00:00 AM,30,4,26
07/27/2018 07:00:00 AM,79,11,68
07/27/2018 08:00:00 AM,132,19,113
07/27/2018 09:00:00 AM,86,14,72
07/27/2018 10:00:00 AM,40,10,30
07/27/2018 11:00:00 AM,36,13,23
07/27/2018 12:00:00 PM,31,12,19
07/27/2018 01:00:00 PM,50,19,31
07/27/2018 02:00:00 PM,71,32,39
07/27/2018 03:00:00 PM,80,22,58
07/27/2018 04:00:00 PM,96,28,68
07/27/2018 05:00:00 PM,118,49,69
07/27/2018 06:00:00 PM,73,26,47
07/27/2018 07:00:00 PM,42,19,23
07/27/2018 08:00:00 PM,40,14,26
07/27/2018 09:00:00 PM,26,12,14
07/27/2018 10:00:00 PM,22,11,11
07/27/2018 11:00:00 PM,24,10,14
07/28/2018 12:00:00 AM,23,11,12
07/28/2018 01:00:00 AM,10,5,5
07/28/2018 02:00:00 AM,9,2,7
07/28/2018 03:00:00 AM,5,4,1
07/28/2018 04:00:00 AM,1,1,0
07/28/2018 05:00:00 AM,3,1,2
07/28/2018 06:00:00 AM,7,0,7
07/28/2018 07:00:00 AM,3,0,3
07/28/2018 08:00:00 AM,11,2,9
07/28/2018 09:00:00 AM,26,11,15
07/28/2018 10:00:00 AM,16,2,14
07/28/2018 11:00:00 AM,35,15,20
07/28/2018 12:00:00 PM,30,12,18
07/28/2018 01:00:00 PM,37,16,21
07/28/2018 02:00:00 PM,47,25,22
07/28/2018 03:00:00 PM,42,18,24
07/28/2018 04:00:00 PM,42,18,24
07/28/2018 05:00:00 PM,33,17,16
07/28/2018 06:00:00 PM,31,18,13
07/28/2018 07:00:00 PM,20,10,10
07/28/2018 08:00:00 PM,23,12,11
07/28/2018 09:00:00 PM,19,10,9
07/28/2018 10:00:00 PM,23,10,13
07/28/2018 11:00:00 PM,4,3,1
07/29/2018 12:00:00 AM,7,6,1
07/29/2018 01:00:00 AM,10,3,7
07/29/2018 02:00:00 AM,3,1,2
07/29/2018 03:00:00 AM,4,1,3
07/29/2018 04:00:00 AM,1,1,0
07/29/2018 05:00:00 AM,0,0,0
07/29/2018 06:00:00 AM,3,0,3
07/29/2018 07:00:00 AM,10,3,7
07/29/2018 08:00:00 AM,13,3,10
07/29/2018 09:00:00 AM,14,4,10
07/29/2018 10:00:00 AM,36,14,22
07/29/2018 11:00:00 AM,40,11,29
07/29/2018 12:00:00 PM,43,11,32
07/29/2018 01:00:00 PM,60,15,45
07/29/2018 02:00:00 PM,29,12,17
07/29/2018 03:00:00 PM,28,20,8
07/29/2018 04:00:00 PM,48,27,21
07/29/2018 05:00:00 PM,29,15,14
07/29/2018 06:00:00 PM,39,20,19
07/29/2018 07:00:00 PM,35,12,23
07/29/2018 08:00:00 PM,34,8,26
07/29/2018 09:00:00 PM,18,8,10
07/29/2018 10:00:00 PM,20,9,11
07/29/2018 11:00:00 PM,7,2,5
07/30/2018 12:00:00 AM,7,4,3
07/30/2018 01:00:00 AM,7,6,1
07/30/2018 02:00:00 AM,1,1,0
07/30/2018 03:00:00 AM,2,1,1
07/30/2018 04:00:00 AM,3,1,2
07/30/2018 05:00:00 AM,15,4,11
07/30/2018 06:00:00 AM,36,7,29
07/30/2018 07:00:00 AM,104,13,91
07/30/2018 08:00:00 AM,159,24,135
07/30/2018 09:00:00 AM,100,19,81
07/30/2018 10:00:00 AM,37,6,31
07/30/2018 11:00:00 AM,31,9,22
07/30/2018 12:00:00 PM,30,11,19
07/30/2018 01:00:00 PM,36,18,18
07/30/2018 02:00:00 PM,43,16,27
07/30/2018 03:00:00 PM,37,7,30
07/30/2018 04:00:00 PM,70,5,65
07/30/2018 05:00:00 PM,90,5,85
07/30/2018 06:00:00 PM,44,3,41
07/30/2018 07:00:00 PM,29,4,25
07/30/2018 08:00:00 PM,13,0,13
07/30/2018 09:00:00 PM,4,0,4
07/30/2018 10:00:00 PM,1,1,0
07/30/2018 11:00:00 PM,4,2,2
07/31/2018 12:00:00 AM,1,0,1
07/31/2018 01:00:00 AM,3,3,0
07/31/2018 02:00:00 AM,1,1,0
07/31/2018 03:00:00 AM,2,1,1
07/31/2018 04:00:00 AM,0,0,0
07/31/2018 05:00:00 AM,4,0,4
07/31/2018 06:00:00 AM,9,0,9
07/31/2018 07:00:00 AM,23,1,22
07/31/2018 08:00:00 AM,70,1,69
07/31/2018 09:00:00 AM,37,1,36
07/31/2018 10:00:00 AM,23,1,22
07/31/2018 11:00:00 AM,5,1,4
07/31/2018 12:00:00 PM,7,0,7
07/31/2018 01:00:00 PM,19,2,17
07/31/2018 02:00:00 PM,32,1,31
07/31/2018 03:00:00 PM,29,1,28
07/31/2018 04:00:00 PM,54,2,52
07/31/2018 05:00:00 PM,104,5,99
07/31/2018 06:00:00 PM,61,1,60
07/31/2018 07:00:00 PM,22,2,20
07/31/2018 08:00:00 PM,17,2,15
07/31/2018 09:00:00 PM,21,3,18
07/31/2018 10:00:00 PM,9,2,7
07/31/2018 11:00:00 PM,8,1,7
08/01/2018 12:00:00 AM,2,0,2
08/01/2018 01:00:00 AM,6,4,2
08/01/2018 02:00:00 AM,0,0,0
08/01/2018 03:00:00 AM,2,1,1
08/01/2018 04:00:00 AM,0,0,0
08/01/2018 05:00:00 AM,10,0,10
08/01/2018 06:00:00 AM,43,0,43
08/01/2018 07:00:00 AM,83,0,83
08/01/2018 08:00:00 AM,129,4,125
08/01/2018 09:00:00 AM,84,2,82
08/01/2018 10:00:00 AM,35,0,35
08/01/2018 11:00:00 AM,18,0,18
08/01/2018 12:00:00 PM,0,0,0
08/01/2018 01:00:00 PM,0,0,0
08/01/2018 02:00:00 PM,0,0,0
08/01/2018 03:00:00 PM,0,0,0
08/01/2018 04:00:00 PM,0,0,0
08/01/2018 05:00:00 PM,0,0,0
08/01/2018 06:00:00 PM,5,1,4
08/01/2018 07:00:00 PM,0,0,0
08/01/2018 08:00:00 PM,0,0,0
08/01/2018 09:00:00 PM,0,0,0
08/01/2018 10:00:00 PM,0,0,0
08/01/2018 11:00:00 PM,0,0,0
08/02/2018 12:00:00 AM,0,0,0
08/02/2018 01:00:00 AM,0,0,0
08/02/2018 02:00:00 AM,0,0,0
08/02/2018 03:00:00 AM,0,0,0
08/02/2018 04:00:00 AM,0,0,0
08/02/2018 05:00:00 AM,0,0,0
08/02/2018 06:00:00 AM,0,0,0
08/02/2018 07:00:00 AM,0,0,0
08/02/2018 08:00:00 AM,0,0,0
08/02/2018 09:00:00 AM,0,0,0
08/02/2018 10:00:00 AM,0,0,0
08/02/2018 11:00:00 AM,0,0,0
08/02/2018 12:00:00 PM,0,0,0
08/02/2018 01:00:00 PM,0,0,0
08/02/2018 02:00:00 PM,0,0,0
08/02/2018 03:00:00 PM,0,0,0
08/02/2018 04:00:00 PM,31,10,21
08/02/2018 05:00:00 PM,127,36,91
08/02/2018 06:00:00 PM,79,24,55
08/02/2018 07:00:00 PM,47,17,30
08/02/2018 08:00:00 PM,28,12,16
08/02/2018 09:00:00 PM,36,20,16
08/02/2018 10:00:00 PM,17,8,9
08/02/2018 11:00:00 PM,15,7,8
08/03/2018 12:00:00 AM,8,2,6
08/03/2018 01:00:00 AM,5,3,2
08/03/2018 02:00:00 AM,3,1,2
08/03/2018 03:00:00 AM,2,1,1
08/03/2018 04:00:00 AM,1,1,0
08/03/2018 05:00:00 AM,12,3,9
08/03/2018 06:00:00 AM,34,2,32
08/03/2018 07:00:00 AM,55,8,47
08/03/2018 08:00:00 AM,112,25,87
08/03/2018 09:00:00 AM,77,16,61
08/03/2018 10:00:00 AM,28,10,18
08/03/2018 11:00:00 AM,38,13,25
08/03/2018 12:00:00 PM,41,18,23
08/03/2018 01:00:00 PM,38,16,22
08/03/2018 02:00:00 PM,50,19,31
08/03/2018 03:00:00 PM,76,25,51
08/03/2018 04:00:00 PM,96,38,58
08/03/2018 05:00:00 PM,106,47,59
08/03/2018 06:00:00 PM,71,31,40
08/03/2018 07:00:00 PM,39,14,25
08/03/2018 08:00:00 PM,44,16,28
08/03/2018 09:00:00 PM,24,8,16
08/03/2018 10:00:00 PM,22,12,10
08/03/2018 11:00:00 PM,19,9,10
08/04/2018 12:00:00 AM,10,9,1
08/04/2018 01:00:00 AM,6,2,4
08/04/2018 02:00:00 AM,4,2,2
08/04/2018 03:00:00 AM,6,4,2
08/04/2018 04:00:00 AM,2,1,1
08/04/2018 05:00:00 AM,2,1,1
08/04/2018 06:00:00 AM,4,1,3
08/04/2018 07:00:00 AM,7,2,5
08/04/2018 08:00:00 AM,10,3,7
08/04/2018 09:00:00 AM,24,7,17
08/04/2018 10:00:00 AM,36,15,21
08/04/2018 11:00:00 AM,45,14,31
08/04/2018 12:00:00 PM,52,22,30
08/04/2018 01:00:00 PM,39,17,22
08/04/2018 02:00:00 PM,58,27,31
08/04/2018 03:00:00 PM,82,24,58
08/04/2018 04:00:00 PM,45,17,28
08/04/2018 05:00:00 PM,32,18,14
08/04/2018 06:00:00 PM,76,40,36
08/04/2018 07:00:00 PM,23,10,13
08/04/2018 08:00:00 PM,20,10,10
08/04/2018 09:00:00 PM,21,10,11
08/04/2018 10:00:00 PM,24,11,13
08/04/2018 11:00:00 PM,24,16,8
08/05/2018 12:00:00 AM,15,10,5
08/05/2018 01:00:00 AM,13,9,4
08/05/2018 02:00:00 AM,5,1,4
08/05/2018 03:00:00 AM,2,2,0
08/05/2018 04:00:00 AM,1,1,0
08/05/2018 05:00:00 AM,3,1,2
08/05/2018 06:00:00 AM,5,2,3
08/05/2018 07:00:00 AM,5,0,5
08/05/2018 08:00:00 AM,17,5,12
08/05/2018 09:00:00 AM,18,6,12
08/05/2018 10:00:00 AM,47,15,32
08/05/2018 11:00:00 AM,41,17,24
08/05/2018 12:00:00 PM,28,5,23
08/05/2018 01:00:00 PM,31,10,21
08/05/2018 02:00:00 PM,37,11,26
08/05/2018 03:00:00 PM,39,18,21
08/05/2018 04:00:00 PM,44,24,20
08/05/2018 05:00:00 PM,38,12,26
08/05/2018 06:00:00 PM,24,9,15
08/05/2018 07:00:00 PM,29,18,11
08/05/2018 08:00:00 PM,22,5,17
08/05/2018 09:00:00 PM,15,8,7
08/05/2018 10:00:00 PM,11,4,7
08/05/2018 11:00:00 PM,17,9,8
08/06/2018 12:00:00 AM,9,2,7
08/06/2018 01:00:00 AM,7,7,0
08/06/2018 02:00:00 AM,2,1,1
08/06/2018 03:00:00 AM,2,2,0
08/06/2018 04:00:00 AM,3,1,2
08/06/2018 05:00:00 AM,17,3,14
08/06/2018 06:00:00 AM,47,6,41
08/06/2018 07:00:00 AM,123,16,107
08/06/2018 08:00:00 AM,169,25,144
08/06/2018 09:00:00 AM,83,17,66
08/06/2018 10:00:00 AM,37,8,29
08/06/2018 11:00:00 AM,28,8,20
08/06/2018 12:00:00 PM,23,9,14
08/06/2018 01:00:00 PM,22,6,16
08/06/2018 02:00:00 PM,34,15,19
08/06/2018 03:00:00 PM,68,24,44
08/06/2018 04:00:00 PM,101,34,67
08/06/2018 05:00:00 PM,121,43,78
08/06/2018 06:00:00 PM,68,39,29
08/06/2018 07:00:00 PM,53,25,28
08/06/2018 08:00:00 PM,26,10,16
08/06/2018 09:00:00 PM,18,6,12
08/06/2018 10:00:00 PM,17,12,5
08/06/2018 11:00:00 PM,9,7,2
08/07/2018 12:00:00 AM,6,0,6
08/07/2018 01:00:00 AM,9,7,2
08/07/2018 02:00:00 AM,4,2,2
08/07/2018 03:00:00 AM,5,4,1
08/07/2018 04:00:00 AM,3,2,1
08/07/2018 05:00:00 AM,14,1,13
08/07/2018 06:00:00 AM,55,10,45
08/07/2018 07:00:00 AM,127,17,110
08/07/2018 08:00:00 AM,179,35,144
08/07/2018 09:00:00 AM,69,18,51
08/07/2018 10:00:00 AM,23,3,20
08/07/2018 11:00:00 AM,34,12,22
08/07/2018 12:00:00 PM,33,11,22
08/07/2018 01:00:00 PM,33,14,19
08/07/2018 02:00:00 PM,25,11,14
08/07/2018 03:00:00 PM,49,16,33
08/07/2018 04:00:00 PM,114,43,71
08/07/2018 05:00:00 PM,137,60,77
08/07/2018 06:00:00 PM,72,30,42
08/07/2018 07:00:00 PM,40,19,21
08/07/2018 08:00:00 PM,36,18,18
08/07/2018 09:00:00 PM,23,11,12
08/07/2018 10:00:00 PM,16,6,10
08/07/2018 11:00:00 PM,13,9,4
08/08/2018 12:00:00 AM,9,3,6
08/08/2018 01:00:00 AM,11,4,7
08/08/2018 02:00:00 AM,0,0,0
08/08/2018 03:00:00 AM,4,3,1
08/08/2018 04:00:00 AM,3,1,2
08/08/2018 05:00:00 AM,24,5,19
08/08/2018 06:00:00 AM,48,12,36
08/08/2018 07:00:00 AM,117,14,103
08/08/2018 08:00:00 AM,196,25,171
08/08/2018 09:00:00 AM,100,15,85
08/08/2018 10:00:00 AM,57,10,47
08/08/2018 11:00:00 AM,34,12,22
08/08/2018 12:00:00 PM,34,15,19
08/08/2018 01:00:00 PM,43,22,21
08/08/2018 02:00:00 PM,35,15,20
08/08/2018 03:00:00 PM,61,19,42
08/08/2018 04:00:00 PM,149,50,99
08/08/2018 05:00:00 PM,147,50,97
08/08/2018 06:00:00 PM,91,44,47
08/08/2018 07:00:00 PM,48,17,31
08/08/2018 08:00:00 PM,26,14,12
08/08/2018 09:00:00 PM,23,15,8
08/08/2018 10:00:00 PM,18,10,8
08/08/2018 11:00:00 PM,22,12,10
08/09/2018 12:00:00 AM,35,25,10
08/09/2018 01:00:00 AM,3,0,3
08/09/2018 02:00:00 AM,6,4,2
08/09/2018 03:00:00 AM,1,1,0
08/09/2018 04:00:00 AM,3,0,3
08/09/2018 05:00:00 AM,17,2,15
08/09/2018 06:00:00 AM,47,8,39
08/09/2018 07:00:00 AM,111,11,100
08/09/2018 08:00:00 AM,175,26,149
08/09/2018 09:00:00 AM,80,15,65
08/09/2018 10:00:00 AM,31,13,18
08/09/2018 11:00:00 AM,35,8,27
08/09/2018 12:00:00 PM,38,13,25
08/09/2018 01:00:00 PM,37,12,25
08/09/2018 02:00:00 PM,46,16,30
08/09/2018 03:00:00 PM,61,26,35
08/09/2018 04:00:00 PM,124,32,92
08/09/2018 05:00:00 PM,131,55,76
08/09/2018 06:00:00 PM,87,32,55
08/09/2018 07:00:00 PM,38,17,21
08/09/2018 08:00:00 PM,42,25,17
08/09/2018 09:00:00 PM,25,12,13
08/09/2018 10:00:00 PM,22,10,12
08/09/2018 11:00:00 PM,12,2,10
08/10/2018 12:00:00 AM,7,6,1
08/10/2018 01:00:00 AM,4,2,2
08/10/2018 02:00:00 AM,9,5,4
08/10/2018 03:00:00 AM,2,2,0
08/10/2018 04:00:00 AM,2,2,0
08/10/2018 05:00:00 AM,22,1,21
08/10/2018 06:00:00 AM,32,3,29
08/10/2018 07:00:00 AM,103,16,87
08/10/2018 08:00:00 AM,128,30,98
08/10/2018 09:00:00 AM,64,9,55
08/10/2018 10:00:00 AM,40,12,28
08/10/2018 11:00:00 AM,46,10,36
08/10/2018 12:00:00 PM,27,14,13
08/10/2018 01:00:00 PM,43,19,24
08/10/2018 02:00:00 PM,53,19,34
08/10/2018 03:00:00 PM,73,20,53
08/10/2018 04:00:00 PM,103,31,72
08/10/2018 05:00:00 PM,107,43,64
08/10/2018 06:00:00 PM,85,41,44
08/10/2018 07:00:00 PM,46,15,31
08/10/2018 08:00:00 PM,40,12,28
08/10/2018 09:00:00 PM,24,9,15
08/10/2018 10:00:00 PM,16,2,14
08/10/2018 11:00:00 PM,27,14,13
08/11/2018 12:00:00 AM,45,35,10
08/11/2018 01:00:00 AM,13,9,4
08/11/2018 02:00:00 AM,4,0,4
08/11/2018 03:00:00 AM,6,5,1
08/11/2018 04:00:00 AM,4,2,2
08/11/2018 05:00:00 AM,5,0,5
08/11/2018 06:00:00 AM,7,3,4
08/11/2018 07:00:00 AM,11,4,7
08/11/2018 08:00:00 AM,13,4,9
08/11/2018 09:00:00 AM,11,2,9
08/11/2018 10:00:00 AM,29,6,23
08/11/2018 11:00:00 AM,27,16,11
08/11/2018 12:00:00 PM,29,11,18
08/11/2018 01:00:00 PM,23,10,13
08/11/2018 02:00:00 PM,35,21,14
08/11/2018 03:00:00 PM,56,19,37
08/11/2018 04:00:00 PM,51,23,28
08/11/2018 05:00:00 PM,29,12,17
08/11/2018 06:00:00 PM,32,15,17
08/11/2018 07:00:00 PM,18,7,11
08/11/2018 08:00:00 PM,8,2,6
08/11/2018 09:00:00 PM,17,8,9
08/11/2018 10:00:00 PM,19,9,10
08/11/2018 11:00:00 PM,21,15,6
08/12/2018 12:00:00 AM,11,8,3
08/12/2018 01:00:00 AM,8,6,2
08/12/2018 02:00:00 AM,5,4,1
08/12/2018 03:00:00 AM,5,5,0
08/12/2018 04:00:00 AM,0,0,0
08/12/2018 05:00:00 AM,2,0,2
08/12/2018 06:00:00 AM,4,0,4
08/12/2018 07:00:00 AM,2,1,1
08/12/2018 08:00:00 AM,16,6,10
08/12/2018 09:00:00 AM,13,6,7
08/12/2018 10:00:00 AM,19,10,9
08/12/2018 11:00:00 AM,30,8,22
08/12/2018 12:00:00 PM,32,8,24
08/12/2018 01:00:00 PM,19,9,10
08/12/2018 02:00:00 PM,29,12,17
08/12/2018 03:00:00 PM,37,23,14
08/12/2018 04:00:00 PM,44,21,23
08/12/2018 05:00:00 PM,33,13,20
08/12/2018 06:00:00 PM,35,11,24
08/12/2018 07:00:00 PM,22,5,17
08/12/2018 08:00:00 PM,19,11,8
08/12/2018 09:00:00 PM,32,21,11
08/12/2018 10:00:00 PM,21,10,11
08/12/2018 11:00:00 PM,13,8,5
08/13/2018 12:00:00 AM,4,3,1
08/13/2018 01:00:00 AM,6,1,5
08/13/2018 02:00:00 AM,2,1,1
08/13/2018 03:00:00 AM,6,5,1
08/13/2018 04:00:00 AM,5,5,0
08/13/2018 05:00:00 AM,20,3,17
08/13/2018 06:00:00 AM,45,9,36
08/13/2018 07:00:00 AM,121,13,108
08/13/2018 08:00:00 AM,180,31,149
08/13/2018 09:00:00 AM,71,11,60
08/13/2018 10:00:00 AM,33,10,23
08/13/2018 11:00:00 AM,27,11,16
08/13/2018 12:00:00 PM,20,7,13
08/13/2018 01:00:00 PM,27,12,15
08/13/2018 02:00:00 PM,30,8,22
08/13/2018 03:00:00 PM,67,19,48
08/13/2018 04:00:00 PM,104,34,70
08/13/2018 05:00:00 PM,131,52,79
08/13/2018 06:00:00 PM,53,31,22
08/13/2018 07:00:00 PM,44,18,26
08/13/2018 08:00:00 PM,25,13,12
08/13/2018 09:00:00 PM,17,10,7
08/13/2018 10:00:00 PM,15,8,7
08/13/2018 11:00:00 PM,18,11,7
08/14/2018 12:00:00 AM,9,5,4
08/14/2018 01:00:00 AM,3,2,1
08/14/2018 02:00:00 AM,6,5,1
08/14/2018 03:00:00 AM,1,1,0
08/14/2018 04:00:00 AM,2,1,1
08/14/2018 05:00:00 AM,17,4,13
08/14/2018 06:00:00 AM,47,6,41
08/14/2018 07:00:00 AM,121,12,109
08/14/2018 08:00:00 AM,148,27,121
08/14/2018 09:00:00 AM,74,13,61
08/14/2018 10:00:00 AM,32,8,24
08/14/2018 11:00:00 AM,36,12,24
08/14/2018 12:00:00 PM,36,16,20
08/14/2018 01:00:00 PM,37,12,25
08/14/2018 02:00:00 PM,31,10,21
08/14/2018 03:00:00 PM,54,19,35
08/14/2018 04:00:00 PM,126,36,90
08/14/2018 05:00:00 PM,118,49,69
08/14/2018 06:00:00 PM,71,36,35
08/14/2018 07:00:00 PM,46,22,24
08/14/2018 08:00:00 PM,19,5,14
08/14/2018 09:00:00 PM,28,12,16
08/14/2018 10:00:00 PM,14,6,8
08/14/2018 11:00:00 PM,9,4,5
08/15/2018 12:00:00 AM,3,1,2
08/15/2018 01:00:00 AM,6,4,2
08/15/2018 02:00:00 AM,2,0,2
08/15/2018 03:00:00 AM,4,3,1
08/15/2018 04:00:00 AM,2,1,1
08/15/2018 05:00:00 AM,12,2,10
08/15/2018 06:00:00 AM,45,5,40
08/15/2018 07:00:00 AM,102,13,89
08/15/2018 08:00:00 AM,141,20,121
08/15/2018 09:00:00 AM,59,10,49
08/15/2018 10:00:00 AM,39,8,31
08/15/2018 11:00:00 AM,35,15,20
08/15/2018 12:00:00 PM,23,5,18
08/15/2018 01:00:00 PM,33,18,15
08/15/2018 02:00:00 PM,54,27,27
08/15/2018 03:00:00 PM,52,17,35
08/15/2018 04:00:00 PM,101,31,70
08/15/2018 05:00:00 PM,121,46,75
08/15/2018 06:00:00 PM,70,33,37
08/15/2018 07:00:00 PM,44,19,25
08/15/2018 08:00:00 PM,39,12,27
08/15/2018 09:00:00 PM,21,9,12
08/15/2018 10:00:00 PM,12,9,3
08/15/2018 11:00:00 PM,9,4,5
08/16/2018 12:00:00 AM,4,3,1
08/16/2018 01:00:00 AM,4,3,1
08/16/2018 02:00:00 AM,3,2,1
08/16/2018 03:00:00 AM,5,2,3
08/16/2018 04:00:00 AM,1,0,1
08/16/2018 05:00:00 AM,21,6,15
08/16/2018 06:00:00 AM,40,4,36
08/16/2018 07:00:00 AM,97,14,83
08/16/2018 08:00:00 AM,153,22,131
08/16/2018 09:00:00 AM,50,12,38
08/16/2018 10:00:00 AM,26,8,18
08/16/2018 11:00:00 AM,39,13,26
08/16/2018 12:00:00 PM,24,10,14
08/16/2018 01:00:00 PM,26,12,14
08/16/2018 02:00:00 PM,32,12,20
08/16/2018 03:00:00 PM,75,29,46
08/16/2018 04:00:00 PM,100,32,68
08/16/2018 05:00:00 PM,120,44,76
08/16/2018 06:00:00 PM,72,36,36
08/16/2018 07:00:00 PM,54,13,41
08/16/2018 08:00:00 PM,36,18,18
08/16/2018 09:00:00 PM,23,10,13
08/16/2018 10:00:00 PM,16,10,6
08/16/2018 11:00:00 PM,8,7,1
08/17/2018 12:00:00 AM,11,8,3
08/17/2018 01:00:00 AM,4,2,2
08/17/2018 02:00:00 AM,5,3,2
08/17/2018 03:00:00 AM,0,0,0
08/17/2018 04:00:00 AM,1,1,0
08/17/2018 05:00:00 AM,10,2,8
08/17/2018 06:00:00 AM,22,5,17
08/17/2018 07:00:00 AM,94,12,82
08/17/2018 08:00:00 AM,133,20,113
08/17/2018 09:00:00 AM,60,15,45
08/17/2018 10:00:00 AM,27,9,18
08/17/2018 11:00:00 AM,35,11,24
08/17/2018 12:00:00 PM,44,12,32
08/17/2018 01:00:00 PM,43,18,25
08/17/2018 02:00:00 PM,64,18,46
08/17/2018 03:00:00 PM,76,21,55
08/17/2018 04:00:00 PM,112,40,72
08/17/2018 05:00:00 PM,103,36,67
08/17/2018 06:00:00 PM,78,30,48
08/17/2018 07:00:00 PM,38,13,25
08/17/2018 08:00:00 PM,38,8,30
08/17/2018 09:00:00 PM,31,14,17
08/17/2018 10:00:00 PM,20,11,9
08/17/2018 11:00:00 PM,28,10,18
08/18/2018 12:00:00 AM,15,4,11
08/18/2018 01:00:00 AM,9,5,4
08/18/2018 02:00:00 AM,10,6,4
08/18/2018 03:00:00 AM,7,5,2
08/18/2018 04:00:00 AM,3,1,2
08/18/2018 05:00:00 AM,4,1,3
08/18/2018 06:00:00 AM,3,1,2
08/18/2018 07:00:00 AM,9,1,8
08/18/2018 08:00:00 AM,10,6,4
08/18/2018 09:00:00 AM,19,4,15
08/18/2018 10:00:00 AM,37,7,30
08/18/2018 11:00:00 AM,72,15,57
08/18/2018 12:00:00 PM,85,11,74
08/18/2018 01:00:00 PM,59,17,42
08/18/2018 02:00:00 PM,36,16,20
08/18/2018 03:00:00 PM,78,50,28
08/18/2018 04:00:00 PM,52,23,29
08/18/2018 05:00:00 PM,35,22,13
08/18/2018 06:00:00 PM,36,10,26
08/18/2018 07:00:00 PM,23,8,15
08/18/2018 08:00:00 PM,18,7,11
08/18/2018 09:00:00 PM,29,11,18
08/18/2018 10:00:00 PM,11,7,4
08/18/2018 11:00:00 PM,18,16,2
08/19/2018 12:00:00 AM,18,3,15
08/19/2018 01:00:00 AM,23,15,8
08/19/2018 02:00:00 AM,7,1,6
08/19/2018 03:00:00 AM,1,1,0
08/19/2018 04:00:00 AM,0,0,0
08/19/2018 05:00:00 AM,1,0,1
08/19/2018 06:00:00 AM,2,0,2
08/19/2018 07:00:00 AM,10,4,6
08/19/2018 08:00:00 AM,20,6,14
08/19/2018 09:00:00 AM,30,11,19
08/19/2018 10:00:00 AM,43,15,28
08/19/2018 11:00:00 AM,39,11,28
08/19/2018 12:00:00 PM,48,14,34
08/19/2018 01:00:00 PM,33,13,20
08/19/2018 02:00:00 PM,34,15,19
08/19/2018 03:00:00 PM,48,17,31
08/19/2018 04:00:00 PM,43,16,27
08/19/2018 05:00:00 PM,44,18,26
08/19/2018 06:00:00 PM,23,13,10
08/19/2018 07:00:00 PM,23,16,7
08/19/2018 08:00:00 PM,18,4,14
08/19/2018 09:00:00 PM,20,7,13
08/19/2018 10:00:00 PM,21,11,10
08/19/2018 11:00:00 PM,11,5,6
08/20/2018 12:00:00 AM,7,5,2
08/20/2018 01:00:00 AM,1,1,0
08/20/2018 02:00:00 AM,5,3,2
08/20/2018 03:00:00 AM,3,1,2
08/20/2018 04:00:00 AM,3,1,2
08/20/2018 05:00:00 AM,19,4,15
08/20/2018 06:00:00 AM,35,3,32
08/20/2018 07:00:00 AM,78,7,71
08/20/2018 08:00:00 AM,117,23,94
08/20/2018 09:00:00 AM,61,11,50
08/20/2018 10:00:00 AM,25,6,19
08/20/2018 11:00:00 AM,28,9,19
08/20/2018 12:00:00 PM,41,17,24
08/20/2018 01:00:00 PM,27,9,18
08/20/2018 02:00:00 PM,42,17,25
08/20/2018 03:00:00 PM,54,23,31
08/20/2018 04:00:00 PM,85,20,65
08/20/2018 05:00:00 PM,98,41,57
08/20/2018 06:00:00 PM,57,20,37
08/20/2018 07:00:00 PM,33,11,22
08/20/2018 08:00:00 PM,22,11,11
08/20/2018 09:00:00 PM,16,11,5
08/20/2018 10:00:00 PM,21,18,3
08/20/2018 11:00:00 PM,15,8,7
08/21/2018 12:00:00 AM,4,3,1
08/21/2018 01:00:00 AM,7,5,2
08/21/2018 02:00:00 AM,1,0,1
08/21/2018 03:00:00 AM,5,5,0
08/21/2018 04:00:00 AM,2,1,1
08/21/2018 05:00:00 AM,13,4,9
08/21/2018 06:00:00 AM,27,4,23
08/21/2018 07:00:00 AM,58,8,50
08/21/2018 08:00:00 AM,87,22,65
08/21/2018 09:00:00 AM,55,13,42
08/21/2018 10:00:00 AM,25,6,19
08/21/2018 11:00:00 AM,22,4,18
08/21/2018 12:00:00 PM,23,5,18
08/21/2018 01:00:00 PM,23,6,17
08/21/2018 02:00:00 PM,22,4,18
08/21/2018 03:00:00 PM,47,15,32
08/21/2018 04:00:00 PM,68,16,52
08/21/2018 05:00:00 PM,84,28,56
08/21/2018 06:00:00 PM,50,23,27
08/21/2018 07:00:00 PM,24,9,15
08/21/2018 08:00:00 PM,23,7,16
08/21/2018 09:00:00 PM,23,11,12
08/21/2018 10:00:00 PM,14,8,6
08/21/2018 11:00:00 PM,4,2,2
08/22/2018 12:00:00 AM,0,0,0
08/22/2018 01:00:00 AM,10,2,8
08/22/2018 02:00:00 AM,2,0,2
08/22/2018 03:00:00 AM,2,2,0
08/22/2018 04:00:00 AM,4,1,3
08/22/2018 05:00:00 AM,9,3,6
08/22/2018 06:00:00 AM,26,1,25
08/22/2018 07:00:00 AM,50,8,42
08/22/2018 08:00:00 AM,82,13,69
08/22/2018 09:00:00 AM,62,16,46
08/22/2018 10:00:00 AM,25,7,18
08/22/2018 11:00:00 AM,38,14,24
08/22/2018 12:00:00 PM,32,8,24
08/22/2018 01:00:00 PM,38,13,25
08/22/2018 02:00:00 PM,25,11,14
08/22/2018 03:00:00 PM,34,13,21
08/22/2018 04:00:00 PM,57,14,43
08/22/2018 05:00:00 PM,87,41,46
08/22/2018 06:00:00 PM,54,26,28
08/22/2018 07:00:00 PM,37,16,21
08/22/2018 08:00:00 PM,22,8,14
08/22/2018 09:00:00 PM,13,10,3
08/22/2018 10:00:00 PM,12,7,5
08/22/2018 11:00:00 PM,4,2,2
08/23/2018 12:00:00 AM,2,2,0
08/23/2018 01:00:00 AM,0,0,0
08/23/2018 02:00:00 AM,6,1,5
08/23/2018 03:00:00 AM,3,1,2
08/23/2018 04:00:00 AM,2,1,1
08/23/2018 05:00:00 AM,12,2,10
08/23/2018 06:00:00 AM,25,4,21
08/23/2018 07:00:00 AM,69,12,57
08/23/2018 08:00:00 AM,90,16,74
08/23/2018 09:00:00 AM,63,12,51
08/23/2018 10:00:00 AM,32,6,26
08/23/2018 11:00:00 AM,35,9,26
08/23/2018 12:00:00 PM,31,9,22
08/23/2018 01:00:00 PM,34,17,17
08/23/2018 02:00:00 PM,35,15,20
08/23/2018 03:00:00 PM,48,18,30
08/23/2018 04:00:00 PM,75,23,52
08/23/2018 05:00:00 PM,108,32,76
08/23/2018 06:00:00 PM,61,31,30
08/23/2018 07:00:00 PM,41,11,30
08/23/2018 08:00:00 PM,32,12,20
08/23/2018 09:00:00 PM,14,11,3
08/23/2018 10:00:00 PM,19,6,13
08/23/2018 11:00:00 PM,8,3,5
08/24/2018 12:00:00 AM,9,4,5
08/24/2018 01:00:00 AM,8,3,5
08/24/2018 02:00:00 AM,8,1,7
08/24/2018 03:00:00 AM,3,3,0
08/24/2018 04:00:00 AM,3,1,2
08/24/2018 05:00:00 AM,15,5,10
08/24/2018 06:00:00 AM,27,2,25
08/24/2018 07:00:00 AM,80,11,69
08/24/2018 08:00:00 AM,98,21,77
08/24/2018 09:00:00 AM,95,24,71
08/24/2018 10:00:00 AM,32,11,21
08/24/2018 11:00:00 AM,27,9,18
08/24/2018 12:00:00 PM,35,11,24
08/24/2018 01:00:00 PM,38,8,30
08/24/2018 02:00:00 PM,39,10,29
08/24/2018 03:00:00 PM,56,25,31
08/24/2018 04:00:00 PM,105,43,62
08/24/2018 05:00:00 PM,81,27,54
08/24/2018 06:00:00 PM,65,35,30
08/24/2018 07:00:00 PM,29,13,16
08/24/2018 08:00:00 PM,40,16,24
08/24/2018 09:00:00 PM,30,12,18
08/24/2018 10:00:00 PM,23,9,14
08/24/2018 11:00:00 PM,20,12,8
08/25/2018 12:00:00 AM,12,6,6
08/25/2018 01:00:00 AM,12,8,4
08/25/2018 02:00:00 AM,8,2,6
08/25/2018 03:00:00 AM,1,1,0
08/25/2018 04:00:00 AM,0,0,0
08/25/2018 05:00:00 AM,2,1,1
08/25/2018 06:00:00 AM,1,0,1
08/25/2018 07:00:00 AM,5,0,5
08/25/2018 08:00:00 AM,12,3,9
08/25/2018 09:00:00 AM,11,2,9
08/25/2018 10:00:00 AM,7,3,4
08/25/2018 11:00:00 AM,26,7,19
08/25/2018 12:00:00 PM,37,11,26
08/25/2018 01:00:00 PM,30,10,20
08/25/2018 02:00:00 PM,28,13,15
08/25/2018 03:00:00 PM,37,19,18
08/25/2018 04:00:00 PM,29,14,15
08/25/2018 05:00:00 PM,21,9,12
08/25/2018 06:00:00 PM,34,14,20
08/25/2018 07:00:00 PM,20,7,13
08/25/2018 08:00:00 PM,13,3,10
08/25/2018 09:00:00 PM,10,5,5
08/25/2018 10:00:00 PM,18,10,8
08/25/2018 11:00:00 PM,19,10,9
08/26/2018 12:00:00 AM,6,2,4
08/26/2018 01:00:00 AM,4,2,2
08/26/2018 02:00:00 AM,3,1,2
08/26/2018 03:00:00 AM,4,3,1
08/26/2018 04:00:00 AM,0,0,0
08/26/2018 05:00:00 AM,5,0,5
08/26/2018 06:00:00 AM,3,1,2
08/26/2018 07:00:00 AM,10,4,6
08/26/2018 08:00:00 AM,15,7,8
08/26/2018 09:00:00 AM,20,3,17
08/26/2018 10:00:00 AM,23,11,12
08/26/2018 11:00:00 AM,19,11,8
08/26/2018 12:00:00 PM,36,13,23
08/26/2018 01:00:00 PM,38,16,22
08/26/2018 02:00:00 PM,28,9,19
08/26/2018 03:00:00 PM,30,9,21
08/26/2018 04:00:00 PM,20,7,13
08/26/2018 05:00:00 PM,36,16,20
08/26/2018 06:00:00 PM,22,11,11
08/26/2018 07:00:00 PM,7,3,4
08/26/2018 08:00:00 PM,5,2,3
08/26/2018 09:00:00 PM,5,2,3
08/26/2018 10:00:00 PM,10,5,5
08/26/2018 11:00:00 PM,8,4,4
08/27/2018 12:00:00 AM,9,6,3
08/27/2018 01:00:00 AM,2,0,2
08/27/2018 02:00:00 AM,2,0,2
08/27/2018 03:00:00 AM,3,1,2
08/27/2018 04:00:00 AM,4,2,2
08/27/2018 05:00:00 AM,12,2,10
08/27/2018 06:00:00 AM,35,2,33
08/27/2018 07:00:00 AM,86,13,73
08/27/2018 08:00:00 AM,155,20,135
08/27/2018 09:00:00 AM,69,15,54
08/27/2018 10:00:00 AM,38,10,28
08/27/2018 11:00:00 AM,29,9,20
08/27/2018 12:00:00 PM,39,12,27
08/27/2018 01:00:00 PM,31,15,16
08/27/2018 02:00:00 PM,37,15,22
08/27/2018 03:00:00 PM,65,25,40
08/27/2018 04:00:00 PM,118,40,78
08/27/2018 05:00:00 PM,120,56,64
08/27/2018 06:00:00 PM,58,31,27
08/27/2018 07:00:00 PM,34,17,17
08/27/2018 08:00:00 PM,23,12,11
08/27/2018 09:00:00 PM,22,7,15
08/27/2018 10:00:00 PM,14,7,7
08/27/2018 11:00:00 PM,7,4,3
08/28/2018 12:00:00 AM,3,2,1
08/28/2018 01:00:00 AM,5,5,0
08/28/2018 02:00:00 AM,6,4,2
08/28/2018 03:00:00 AM,3,1,2
08/28/2018 04:00:00 AM,2,0,2
08/28/2018 05:00:00 AM,16,3,13
08/28/2018 06:00:00 AM,44,4,40
08/28/2018 07:00:00 AM,127,18,109
08/28/2018 08:00:00 AM,181,34,147
08/28/2018 09:00:00 AM,98,18,80
08/28/2018 10:00:00 AM,35,17,18
08/28/2018 11:00:00 AM,28,10,18
08/28/2018 12:00:00 PM,32,13,19
08/28/2018 01:00:00 PM,29,9,20
08/28/2018 02:00:00 PM,48,14,34
08/28/2018 03:00:00 PM,62,19,43
08/28/2018 04:00:00 PM,136,39,97
08/28/2018 05:00:00 PM,136,43,93
08/28/2018 06:00:00 PM,82,39,43
08/28/2018 07:00:00 PM,65,30,35
08/28/2018 08:00:00 PM,31,11,20
08/28/2018 09:00:00 PM,35,14,21
08/28/2018 10:00:00 PM,17,13,4
08/28/2018 11:00:00 PM,17,8,9
08/29/2018 12:00:00 AM,10,5,5
08/29/2018 01:00:00 AM,7,4,3
08/29/2018 02:00:00 AM,3,3,0
08/29/2018 03:00:00 AM,5,3,2
08/29/2018 04:00:00 AM,5,0,5
08/29/2018 05:00:00 AM,15,2,13
08/29/2018 06:00:00 AM,47,5,42
08/29/2018 07:00:00 AM,115,18,97
08/29/2018 08:00:00 AM,168,29,139
08/29/2018 09:00:00 AM,74,17,57
08/29/2018 10:00:00 AM,39,8,31
08/29/2018 11:00:00 AM,43,17,26
08/29/2018 12:00:00 PM,21,6,15
08/29/2018 01:00:00 PM,34,9,25
08/29/2018 02:00:00 PM,36,8,28
08/29/2018 03:00:00 PM,64,23,41
08/29/2018 04:00:00 PM,111,33,78
08/29/2018 05:00:00 PM,130,50,80
08/29/2018 06:00:00 PM,72,20,52
08/29/2018 07:00:00 PM,52,16,36
08/29/2018 08:00:00 PM,32,19,13
08/29/2018 09:00:00 PM,23,8,15
08/29/2018 10:00:00 PM,19,13,6
08/29/2018 11:00:00 PM,8,4,4
08/30/2018 12:00:00 AM,5,4,1
08/30/2018 01:00:00 AM,3,2,1
08/30/2018 02:00:00 AM,2,1,1
08/30/2018 03:00:00 AM,2,1,1
08/30/2018 04:00:00 AM,6,1,5
08/30/2018 05:00:00 AM,13,2,11
08/30/2018 06:00:00 AM,29,3,26
08/30/2018 07:00:00 AM,82,7,75
08/30/2018 08:00:00 AM,130,31,99
08/30/2018 09:00:00 AM,70,12,58
08/30/2018 10:00:00 AM,30,10,20
08/30/2018 11:00:00 AM,35,11,24
08/30/2018 12:00:00 PM,33,14,19
08/30/2018 01:00:00 PM,33,13,20
08/30/2018 02:00:00 PM,42,13,29
08/30/2018 03:00:00 PM,70,27,43
08/30/2018 04:00:00 PM,100,20,80
08/30/2018 05:00:00 PM,120,29,91
08/30/2018 06:00:00 PM,69,27,42
08/30/2018 07:00:00 PM,40,24,16
08/30/2018 08:00:00 PM,22,15,7
08/30/2018 09:00:00 PM,27,13,14
08/30/2018 10:00:00 PM,17,13,4
08/30/2018 11:00:00 PM,11,6,5
08/31/2018 12:00:00 AM,7,5,2
08/31/2018 01:00:00 AM,4,4,0
08/31/2018 02:00:00 AM,3,1,2
08/31/2018 03:00:00 AM,2,1,1
08/31/2018 04:00:00 AM,2,0,2
08/31/2018 05:00:00 AM,6,2,4
08/31/2018 06:00:00 AM,15,0,15
08/31/2018 07:00:00 AM,55,9,46
08/31/2018 08:00:00 AM,109,20,89
08/31/2018 09:00:00 AM,67,15,52
08/31/2018 10:00:00 AM,33,11,22
08/31/2018 11:00:00 AM,39,11,28
08/31/2018 12:00:00 PM,29,14,15
08/31/2018 01:00:00 PM,43,17,26
08/31/2018 02:00:00 PM,35,12,23
08/31/2018 03:00:00 PM,63,19,44
08/31/2018 04:00:00 PM,114,43,71
08/31/2018 05:00:00 PM,87,29,58
08/31/2018 06:00:00 PM,52,18,34
08/31/2018 07:00:00 PM,30,15,15
08/31/2018 08:00:00 PM,28,11,17
08/31/2018 09:00:00 PM,17,5,12
08/31/2018 10:00:00 PM,19,7,12
08/31/2018 11:00:00 PM,13,5,8
09/01/2018 12:00:00 AM,12,7,5
09/01/2018 01:00:00 AM,2,0,2
09/01/2018 02:00:00 AM,12,5,7
09/01/2018 03:00:00 AM,5,4,1
09/01/2018 04:00:00 AM,0,0,0
09/01/2018 05:00:00 AM,4,1,3
09/01/2018 06:00:00 AM,6,2,4
09/01/2018 07:00:00 AM,13,4,9
09/01/2018 08:00:00 AM,18,11,7
09/01/2018 09:00:00 AM,22,3,19
09/01/2018 10:00:00 AM,28,9,19
09/01/2018 11:00:00 AM,43,10,33
09/01/2018 12:00:00 PM,54,20,34
09/01/2018 01:00:00 PM,37,14,23
09/01/2018 02:00:00 PM,62,26,36
09/01/2018 03:00:00 PM,67,39,28
09/01/2018 04:00:00 PM,47,28,19
09/01/2018 05:00:00 PM,36,13,23
09/01/2018 06:00:00 PM,42,23,19
09/01/2018 07:00:00 PM,34,13,21
09/01/2018 08:00:00 PM,23,13,10
09/01/2018 09:00:00 PM,21,6,15
09/01/2018 10:00:00 PM,24,10,14
09/01/2018 11:00:00 PM,31,13,18
09/02/2018 12:00:00 AM,22,13,9
09/02/2018 01:00:00 AM,13,8,5
09/02/2018 02:00:00 AM,5,2,3
09/02/2018 03:00:00 AM,0,0,0
09/02/2018 04:00:00 AM,2,2,0
09/02/2018 05:00:00 AM,2,1,1
09/02/2018 06:00:00 AM,5,0,5
09/02/2018 07:00:00 AM,13,4,9
09/02/2018 08:00:00 AM,27,7,20
09/02/2018 09:00:00 AM,19,9,10
09/02/2018 10:00:00 AM,26,8,18
09/02/2018 11:00:00 AM,30,11,19
09/02/2018 12:00:00 PM,29,11,18
09/02/2018 01:00:00 PM,40,19,21
09/02/2018 02:00:00 PM,54,24,30
09/02/2018 03:00:00 PM,28,8,20
09/02/2018 04:00:00 PM,44,26,18
09/02/2018 05:00:00 PM,37,14,23
09/02/2018 06:00:00 PM,40,20,20
09/02/2018 07:00:00 PM,12,7,5
09/02/2018 08:00:00 PM,24,9,15
09/02/2018 09:00:00 PM,25,15,10
09/02/2018 10:00:00 PM,18,6,12
09/02/2018 11:00:00 PM,22,9,13
09/03/2018 12:00:00 AM,8,6,2
09/03/2018 01:00:00 AM,4,3,1
09/03/2018 02:00:00 AM,10,4,6
09/03/2018 03:00:00 AM,3,2,1
09/03/2018 04:00:00 AM,0,0,0
09/03/2018 05:00:00 AM,5,2,3
09/03/2018 06:00:00 AM,4,0,4
09/03/2018 07:00:00 AM,13,5,8
09/03/2018 08:00:00 AM,19,8,11
09/03/2018 09:00:00 AM,29,12,17
09/03/2018 10:00:00 AM,33,9,24
09/03/2018 11:00:00 AM,44,8,36
09/03/2018 12:00:00 PM,35,16,19
09/03/2018 01:00:00 PM,57,22,35
09/03/2018 02:00:00 PM,39,15,24
09/03/2018 03:00:00 PM,49,23,26
09/03/2018 04:00:00 PM,46,19,27
09/03/2018 05:00:00 PM,58,20,38
09/03/2018 06:00:00 PM,42,20,22
09/03/2018 07:00:00 PM,38,18,20
09/03/2018 08:00:00 PM,24,9,15
09/03/2018 09:00:00 PM,18,9,9
09/03/2018 10:00:00 PM,20,12,8
09/03/2018 11:00:00 PM,10,4,6
09/04/2018 12:00:00 AM,3,2,1
09/04/2018 01:00:00 AM,4,1,3
09/04/2018 02:00:00 AM,1,1,0
09/04/2018 03:00:00 AM,4,4,0
09/04/2018 04:00:00 AM,6,1,5
09/04/2018 05:00:00 AM,14,3,11
09/04/2018 06:00:00 AM,43,3,40
09/04/2018 07:00:00 AM,115,16,99
09/04/2018 08:00:00 AM,170,27,143
09/04/2018 09:00:00 AM,72,18,54
09/04/2018 10:00:00 AM,32,9,23
09/04/2018 11:00:00 AM,50,14,36
09/04/2018 12:00:00 PM,30,12,18
09/04/2018 01:00:00 PM,48,24,24
09/04/2018 02:00:00 PM,55,22,33
09/04/2018 03:00:00 PM,70,30,40
09/04/2018 04:00:00 PM,129,50,79
09/04/2018 05:00:00 PM,134,58,76
09/04/2018 06:00:00 PM,70,35,35
09/04/2018 07:00:00 PM,34,14,20
09/04/2018 08:00:00 PM,21,9,12
09/04/2018 09:00:00 PM,26,7,19
09/04/2018 10:00:00 PM,8,7,1
09/04/2018 11:00:00 PM,15,10,5
09/05/2018 12:00:00 AM,3,2,1
09/05/2018 01:00:00 AM,3,2,1
09/05/2018 02:00:00 AM,2,1,1
09/05/2018 03:00:00 AM,2,2,0
09/05/2018 04:00:00 AM,4,0,4
09/05/2018 05:00:00 AM,13,4,9
09/05/2018 06:00:00 AM,43,3,40
09/05/2018 07:00:00 AM,157,27,130
09/05/2018 08:00:00 AM,179,24,155
09/05/2018 09:00:00 AM,94,24,70
09/05/2018 10:00:00 AM,44,15,29
09/05/2018 11:00:00 AM,33,12,21
09/05/2018 12:00:00 PM,32,9,23
09/05/2018 01:00:00 PM,34,20,14
09/05/2018 02:00:00 PM,36,14,22
09/05/2018 03:00:00 PM,57,21,36
09/05/2018 04:00:00 PM,113,30,83
09/05/2018 05:00:00 PM,164,66,98
09/05/2018 06:00:00 PM,86,37,49
09/05/2018 07:00:00 PM,73,33,40
09/05/2018 08:00:00 PM,26,15,11
09/05/2018 09:00:00 PM,18,12,6
09/05/2018 10:00:00 PM,9,5,4
09/05/2018 11:00:00 PM,13,6,7
09/06/2018 12:00:00 AM,10,8,2
09/06/2018 01:00:00 AM,4,2,2
09/06/2018 02:00:00 AM,3,3,0
09/06/2018 03:00:00 AM,4,1,3
09/06/2018 04:00:00 AM,0,0,0
09/06/2018 05:00:00 AM,12,1,11
09/06/2018 06:00:00 AM,47,9,38
09/06/2018 07:00:00 AM,94,14,80
09/06/2018 08:00:00 AM,188,27,161
09/06/2018 09:00:00 AM,88,17,71
09/06/2018 10:00:00 AM,25,5,20
09/06/2018 11:00:00 AM,45,16,29
09/06/2018 12:00:00 PM,45,18,27
09/06/2018 01:00:00 PM,32,9,23
09/06/2018 02:00:00 PM,43,14,29
09/06/2018 03:00:00 PM,58,16,42
09/06/2018 04:00:00 PM,107,33,74
09/06/2018 05:00:00 PM,155,63,92
09/06/2018 06:00:00 PM,85,35,50
09/06/2018 07:00:00 PM,74,29,45
09/06/2018 08:00:00 PM,31,16,15
09/06/2018 09:00:00 PM,26,14,12
09/06/2018 10:00:00 PM,17,6,11
09/06/2018 11:00:00 PM,12,5,7
09/07/2018 12:00:00 AM,18,9,9
09/07/2018 01:00:00 AM,9,7,2
09/07/2018 02:00:00 AM,3,2,1
09/07/2018 03:00:00 AM,2,1,1
09/07/2018 04:00:00 AM,1,0,1
09/07/2018 05:00:00 AM,7,2,5
09/07/2018 06:00:00 AM,31,4,27
09/07/2018 07:00:00 AM,62,10,52
09/07/2018 08:00:00 AM,154,27,127
09/07/2018 09:00:00 AM,97,15,82
09/07/2018 10:00:00 AM,32,6,26
09/07/2018 11:00:00 AM,47,19,28
09/07/2018 12:00:00 PM,42,21,21
09/07/2018 01:00:00 PM,36,15,21
09/07/2018 02:00:00 PM,42,12,30
09/07/2018 03:00:00 PM,65,26,39
09/07/2018 04:00:00 PM,112,35,77
09/07/2018 05:00:00 PM,133,47,86
09/07/2018 06:00:00 PM,81,36,45
09/07/2018 07:00:00 PM,42,23,19
09/07/2018 08:00:00 PM,23,8,15
09/07/2018 09:00:00 PM,20,10,10
09/07/2018 10:00:00 PM,48,9,39
09/07/2018 11:00:00 PM,17,13,4
09/08/2018 12:00:00 AM,13,9,4
09/08/2018 01:00:00 AM,14,9,5
09/08/2018 02:00:00 AM,4,1,3
09/08/2018 03:00:00 AM,2,1,1
09/08/2018 04:00:00 AM,0,0,0
09/08/2018 05:00:00 AM,3,0,3
09/08/2018 06:00:00 AM,10,2,8
09/08/2018 07:00:00 AM,17,3,14
09/08/2018 08:00:00 AM,11,1,10
09/08/2018 09:00:00 AM,23,5,18
09/08/2018 10:00:00 AM,36,17,19
09/08/2018 11:00:00 AM,47,13,34
09/08/2018 12:00:00 PM,35,13,22
09/08/2018 01:00:00 PM,49,17,32
09/08/2018 02:00:00 PM,48,13,35
09/08/2018 03:00:00 PM,49,19,30
09/08/2018 04:00:00 PM,38,19,19
09/08/2018 05:00:00 PM,48,18,30
09/08/2018 06:00:00 PM,26,5,21
09/08/2018 07:00:00 PM,23,11,12
09/08/2018 08:00:00 PM,16,7,9
09/08/2018 09:00:00 PM,21,11,10
09/08/2018 10:00:00 PM,16,7,9
09/08/2018 11:00:00 PM,20,10,10
09/09/2018 12:00:00 AM,14,10,4
09/09/2018 01:00:00 AM,0,0,0
09/09/2018 02:00:00 AM,3,3,0
09/09/2018 03:00:00 AM,2,2,0
09/09/2018 04:00:00 AM,7,2,5
09/09/2018 05:00:00 AM,3,3,0
09/09/2018 06:00:00 AM,3,0,3
09/09/2018 07:00:00 AM,9,3,6
09/09/2018 08:00:00 AM,11,1,10
09/09/2018 09:00:00 AM,18,9,9
09/09/2018 10:00:00 AM,43,22,21
09/09/2018 11:00:00 AM,42,19,23
09/09/2018 12:00:00 PM,35,18,17
09/09/2018 01:00:00 PM,45,19,26
09/09/2018 02:00:00 PM,34,12,22
09/09/2018 03:00:00 PM,47,15,32
09/09/2018 04:00:00 PM,47,26,21
09/09/2018 05:00:00 PM,36,14,22
09/09/2018 06:00:00 PM,23,10,13
09/09/2018 07:00:00 PM,27,13,14
09/09/2018 08:00:00 PM,10,5,5
09/09/2018 09:00:00 PM,9,4,5
09/09/2018 10:00:00 PM,9,7,2
09/09/2018 11:00:00 PM,5,4,1
09/10/2018 12:00:00 AM,2,0,2
09/10/2018 01:00:00 AM,3,1,2
09/10/2018 02:00:00 AM,2,2,0
09/10/2018 03:00:00 AM,3,2,1
09/10/2018 04:00:00 AM,2,0,2
09/10/2018 05:00:00 AM,15,4,11
09/10/2018 06:00:00 AM,32,5,27
09/10/2018 07:00:00 AM,60,6,54
09/10/2018 08:00:00 AM,161,26,135
09/10/2018 09:00:00 AM,81,12,69
09/10/2018 10:00:00 AM,35,9,26
09/10/2018 11:00:00 AM,31,9,22
09/10/2018 12:00:00 PM,31,11,20
09/10/2018 01:00:00 PM,28,10,18
09/10/2018 02:00:00 PM,26,8,18
09/10/2018 03:00:00 PM,43,19,24
09/10/2018 04:00:00 PM,93,34,59
09/10/2018 05:00:00 PM,127,48,79
09/10/2018 06:00:00 PM,69,29,40
09/10/2018 07:00:00 PM,48,21,27
09/10/2018 08:00:00 PM,21,11,10
09/10/2018 09:00:00 PM,15,9,6
09/10/2018 10:00:00 PM,15,6,9
09/10/2018 11:00:00 PM,22,10,12
09/11/2018 12:00:00 AM,8,5,3
09/11/2018 01:00:00 AM,3,2,1
09/11/2018 02:00:00 AM,2,1,1
09/11/2018 03:00:00 AM,3,2,1
09/11/2018 04:00:00 AM,1,1,0
09/11/2018 05:00:00 AM,7,2,5
09/11/2018 06:00:00 AM,43,9,34
09/11/2018 07:00:00 AM,81,10,71
09/11/2018 08:00:00 AM,132,16,116
09/11/2018 09:00:00 AM,79,12,67
09/11/2018 10:00:00 AM,22,4,18
09/11/2018 11:00:00 AM,29,9,20
09/11/2018 12:00:00 PM,32,8,24
09/11/2018 01:00:00 PM,33,20,13
09/11/2018 02:00:00 PM,27,10,17
09/11/2018 03:00:00 PM,39,11,28
09/11/2018 04:00:00 PM,76,20,56
09/11/2018 05:00:00 PM,116,41,75
09/11/2018 06:00:00 PM,65,28,37
09/11/2018 07:00:00 PM,44,20,24
09/11/2018 08:00:00 PM,31,14,17
09/11/2018 09:00:00 PM,19,5,14
09/11/2018 10:00:00 PM,18,11,7
09/11/2018 11:00:00 PM,8,4,4
09/12/2018 12:00:00 AM,4,3,1
09/12/2018 01:00:00 AM,4,2,2
09/12/2018 02:00:00 AM,2,1,1
09/12/2018 03:00:00 AM,2,2,0
09/12/2018 04:00:00 AM,1,0,1
09/12/2018 05:00:00 AM,11,2,9
09/12/2018 06:00:00 AM,26,7,19
09/12/2018 07:00:00 AM,77,10,67
09/12/2018 08:00:00 AM,163,25,138
09/12/2018 09:00:00 AM,83,14,69
09/12/2018 10:00:00 AM,31,9,22
09/12/2018 11:00:00 AM,25,6,19
09/12/2018 12:00:00 PM,27,9,18
09/12/2018 01:00:00 PM,30,12,18
09/12/2018 02:00:00 PM,39,16,23
09/12/2018 03:00:00 PM,45,13,32
09/12/2018 04:00:00 PM,79,32,47
09/12/2018 05:00:00 PM,117,37,80
09/12/2018 06:00:00 PM,86,38,48
09/12/2018 07:00:00 PM,41,23,18
09/12/2018 08:00:00 PM,22,4,18
09/12/2018 09:00:00 PM,18,6,12
09/12/2018 10:00:00 PM,12,9,3
09/12/2018 11:00:00 PM,20,12,8
09/13/2018 12:00:00 AM,8,5,3
09/13/2018 01:00:00 AM,8,6,2
09/13/2018 02:00:00 AM,4,1,3
09/13/2018 03:00:00 AM,1,1,0
09/13/2018 04:00:00 AM,4,1,3
09/13/2018 05:00:00 AM,10,3,7
09/13/2018 06:00:00 AM,25,5,20
09/13/2018 07:00:00 AM,65,10,55
09/13/2018 08:00:00 AM,155,25,130
09/13/2018 09:00:00 AM,83,14,69
09/13/2018 10:00:00 AM,32,9,23
09/13/2018 11:00:00 AM,36,10,26
09/13/2018 12:00:00 PM,19,12,7
09/13/2018 01:00:00 PM,41,20,21
09/13/2018 02:00:00 PM,26,7,19
09/13/2018 03:00:00 PM,46,14,32
09/13/2018 04:00:00 PM,82,22,60
09/13/2018 05:00:00 PM,99,39,60
09/13/2018 06:00:00 PM,75,35,40
09/13/2018 07:00:00 PM,50,24,26
09/13/2018 08:00:00 PM,27,13,14
09/13/2018 09:00:00 PM,21,9,12
09/13/2018 10:00:00 PM,10,2,8
09/13/2018 11:00:00 PM,15,7,8
09/14/2018 12:00:00 AM,3,2,1
09/14/2018 01:00:00 AM,2,2,0
09/14/2018 02:00:00 AM,1,0,1
09/14/2018 03:00:00 AM,2,2,0
09/14/2018 04:00:00 AM,4,0,4
09/14/2018 05:00:00 AM,8,3,5
09/14/2018 06:00:00 AM,17,1,16
09/14/2018 07:00:00 AM,50,14,36
09/14/2018 08:00:00 AM,92,8,84
09/14/2018 09:00:00 AM,58,14,44
09/14/2018 10:00:00 AM,20,3,17
09/14/2018 11:00:00 AM,32,9,23
09/14/2018 12:00:00 PM,30,12,18
09/14/2018 01:00:00 PM,31,13,18
09/14/2018 02:00:00 PM,32,12,20
09/14/2018 03:00:00 PM,43,15,28
09/14/2018 04:00:00 PM,72,23,49
09/14/2018 05:00:00 PM,93,31,62
09/14/2018 06:00:00 PM,56,23,33
09/14/2018 07:00:00 PM,53,25,28
09/14/2018 08:00:00 PM,32,15,17
09/14/2018 09:00:00 PM,21,10,11
09/14/2018 10:00:00 PM,23,12,11
09/14/2018 11:00:00 PM,17,11,6
09/15/2018 12:00:00 AM,17,11,6
09/15/2018 01:00:00 AM,11,6,5
09/15/2018 02:00:00 AM,8,6,2
09/15/2018 03:00:00 AM,8,3,5
09/15/2018 04:00:00 AM,6,2,4
09/15/2018 05:00:00 AM,2,1,1
09/15/2018 06:00:00 AM,5,1,4
09/15/2018 07:00:00 AM,7,4,3
09/15/2018 08:00:00 AM,21,8,13
09/15/2018 09:00:00 AM,33,10,23
09/15/2018 10:00:00 AM,23,12,11
09/15/2018 11:00:00 AM,22,7,15
09/15/2018 12:00:00 PM,22,12,10
09/15/2018 01:00:00 PM,27,9,18
09/15/2018 02:00:00 PM,28,13,15
09/15/2018 03:00:00 PM,25,11,14
09/15/2018 04:00:00 PM,29,12,17
09/15/2018 05:00:00 PM,24,6,18
09/15/2018 06:00:00 PM,18,7,11
09/15/2018 07:00:00 PM,14,7,7
09/15/2018 08:00:00 PM,10,4,6
09/15/2018 09:00:00 PM,8,5,3
09/15/2018 10:00:00 PM,16,9,7
09/15/2018 11:00:00 PM,8,2,6
09/16/2018 12:00:00 AM,12,9,3
09/16/2018 01:00:00 AM,8,3,5
09/16/2018 02:00:00 AM,3,2,1
09/16/2018 03:00:00 AM,1,0,1
09/16/2018 04:00:00 AM,2,1,1
09/16/2018 05:00:00 AM,0,0,0
09/16/2018 06:00:00 AM,2,0,2
09/16/2018 07:00:00 AM,3,1,2
09/16/2018 08:00:00 AM,4,2,2
09/16/2018 09:00:00 AM,4,1,3
09/16/2018 10:00:00 AM,13,5,8
09/16/2018 11:00:00 AM,23,9,14
09/16/2018 12:00:00 PM,30,12,18
09/16/2018 01:00:00 PM,28,14,14
09/16/2018 02:00:00 PM,39,12,27
09/16/2018 03:00:00 PM,34,10,24
09/16/2018 04:00:00 PM,24,9,15
09/16/2018 05:00:00 PM,44,19,25
09/16/2018 06:00:00 PM,31,16,15
09/16/2018 07:00:00 PM,24,6,18
09/16/2018 08:00:00 PM,25,9,16
09/16/2018 09:00:00 PM,14,7,7
09/16/2018 10:00:00 PM,3,2,1
09/16/2018 11:00:00 PM,6,2,4
09/17/2018 12:00:00 AM,3,1,2
09/17/2018 01:00:00 AM,5,3,2
09/17/2018 02:00:00 AM,1,0,1
09/17/2018 03:00:00 AM,1,0,1
09/17/2018 04:00:00 AM,2,0,2
09/17/2018 05:00:00 AM,7,2,5
09/17/2018 06:00:00 AM,35,2,33
09/17/2018 07:00:00 AM,104,16,88
09/17/2018 08:00:00 AM,193,23,170
09/17/2018 09:00:00 AM,98,19,79
09/17/2018 10:00:00 AM,42,9,33
09/17/2018 11:00:00 AM,29,11,18
09/17/2018 12:00:00 PM,33,13,20
09/17/2018 01:00:00 PM,44,12,32
09/17/2018 02:00:00 PM,33,16,17
09/17/2018 03:00:00 PM,62,25,37
09/17/2018 04:00:00 PM,103,40,63
09/17/2018 05:00:00 PM,134,54,80
09/17/2018 06:00:00 PM,79,31,48
09/17/2018 07:00:00 PM,35,20,15
09/17/2018 08:00:00 PM,25,10,15
09/17/2018 09:00:00 PM,23,12,11
09/17/2018 10:00:00 PM,13,7,6
09/17/2018 11:00:00 PM,12,7,5
09/18/2018 12:00:00 AM,10,3,7
09/18/2018 01:00:00 AM,3,1,2
09/18/2018 02:00:00 AM,6,5,1
09/18/2018 03:00:00 AM,5,2,3
09/18/2018 04:00:00 AM,2,0,2
09/18/2018 05:00:00 AM,15,3,12
09/18/2018 06:00:00 AM,41,2,39
09/18/2018 07:00:00 AM,91,10,81
09/18/2018 08:00:00 AM,185,25,160
09/18/2018 09:00:00 AM,96,23,73
09/18/2018 10:00:00 AM,32,7,25
09/18/2018 11:00:00 AM,28,11,17
09/18/2018 12:00:00 PM,23,14,9
09/18/2018 01:00:00 PM,40,17,23
09/18/2018 02:00:00 PM,40,12,28
09/18/2018 03:00:00 PM,48,18,30
09/18/2018 04:00:00 PM,92,22,70
09/18/2018 05:00:00 PM,128,47,81
09/18/2018 06:00:00 PM,72,31,41
09/18/2018 07:00:00 PM,45,21,24
09/18/2018 08:00:00 PM,27,11,16
09/18/2018 09:00:00 PM,21,8,13
09/18/2018 10:00:00 PM,21,9,12
09/18/2018 11:00:00 PM,5,1,4
09/19/2018 12:00:00 AM,7,4,3
09/19/2018 01:00:00 AM,4,0,4
09/19/2018 02:00:00 AM,4,4,0
09/19/2018 03:00:00 AM,3,2,1
09/19/2018 04:00:00 AM,3,2,1
09/19/2018 05:00:00 AM,14,4,10
09/19/2018 06:00:00 AM,34,4,30
09/19/2018 07:00:00 AM,82,15,67
09/19/2018 08:00:00 AM,155,24,131
09/19/2018 09:00:00 AM,106,14,92
09/19/2018 10:00:00 AM,45,11,34
09/19/2018 11:00:00 AM,25,6,19
09/19/2018 12:00:00 PM,32,15,17
09/19/2018 01:00:00 PM,45,11,34
09/19/2018 02:00:00 PM,30,9,21
09/19/2018 03:00:00 PM,43,22,21
09/19/2018 04:00:00 PM,97,39,58
09/19/2018 05:00:00 PM,130,42,88
09/19/2018 06:00:00 PM,89,33,56
09/19/2018 07:00:00 PM,58,18,40
09/19/2018 08:00:00 PM,26,11,15
09/19/2018 09:00:00 PM,10,3,7
09/19/2018 10:00:00 PM,32,23,9
09/19/2018 11:00:00 PM,16,8,8
09/20/2018 12:00:00 AM,3,2,1
09/20/2018 01:00:00 AM,3,1,2
09/20/2018 02:00:00 AM,1,1,0
09/20/2018 03:00:00 AM,3,1,2
09/20/2018 04:00:00 AM,2,1,1
09/20/2018 05:00:00 AM,9,2,7
09/20/2018 06:00:00 AM,32,3,29
09/20/2018 07:00:00 AM,84,12,72
09/20/2018 08:00:00 AM,120,26,94
09/20/2018 09:00:00 AM,86,12,74
09/20/2018 10:00:00 AM,41,13,28
09/20/2018 11:00:00 AM,27,5,22
09/20/2018 12:00:00 PM,29,12,17
09/20/2018 01:00:00 PM,39,13,26
09/20/2018 02:00:00 PM,35,12,23
09/20/2018 03:00:00 PM,61,19,42
09/20/2018 04:00:00 PM,81,24,57
09/20/2018 05:00:00 PM,130,55,75
09/20/2018 06:00:00 PM,80,39,41
09/20/2018 07:00:00 PM,37,15,22
09/20/2018 08:00:00 PM,38,12,26
09/20/2018 09:00:00 PM,17,7,10
09/20/2018 10:00:00 PM,17,8,9
09/20/2018 11:00:00 PM,12,5,7
09/21/2018 12:00:00 AM,3,2,1
09/21/2018 01:00:00 AM,18,9,9
09/21/2018 02:00:00 AM,4,0,4
09/21/2018 03:00:00 AM,2,0,2
09/21/2018 04:00:00 AM,1,1,0
09/21/2018 05:00:00 AM,16,7,9
09/21/2018 06:00:00 AM,28,3,25
09/21/2018 07:00:00 AM,64,10,54
09/21/2018 08:00:00 AM,156,26,130
09/21/2018 09:00:00 AM,77,14,63
09/21/2018 10:00:00 AM,34,9,25
09/21/2018 11:00:00 AM,34,12,22
09/21/2018 12:00:00 PM,28,11,17
09/21/2018 01:00:00 PM,37,15,22
09/21/2018 02:00:00 PM,47,17,30
09/21/2018 03:00:00 PM,63,21,42
09/21/2018 04:00:00 PM,85,25,60
09/21/2018 05:00:00 PM,109,29,80
09/21/2018 06:00:00 PM,62,31,31
09/21/2018 07:00:00 PM,47,14,33
09/21/2018 08:00:00 PM,30,13,17
09/21/2018 09:00:00 PM,23,11,12
09/21/2018 10:00:00 PM,11,7,4
09/21/2018 11:00:00 PM,13,7,6
09/22/2018 12:00:00 AM,9,7,2
09/22/2018 01:00:00 AM,23,10,13
09/22/2018 02:00:00 AM,6,2,4
09/22/2018 03:00:00 AM,3,1,2
09/22/2018 04:00:00 AM,3,2,1
09/22/2018 05:00:00 AM,1,0,1
09/22/2018 06:00:00 AM,6,2,4
09/22/2018 07:00:00 AM,7,2,5
09/22/2018 08:00:00 AM,18,5,13
09/22/2018 09:00:00 AM,13,5,8
09/22/2018 10:00:00 AM,24,11,13
09/22/2018 11:00:00 AM,37,18,19
09/22/2018 12:00:00 PM,36,14,22
09/22/2018 01:00:00 PM,40,19,21
09/22/2018 02:00:00 PM,36,13,23
09/22/2018 03:00:00 PM,50,23,27
09/22/2018 04:00:00 PM,39,14,25
09/22/2018 05:00:00 PM,45,18,27
09/22/2018 06:00:00 PM,29,15,14
09/22/2018 07:00:00 PM,26,13,13
09/22/2018 08:00:00 PM,21,10,11
09/22/2018 09:00:00 PM,10,4,6
09/22/2018 10:00:00 PM,24,14,10
09/22/2018 11:00:00 PM,31,18,13
09/23/2018 12:00:00 AM,12,8,4
09/23/2018 01:00:00 AM,13,6,7
09/23/2018 02:00:00 AM,5,2,3
09/23/2018 03:00:00 AM,2,0,2
09/23/2018 04:00:00 AM,5,4,1
09/23/2018 05:00:00 AM,3,3,0
09/23/2018 06:00:00 AM,3,0,3
09/23/2018 07:00:00 AM,5,1,4
09/23/2018 08:00:00 AM,13,6,7
09/23/2018 09:00:00 AM,20,6,14
09/23/2018 10:00:00 AM,23,5,18
09/23/2018 11:00:00 AM,42,9,33
09/23/2018 12:00:00 PM,46,4,42
09/23/2018 01:00:00 PM,47,18,29
09/23/2018 02:00:00 PM,25,10,15
09/23/2018 03:00:00 PM,21,6,15
09/23/2018 04:00:00 PM,48,26,22
09/23/2018 05:00:00 PM,39,23,16
09/23/2018 06:00:00 PM,35,21,14
09/23/2018 07:00:00 PM,21,5,16
09/23/2018 08:00:00 PM,22,14,8
09/23/2018 09:00:00 PM,18,6,12
09/23/2018 10:00:00 PM,14,6,8
09/23/2018 11:00:00 PM,8,6,2
09/24/2018 12:00:00 AM,5,4,1
09/24/2018 01:00:00 AM,3,3,0
09/24/2018 02:00:00 AM,0,0,0
09/24/2018 03:00:00 AM,3,2,1
09/24/2018 04:00:00 AM,3,0,3
09/24/2018 05:00:00 AM,10,2,8
09/24/2018 06:00:00 AM,40,8,32
09/24/2018 07:00:00 AM,85,8,77
09/24/2018 08:00:00 AM,197,27,170
09/24/2018 09:00:00 AM,87,19,68
09/24/2018 10:00:00 AM,52,12,40
09/24/2018 11:00:00 AM,21,9,12
09/24/2018 12:00:00 PM,33,11,22
09/24/2018 01:00:00 PM,24,11,13
09/24/2018 02:00:00 PM,33,11,22
09/24/2018 03:00:00 PM,34,14,20
09/24/2018 04:00:00 PM,104,40,64
09/24/2018 05:00:00 PM,136,40,96
09/24/2018 06:00:00 PM,71,26,45
09/24/2018 07:00:00 PM,33,16,17
09/24/2018 08:00:00 PM,30,18,12
09/24/2018 09:00:00 PM,16,7,9
09/24/2018 10:00:00 PM,16,8,8
09/24/2018 11:00:00 PM,14,6,8
09/25/2018 12:00:00 AM,13,10,3
09/25/2018 01:00:00 AM,4,2,2
09/25/2018 02:00:00 AM,0,0,0
09/25/2018 03:00:00 AM,9,7,2
09/25/2018 04:00:00 AM,1,0,1
09/25/2018 05:00:00 AM,16,3,13
09/25/2018 06:00:00 AM,47,10,37
09/25/2018 07:00:00 AM,94,10,84
09/25/2018 08:00:00 AM,188,32,156
09/25/2018 09:00:00 AM,93,21,72
09/25/2018 10:00:00 AM,33,7,26
09/25/2018 11:00:00 AM,27,4,23
09/25/2018 12:00:00 PM,34,15,19
09/25/2018 01:00:00 PM,40,21,19
09/25/2018 02:00:00 PM,34,13,21
09/25/2018 03:00:00 PM,41,14,27
09/25/2018 04:00:00 PM,96,32,64
09/25/2018 05:00:00 PM,139,40,99
09/25/2018 06:00:00 PM,85,41,44
09/25/2018 07:00:00 PM,42,17,25
09/25/2018 08:00:00 PM,32,15,17
09/25/2018 09:00:00 PM,31,14,17
09/25/2018 10:00:00 PM,18,13,5
09/25/2018 11:00:00 PM,12,4,8
09/26/2018 12:00:00 AM,5,4,1
09/26/2018 01:00:00 AM,3,0,3
09/26/2018 02:00:00 AM,8,6,2
09/26/2018 03:00:00 AM,2,1,1
09/26/2018 04:00:00 AM,2,1,1
09/26/2018 05:00:00 AM,14,4,10
09/26/2018 06:00:00 AM,39,5,34
09/26/2018 07:00:00 AM,95,8,87
09/26/2018 08:00:00 AM,167,21,146
09/26/2018 09:00:00 AM,87,14,73
09/26/2018 10:00:00 AM,34,9,25
09/26/2018 11:00:00 AM,34,10,24
09/26/2018 12:00:00 PM,23,6,17
09/26/2018 01:00:00 PM,27,9,18
09/26/2018 02:00:00 PM,33,11,22
09/26/2018 03:00:00 PM,63,26,37
09/26/2018 04:00:00 PM,93,28,65
09/26/2018 05:00:00 PM,140,53,87
09/26/2018 06:00:00 PM,83,30,53
09/26/2018 07:00:00 PM,42,18,24
09/26/2018 08:00:00 PM,26,10,16
09/26/2018 09:00:00 PM,25,14,11
09/26/2018 10:00:00 PM,8,6,2
09/26/2018 11:00:00 PM,5,3,2
09/27/2018 12:00:00 AM,6,4,2
09/27/2018 01:00:00 AM,2,2,0
09/27/2018 02:00:00 AM,2,0,2
09/27/2018 03:00:00 AM,2,1,1
09/27/2018 04:00:00 AM,0,0,0
09/27/2018 05:00:00 AM,25,7,18
09/27/2018 06:00:00 AM,37,7,30
09/27/2018 07:00:00 AM,80,8,72
09/27/2018 08:00:00 AM,162,23,139
09/27/2018 09:00:00 AM,88,14,74
09/27/2018 10:00:00 AM,34,9,25
09/27/2018 11:00:00 AM,46,18,28
09/27/2018 12:00:00 PM,35,15,20
09/27/2018 01:00:00 PM,24,13,11
09/27/2018 02:00:00 PM,32,14,18
09/27/2018 03:00:00 PM,30,10,20
09/27/2018 04:00:00 PM,106,39,67
09/27/2018 05:00:00 PM,127,52,75
09/27/2018 06:00:00 PM,78,33,45
09/27/2018 07:00:00 PM,45,21,24
09/27/2018 08:00:00 PM,21,9,12
09/27/2018 09:00:00 PM,17,9,8
09/27/2018 10:00:00 PM,14,7,7
09/27/2018 11:00:00 PM,18,8,10
09/28/2018 12:00:00 AM,4,1,3
09/28/2018 01:00:00 AM,9,6,3
09/28/2018 02:00:00 AM,2,1,1
09/28/2018 03:00:00 AM,1,1,0
09/28/2018 04:00:00 AM,4,1,3
09/28/2018 05:00:00 AM,14,2,12
09/28/2018 06:00:00 AM,36,5,31
09/28/2018 07:00:00 AM,83,8,75
09/28/2018 08:00:00 AM,151,20,131
09/28/2018 09:00:00 AM,78,18,60
09/28/2018 10:00:00 AM,45,12,33
09/28/2018 11:00:00 AM,39,7,32
09/28/2018 12:00:00 PM,37,17,20
09/28/2018 01:00:00 PM,42,17,25
09/28/2018 02:00:00 PM,40,14,26
09/28/2018 03:00:00 PM,79,30,49
09/28/2018 04:00:00 PM,106,45,61
09/28/2018 05:00:00 PM,121,44,77
09/28/2018 06:00:00 PM,70,23,47
09/28/2018 07:00:00 PM,49,24,25
09/28/2018 08:00:00 PM,32,19,13
09/28/2018 09:00:00 PM,31,12,19
09/28/2018 10:00:00 PM,21,12,9
09/28/2018 11:00:00 PM,18,5,13
09/29/2018 12:00:00 AM,17,9,8
09/29/2018 01:00:00 AM,8,4,4
09/29/2018 02:00:00 AM,10,6,4
09/29/2018 03:00:00 AM,3,1,2
09/29/2018 04:00:00 AM,2,2,0
09/29/2018 05:00:00 AM,5,2,3
09/29/2018 06:00:00 AM,3,1,2
09/29/2018 07:00:00 AM,6,3,3
09/29/2018 08:00:00 AM,18,7,11
09/29/2018 09:00:00 AM,26,7,19
09/29/2018 10:00:00 AM,15,3,12
09/29/2018 11:00:00 AM,56,12,44
09/29/2018 12:00:00 PM,74,11,63
09/29/2018 01:00:00 PM,48,16,32
09/29/2018 02:00:00 PM,46,17,29
09/29/2018 03:00:00 PM,76,40,36
09/29/2018 04:00:00 PM,34,20,14
09/29/2018 05:00:00 PM,34,10,24
09/29/2018 06:00:00 PM,32,11,21
09/29/2018 07:00:00 PM,26,16,10
09/29/2018 08:00:00 PM,13,4,9
09/29/2018 09:00:00 PM,16,9,7
09/29/2018 10:00:00 PM,19,8,11
09/29/2018 11:00:00 PM,9,4,5
09/30/2018 12:00:00 AM,6,5,1
09/30/2018 01:00:00 AM,5,3,2
09/30/2018 02:00:00 AM,7,5,2
09/30/2018 03:00:00 AM,3,2,1
09/30/2018 04:00:00 AM,0,0,0
09/30/2018 05:00:00 AM,2,0,2
09/30/2018 06:00:00 AM,3,2,1
09/30/2018 07:00:00 AM,5,3,2
09/30/2018 08:00:00 AM,13,3,10
09/30/2018 09:00:00 AM,16,2,14
09/30/2018 10:00:00 AM,11,3,8
09/30/2018 11:00:00 AM,37,9,28
09/30/2018 12:00:00 PM,25,13,12
09/30/2018 01:00:00 PM,37,16,21
09/30/2018 02:00:00 PM,19,8,11
09/30/2018 03:00:00 PM,26,10,16
09/30/2018 04:00:00 PM,25,8,17
09/30/2018 05:00:00 PM,17,8,9
09/30/2018 06:00:00 PM,27,10,17
09/30/2018 07:00:00 PM,24,13,11
09/30/2018 08:00:00 PM,15,10,5
09/30/2018 09:00:00 PM,12,5,7
09/30/2018 10:00:00 PM,3,2,1
09/30/2018 11:00:00 PM,14,8,6
10/01/2018 12:00:00 AM,5,2,3
10/01/2018 01:00:00 AM,4,1,3
10/01/2018 02:00:00 AM,1,1,0
10/01/2018 03:00:00 AM,3,2,1
10/01/2018 04:00:00 AM,0,0,0
10/01/2018 05:00:00 AM,8,3,5
10/01/2018 06:00:00 AM,35,4,31
10/01/2018 07:00:00 AM,74,10,64
10/01/2018 08:00:00 AM,139,20,119
10/01/2018 09:00:00 AM,75,12,63
10/01/2018 10:00:00 AM,22,4,18
10/01/2018 11:00:00 AM,15,5,10
10/01/2018 12:00:00 PM,19,5,14
10/01/2018 01:00:00 PM,24,9,15
10/01/2018 02:00:00 PM,20,6,14
10/01/2018 03:00:00 PM,35,13,22
10/01/2018 04:00:00 PM,68,18,50
10/01/2018 05:00:00 PM,84,26,58
10/01/2018 06:00:00 PM,51,24,27
10/01/2018 07:00:00 PM,18,6,12
10/01/2018 08:00:00 PM,26,13,13
10/01/2018 09:00:00 PM,13,9,4
10/01/2018 10:00:00 PM,18,6,12
10/01/2018 11:00:00 PM,10,4,6
10/02/2018 12:00:00 AM,3,1,2
10/02/2018 01:00:00 AM,5,0,5
10/02/2018 02:00:00 AM,4,2,2
10/02/2018 03:00:00 AM,2,1,1
10/02/2018 04:00:00 AM,5,2,3
10/02/2018 05:00:00 AM,16,4,12
10/02/2018 06:00:00 AM,37,3,34
10/02/2018 07:00:00 AM,70,9,61
10/02/2018 08:00:00 AM,140,24,116
10/02/2018 09:00:00 AM,91,16,75
10/02/2018 10:00:00 AM,35,7,28
10/02/2018 11:00:00 AM,22,8,14
10/02/2018 12:00:00 PM,32,13,19
10/02/2018 01:00:00 PM,23,7,16
10/02/2018 02:00:00 PM,40,14,26
10/02/2018 03:00:00 PM,45,17,28
10/02/2018 04:00:00 PM,71,17,54
10/02/2018 05:00:00 PM,129,49,80
10/02/2018 06:00:00 PM,65,23,42
10/02/2018 07:00:00 PM,27,11,16
10/02/2018 08:00:00 PM,9,2,7
10/02/2018 09:00:00 PM,14,9,5
10/02/2018 10:00:00 PM,18,3,15
10/02/2018 11:00:00 PM,14,7,7
10/03/2018 12:00:00 AM,10,3,7
10/03/2018 01:00:00 AM,2,0,2
10/03/2018 02:00:00 AM,1,1,0
10/03/2018 03:00:00 AM,1,0,1
10/03/2018 04:00:00 AM,2,1,1
10/03/2018 05:00:00 AM,16,5,11
10/03/2018 06:00:00 AM,38,2,36
10/03/2018 07:00:00 AM,84,5,79
10/03/2018 08:00:00 AM,148,28,120
10/03/2018 09:00:00 AM,85,16,69
10/03/2018 10:00:00 AM,35,5,30
10/03/2018 11:00:00 AM,28,7,21
10/03/2018 12:00:00 PM,34,13,21
10/03/2018 01:00:00 PM,21,8,13
10/03/2018 02:00:00 PM,23,5,18
10/03/2018 03:00:00 PM,42,17,25
10/03/2018 04:00:00 PM,84,37,47
10/03/2018 05:00:00 PM,128,45,83
10/03/2018 06:00:00 PM,85,29,56
10/03/2018 07:00:00 PM,33,13,20
10/03/2018 08:00:00 PM,26,10,16
10/03/2018 09:00:00 PM,18,9,9
10/03/2018 10:00:00 PM,15,8,7
10/03/2018 11:00:00 PM,15,7,8
10/04/2018 12:00:00 AM,2,0,2
10/04/2018 01:00:00 AM,2,2,0
10/04/2018 02:00:00 AM,3,3,0
10/04/2018 03:00:00 AM,5,3,2
10/04/2018 04:00:00 AM,2,1,1
10/04/2018 05:00:00 AM,18,4,14
10/04/2018 06:00:00 AM,42,4,38
10/04/2018 07:00:00 AM,77,11,66
10/04/2018 08:00:00 AM,140,19,121
10/04/2018 09:00:00 AM,89,21,68
10/04/2018 10:00:00 AM,29,8,21
10/04/2018 11:00:00 AM,41,18,23
10/04/2018 12:00:00 PM,23,9,14
10/04/2018 01:00:00 PM,24,8,16
10/04/2018 02:00:00 PM,28,11,17
10/04/2018 03:00:00 PM,43,15,28
10/04/2018 04:00:00 PM,89,30,59
10/04/2018 05:00:00 PM,155,47,108
10/04/2018 06:00:00 PM,86,33,53
10/04/2018 07:00:00 PM,34,14,20
10/04/2018 08:00:00 PM,20,8,12
10/04/2018 09:00:00 PM,21,12,9
10/04/2018 10:00:00 PM,9,5,4
10/04/2018 11:00:00 PM,10,6,4
10/05/2018 12:00:00 AM,12,9,3
10/05/2018 01:00:00 AM,9,5,4
10/05/2018 02:00:00 AM,1,1,0
10/05/2018 03:00:00 AM,5,4,1
10/05/2018 04:00:00 AM,1,0,1
10/05/2018 05:00:00 AM,8,2,6
10/05/2018 06:00:00 AM,13,3,10
10/05/2018 07:00:00 AM,47,7,40
10/05/2018 08:00:00 AM,93,17,76
10/05/2018 09:00:00 AM,50,12,38
10/05/2018 10:00:00 AM,23,3,20
10/05/2018 11:00:00 AM,23,5,18
10/05/2018 12:00:00 PM,13,7,6
10/05/2018 01:00:00 PM,19,9,10
10/05/2018 02:00:00 PM,20,4,16
10/05/2018 03:00:00 PM,36,12,24
10/05/2018 04:00:00 PM,58,19,39
10/05/2018 05:00:00 PM,69,24,45
10/05/2018 06:00:00 PM,35,9,26
10/05/2018 07:00:00 PM,33,19,14
10/05/2018 08:00:00 PM,17,6,11
10/05/2018 09:00:00 PM,16,9,7
10/05/2018 10:00:00 PM,11,7,4
10/05/2018 11:00:00 PM,17,7,10
10/06/2018 12:00:00 AM,6,4,2
10/06/2018 01:00:00 AM,7,3,4
10/06/2018 02:00:00 AM,6,5,1
10/06/2018 03:00:00 AM,2,2,0
10/06/2018 04:00:00 AM,1,0,1
10/06/2018 05:00:00 AM,3,0,3
10/06/2018 06:00:00 AM,4,0,4
10/06/2018 07:00:00 AM,5,2,3
10/06/2018 08:00:00 AM,17,4,13
10/06/2018 09:00:00 AM,24,6,18
10/06/2018 10:00:00 AM,13,5,8
10/06/2018 11:00:00 AM,23,8,15
10/06/2018 12:00:00 PM,37,11,26
10/06/2018 01:00:00 PM,53,22,31
10/06/2018 02:00:00 PM,34,10,24
10/06/2018 03:00:00 PM,43,17,26
10/06/2018 04:00:00 PM,47,21,26
10/06/2018 05:00:00 PM,36,19,17
10/06/2018 06:00:00 PM,24,9,15
10/06/2018 07:00:00 PM,16,5,11
10/06/2018 08:00:00 PM,34,14,20
10/06/2018 09:00:00 PM,16,8,8
10/06/2018 10:00:00 PM,12,4,8
10/06/2018 11:00:00 PM,17,7,10
10/07/2018 12:00:00 AM,11,8,3
10/07/2018 01:00:00 AM,15,5,10
10/07/2018 02:00:00 AM,5,3,2
10/07/2018 03:00:00 AM,6,6,0
10/07/2018 04:00:00 AM,0,0,0
10/07/2018 05:00:00 AM,1,0,1
10/07/2018 06:00:00 AM,3,1,2
10/07/2018 07:00:00 AM,8,5,3
10/07/2018 08:00:00 AM,11,2,9
10/07/2018 09:00:00 AM,12,2,10
10/07/2018 10:00:00 AM,17,6,11
10/07/2018 11:00:00 AM,16,9,7
10/07/2018 12:00:00 PM,29,8,21
10/07/2018 01:00:00 PM,15,4,11
10/07/2018 02:00:00 PM,14,9,5
10/07/2018 03:00:00 PM,23,7,16
10/07/2018 04:00:00 PM,12,5,7
10/07/2018 05:00:00 PM,48,25,23
10/07/2018 06:00:00 PM,13,9,4
10/07/2018 07:00:00 PM,13,4,9
10/07/2018 08:00:00 PM,15,5,10
10/07/2018 09:00:00 PM,6,5,1
10/07/2018 10:00:00 PM,8,3,5
10/07/2018 11:00:00 PM,8,4,4
10/08/2018 12:00:00 AM,5,3,2
10/08/2018 01:00:00 AM,3,1,2
10/08/2018 02:00:00 AM,1,0,1
10/08/2018 03:00:00 AM,2,1,1
10/08/2018 04:00:00 AM,4,0,4
10/08/2018 05:00:00 AM,6,1,5
10/08/2018 06:00:00 AM,27,6,21
10/08/2018 07:00:00 AM,44,3,41
10/08/2018 08:00:00 AM,107,15,92
10/08/2018 09:00:00 AM,65,11,54
10/08/2018 10:00:00 AM,35,9,26
10/08/2018 11:00:00 AM,17,3,14
10/08/2018 12:00:00 PM,12,4,8
10/08/2018 01:00:00 PM,15,5,10
10/08/2018 02:00:00 PM,15,5,10
10/08/2018 03:00:00 PM,27,6,21
10/08/2018 04:00:00 PM,50,6,44
10/08/2018 05:00:00 PM,86,32,54
10/08/2018 06:00:00 PM,52,19,33
10/08/2018 07:00:00 PM,27,12,15
10/08/2018 08:00:00 PM,14,8,6
10/08/2018 09:00:00 PM,10,6,4
10/08/2018 10:00:00 PM,23,15,8
10/08/2018 11:00:00 PM,14,7,7
10/09/2018 12:00:00 AM,1,0,1
10/09/2018 01:00:00 AM,7,4,3
10/09/2018 02:00:00 AM,4,2,2
10/09/2018 03:00:00 AM,5,1,4
10/09/2018 04:00:00 AM,1,0,1
10/09/2018 05:00:00 AM,15,5,10
10/09/2018 06:00:00 AM,36,1,35
10/09/2018 07:00:00 AM,64,8,56
10/09/2018 08:00:00 AM,115,17,98
10/09/2018 09:00:00 AM,77,13,64
10/09/2018 10:00:00 AM,36,9,27
10/09/2018 11:00:00 AM,22,4,18
10/09/2018 12:00:00 PM,27,14,13
10/09/2018 01:00:00 PM,18,5,13
10/09/2018 02:00:00 PM,33,11,22
10/09/2018 03:00:00 PM,31,10,21
10/09/2018 04:00:00 PM,59,17,42
10/09/2018 05:00:00 PM,107,43,64
10/09/2018 06:00:00 PM,77,28,49
10/09/2018 07:00:00 PM,37,21,16
10/09/2018 08:00:00 PM,36,17,19
10/09/2018 09:00:00 PM,21,9,12
10/09/2018 10:00:00 PM,16,8,8
10/09/2018 11:00:00 PM,11,6,5
10/10/2018 12:00:00 AM,5,3,2
10/10/2018 01:00:00 AM,4,4,0
10/10/2018 02:00:00 AM,1,1,0
10/10/2018 03:00:00 AM,2,0,2
10/10/2018 04:00:00 AM,3,1,2
10/10/2018 05:00:00 AM,12,1,11
10/10/2018 06:00:00 AM,37,6,31
10/10/2018 07:00:00 AM,88,10,78
10/10/2018 08:00:00 AM,150,28,122
10/10/2018 09:00:00 AM,84,13,71
10/10/2018 10:00:00 AM,36,4,32
10/10/2018 11:00:00 AM,28,10,18
10/10/2018 12:00:00 PM,43,15,28
10/10/2018 01:00:00 PM,39,12,27
10/10/2018 02:00:00 PM,29,7,22
10/10/2018 03:00:00 PM,38,13,25
10/10/2018 04:00:00 PM,79,29,50
10/10/2018 05:00:00 PM,147,57,90
10/10/2018 06:00:00 PM,90,47,43
10/10/2018 07:00:00 PM,51,21,30
10/10/2018 08:00:00 PM,38,19,19
10/10/2018 09:00:00 PM,17,7,10
10/10/2018 10:00:00 PM,11,7,4
10/10/2018 11:00:00 PM,12,8,4
10/11/2018 12:00:00 AM,9,5,4
10/11/2018 01:00:00 AM,3,3,0
10/11/2018 02:00:00 AM,1,1,0
10/11/2018 03:00:00 AM,4,2,2
10/11/2018 04:00:00 AM,7,3,4
10/11/2018 05:00:00 AM,10,1,9
10/11/2018 06:00:00 AM,36,9,27
10/11/2018 07:00:00 AM,76,7,69
10/11/2018 08:00:00 AM,157,22,135
10/11/2018 09:00:00 AM,89,14,75
10/11/2018 10:00:00 AM,40,7,33
10/11/2018 11:00:00 AM,32,12,20
10/11/2018 12:00:00 PM,27,9,18
10/11/2018 01:00:00 PM,41,11,30
10/11/2018 02:00:00 PM,26,11,15
10/11/2018 03:00:00 PM,55,25,30
10/11/2018 04:00:00 PM,86,26,60
10/11/2018 05:00:00 PM,128,57,71
10/11/2018 06:00:00 PM,73,36,37
10/11/2018 07:00:00 PM,43,18,25
10/11/2018 08:00:00 PM,31,14,17
10/11/2018 09:00:00 PM,21,13,8
10/11/2018 10:00:00 PM,13,6,7
10/11/2018 11:00:00 PM,16,8,8
10/12/2018 12:00:00 AM,10,7,3
10/12/2018 01:00:00 AM,9,5,4
10/12/2018 02:00:00 AM,3,3,0
10/12/2018 03:00:00 AM,5,2,3
10/12/2018 04:00:00 AM,4,2,2
10/12/2018 05:00:00 AM,8,0,8
10/12/2018 06:00:00 AM,29,4,25
10/12/2018 07:00:00 AM,57,6,51
10/12/2018 08:00:00 AM,120,20,100
10/12/2018 09:00:00 AM,84,12,72
10/12/2018 10:00:00 AM,46,8,38
10/12/2018 11:00:00 AM,25,5,20
10/12/2018 12:00:00 PM,31,10,21
10/12/2018 01:00:00 PM,49,17,32
10/12/2018 02:00:00 PM,50,24,26
10/12/2018 03:00:00 PM,60,17,43
10/12/2018 04:00:00 PM,100,35,65
10/12/2018 05:00:00 PM,126,45,81
10/12/2018 06:00:00 PM,63,26,37
10/12/2018 07:00:00 PM,41,18,23
10/12/2018 08:00:00 PM,14,5,9
10/12/2018 09:00:00 PM,16,6,10
10/12/2018 10:00:00 PM,16,4,12
10/12/2018 11:00:00 PM,18,7,11
10/13/2018 12:00:00 AM,9,6,3
10/13/2018 01:00:00 AM,6,5,1
10/13/2018 02:00:00 AM,8,4,4
10/13/2018 03:00:00 AM,2,2,0
10/13/2018 04:00:00 AM,2,0,2
10/13/2018 05:00:00 AM,2,1,1
10/13/2018 06:00:00 AM,3,0,3
10/13/2018 07:00:00 AM,10,1,9
10/13/2018 08:00:00 AM,10,2,8
10/13/2018 09:00:00 AM,19,1,18
10/13/2018 10:00:00 AM,16,1,15
10/13/2018 11:00:00 AM,18,5,13
10/13/2018 12:00:00 PM,26,9,17
10/13/2018 01:00:00 PM,18,5,13
10/13/2018 02:00:00 PM,31,8,23
10/13/2018 03:00:00 PM,26,9,17
10/13/2018 04:00:00 PM,29,6,23
10/13/2018 05:00:00 PM,35,7,28
10/13/2018 06:00:00 PM,34,12,22
10/13/2018 07:00:00 PM,13,6,7
10/13/2018 08:00:00 PM,16,4,12
10/13/2018 09:00:00 PM,16,7,9
10/13/2018 10:00:00 PM,17,4,13
10/13/2018 11:00:00 PM,15,6,9
10/14/2018 12:00:00 AM,15,7,8
10/14/2018 01:00:00 AM,14,8,6
10/14/2018 02:00:00 AM,6,4,2
10/14/2018 03:00:00 AM,1,1,0
10/14/2018 04:00:00 AM,0,0,0
10/14/2018 05:00:00 AM,2,2,0
10/14/2018 06:00:00 AM,2,0,2
10/14/2018 07:00:00 AM,2,1,1
10/14/2018 08:00:00 AM,4,0,4
10/14/2018 09:00:00 AM,5,2,3
10/14/2018 10:00:00 AM,0,0,0
10/14/2018 11:00:00 AM,0,0,0
10/14/2018 12:00:00 PM,0,0,0
10/14/2018 01:00:00 PM,0,0,0
10/14/2018 02:00:00 PM,0,0,0
10/14/2018 03:00:00 PM,0,0,0
10/14/2018 04:00:00 PM,0,0,0
10/14/2018 05:00:00 PM,0,0,0
10/14/2018 06:00:00 PM,0,0,0
10/14/2018 07:00:00 PM,0,0,0
10/14/2018 08:00:00 PM,0,0,0
10/14/2018 09:00:00 PM,0,0,0
10/14/2018 10:00:00 PM,0,0,0
10/14/2018 11:00:00 PM,0,0,0
10/15/2018 12:00:00 AM,0,0,0
10/15/2018 01:00:00 AM,0,0,0
10/15/2018 02:00:00 AM,0,0,0
10/15/2018 03:00:00 AM,0,0,0
10/15/2018 04:00:00 AM,0,0,0
10/15/2018 05:00:00 AM,0,0,0
10/15/2018 06:00:00 AM,0,0,0
10/15/2018 07:00:00 AM,0,0,0
10/15/2018 08:00:00 AM,0,0,0
10/15/2018 09:00:00 AM,0,0,0
10/15/2018 10:00:00 AM,0,0,0
10/15/2018 11:00:00 AM,0,0,0
10/15/2018 12:00:00 PM,0,0,0
10/15/2018 01:00:00 PM,0,0,0
10/15/2018 02:00:00 PM,0,0,0
10/15/2018 03:00:00 PM,0,0,0
10/15/2018 04:00:00 PM,0,0,0
10/15/2018 05:00:00 PM,0,0,0
10/15/2018 06:00:00 PM,0,0,0
10/15/2018 07:00:00 PM,0,0,0
10/15/2018 08:00:00 PM,0,0,0
10/15/2018 09:00:00 PM,0,0,0
10/15/2018 10:00:00 PM,0,0,0
10/15/2018 11:00:00 PM,0,0,0
10/16/2018 12:00:00 AM,1,1,0
10/16/2018 01:00:00 AM,0,0,0
10/16/2018 02:00:00 AM,0,0,0
10/16/2018 03:00:00 AM,0,0,0
10/16/2018 04:00:00 AM,0,0,0
10/16/2018 05:00:00 AM,0,0,0
10/16/2018 06:00:00 AM,0,0,0
10/16/2018 07:00:00 AM,0,0,0
10/16/2018 08:00:00 AM,0,0,0
10/16/2018 09:00:00 AM,0,0,0
10/16/2018 10:00:00 AM,0,0,0
10/16/2018 11:00:00 AM,2,0,2
10/16/2018 12:00:00 PM,1,1,0
10/16/2018 01:00:00 PM,0,0,0
10/16/2018 02:00:00 PM,0,0,0
10/16/2018 03:00:00 PM,1,0,1
10/16/2018 04:00:00 PM,0,0,0
10/16/2018 05:00:00 PM,0,0,0
10/16/2018 06:00:00 PM,0,0,0
10/16/2018 07:00:00 PM,0,0,0
10/16/2018 08:00:00 PM,0,0,0
10/16/2018 09:00:00 PM,0,0,0
10/16/2018 10:00:00 PM,0,0,0
10/16/2018 11:00:00 PM,0,0,0
10/17/2018 12:00:00 AM,0,0,0
10/17/2018 01:00:00 AM,0,0,0
10/17/2018 02:00:00 AM,0,0,0
10/17/2018 03:00:00 AM,0,0,0
10/17/2018 04:00:00 AM,0,0,0
10/17/2018 05:00:00 AM,0,0,0
10/17/2018 06:00:00 AM,0,0,0
10/17/2018 07:00:00 AM,0,0,0
10/17/2018 08:00:00 AM,0,0,0
10/17/2018 09:00:00 AM,0,0,0
10/17/2018 10:00:00 AM,0,0,0
10/17/2018 11:00:00 AM,0,0,0
10/17/2018 12:00:00 PM,2,2,0
10/17/2018 01:00:00 PM,0,0,0
10/17/2018 02:00:00 PM,0,0,0
10/17/2018 03:00:00 PM,0,0,0
10/17/2018 04:00:00 PM,0,0,0
10/17/2018 05:00:00 PM,1,1,0
10/17/2018 06:00:00 PM,0,0,0
10/17/2018 07:00:00 PM,0,0,0
10/17/2018 08:00:00 PM,0,0,0
10/17/2018 09:00:00 PM,0,0,0
10/17/2018 10:00:00 PM,0,0,0
10/17/2018 11:00:00 PM,0,0,0
10/18/2018 12:00:00 AM,0,0,0
10/18/2018 01:00:00 AM,0,0,0
10/18/2018 02:00:00 AM,0,0,0
10/18/2018 03:00:00 AM,0,0,0
10/18/2018 04:00:00 AM,0,0,0
10/18/2018 05:00:00 AM,0,0,0
10/18/2018 06:00:00 AM,0,0,0
10/18/2018 07:00:00 AM,0,0,0
10/18/2018 08:00:00 AM,0,0,0
10/18/2018 09:00:00 AM,0,0,0
10/18/2018 10:00:00 AM,1,1,0
10/18/2018 11:00:00 AM,2,2,0
10/18/2018 12:00:00 PM,0,0,0
10/18/2018 01:00:00 PM,0,0,0
10/18/2018 02:00:00 PM,1,1,0
10/18/2018 03:00:00 PM,0,0,0
10/18/2018 04:00:00 PM,0,0,0
10/18/2018 05:00:00 PM,0,0,0
10/18/2018 06:00:00 PM,0,0,0
10/18/2018 07:00:00 PM,2,2,0
10/18/2018 08:00:00 PM,0,0,0
10/18/2018 09:00:00 PM,0,0,0
10/18/2018 10:00:00 PM,0,0,0
10/18/2018 11:00:00 PM,0,0,0
10/19/2018 12:00:00 AM,0,0,0
10/19/2018 01:00:00 AM,0,0,0
10/19/2018 02:00:00 AM,0,0,0
10/19/2018 03:00:00 AM,0,0,0
10/19/2018 04:00:00 AM,0,0,0
10/19/2018 05:00:00 AM,0,0,0
10/19/2018 06:00:00 AM,0,0,0
10/19/2018 07:00:00 AM,0,0,0
10/19/2018 08:00:00 AM,0,0,0
10/19/2018 09:00:00 AM,0,0,0
10/19/2018 10:00:00 AM,0,0,0
10/19/2018 11:00:00 AM,0,0,0
10/19/2018 12:00:00 PM,0,0,0
10/19/2018 01:00:00 PM,0,0,0
10/19/2018 02:00:00 PM,0,0,0
10/19/2018 03:00:00 PM,0,0,0
10/19/2018 04:00:00 PM,0,0,0
10/19/2018 05:00:00 PM,0,0,0
10/19/2018 06:00:00 PM,0,0,0
10/19/2018 07:00:00 PM,0,0,0
10/19/2018 08:00:00 PM,0,0,0
10/19/2018 09:00:00 PM,1,1,0
10/19/2018 10:00:00 PM,0,0,0
10/19/2018 11:00:00 PM,0,0,0
10/20/2018 12:00:00 AM,0,0,0
10/20/2018 01:00:00 AM,0,0,0
10/20/2018 02:00:00 AM,0,0,0
10/20/2018 03:00:00 AM,0,0,0
10/20/2018 04:00:00 AM,0,0,0
10/20/2018 05:00:00 AM,0,0,0
10/20/2018 06:00:00 AM,0,0,0
10/20/2018 07:00:00 AM,0,0,0
10/20/2018 08:00:00 AM,0,0,0
10/20/2018 09:00:00 AM,0,0,0
10/20/2018 10:00:00 AM,0,0,0
10/20/2018 11:00:00 AM,0,0,0
10/20/2018 12:00:00 PM,0,0,0
10/20/2018 01:00:00 PM,0,0,0
10/20/2018 02:00:00 PM,0,0,0
10/20/2018 03:00:00 PM,1,1,0
10/20/2018 04:00:00 PM,0,0,0
10/20/2018 05:00:00 PM,0,0,0
10/20/2018 06:00:00 PM,0,0,0
10/20/2018 07:00:00 PM,0,0,0
10/20/2018 08:00:00 PM,0,0,0
10/20/2018 09:00:00 PM,0,0,0
10/20/2018 10:00:00 PM,0,0,0
10/20/2018 11:00:00 PM,0,0,0
10/21/2018 12:00:00 AM,0,0,0
10/21/2018 01:00:00 AM,0,0,0
10/21/2018 02:00:00 AM,0,0,0
10/21/2018 03:00:00 AM,0,0,0
10/21/2018 04:00:00 AM,0,0,0
10/21/2018 05:00:00 AM,0,0,0
10/21/2018 06:00:00 AM,0,0,0
10/21/2018 07:00:00 AM,0,0,0
10/21/2018 08:00:00 AM,0,0,0
10/21/2018 09:00:00 AM,0,0,0
10/21/2018 10:00:00 AM,0,0,0
10/21/2018 11:00:00 AM,0,0,0
10/21/2018 12:00:00 PM,0,0,0
10/21/2018 01:00:00 PM,0,0,0
10/21/2018 02:00:00 PM,0,0,0
10/21/2018 03:00:00 PM,0,0,0
10/21/2018 04:00:00 PM,0,0,0
10/21/2018 05:00:00 PM,0,0,0
10/21/2018 06:00:00 PM,0,0,0
10/21/2018 07:00:00 PM,0,0,0
10/21/2018 08:00:00 PM,0,0,0
10/21/2018 09:00:00 PM,1,0,1
10/21/2018 10:00:00 PM,0,0,0
10/21/2018 11:00:00 PM,0,0,0
10/22/2018 12:00:00 AM,0,0,0
10/22/2018 01:00:00 AM,0,0,0
10/22/2018 02:00:00 AM,0,0,0
10/22/2018 03:00:00 AM,0,0,0
10/22/2018 04:00:00 AM,0,0,0
10/22/2018 05:00:00 AM,0,0,0
10/22/2018 06:00:00 AM,0,0,0
10/22/2018 07:00:00 AM,0,0,0
10/22/2018 08:00:00 AM,0,0,0
10/22/2018 09:00:00 AM,0,0,0
10/22/2018 10:00:00 AM,0,0,0
10/22/2018 11:00:00 AM,0,0,0
10/22/2018 12:00:00 PM,0,0,0
10/22/2018 01:00:00 PM,11,7,4
10/22/2018 02:00:00 PM,29,12,17
10/22/2018 03:00:00 PM,55,27,28
10/22/2018 04:00:00 PM,67,13,54
10/22/2018 05:00:00 PM,97,35,62
10/22/2018 06:00:00 PM,70,27,43
10/22/2018 07:00:00 PM,29,12,17
10/22/2018 08:00:00 PM,17,10,7
10/22/2018 09:00:00 PM,9,4,5
10/22/2018 10:00:00 PM,7,3,4
10/22/2018 11:00:00 PM,5,3,2
10/23/2018 12:00:00 AM,12,7,5
10/23/2018 01:00:00 AM,5,4,1
10/23/2018 02:00:00 AM,8,2,6
10/23/2018 03:00:00 AM,1,1,0
10/23/2018 04:00:00 AM,2,0,2
10/23/2018 05:00:00 AM,12,1,11
10/23/2018 06:00:00 AM,42,8,34
10/23/2018 07:00:00 AM,71,5,66
10/23/2018 08:00:00 AM,119,22,97
10/23/2018 09:00:00 AM,78,8,70
10/23/2018 10:00:00 AM,30,7,23
10/23/2018 11:00:00 AM,18,4,14
10/23/2018 12:00:00 PM,18,5,13
10/23/2018 01:00:00 PM,31,15,16
10/23/2018 02:00:00 PM,20,7,13
10/23/2018 03:00:00 PM,54,27,27
10/23/2018 04:00:00 PM,81,25,56
10/23/2018 05:00:00 PM,118,41,77
10/23/2018 06:00:00 PM,59,24,35
10/23/2018 07:00:00 PM,23,11,12
10/23/2018 08:00:00 PM,11,5,6
10/23/2018 09:00:00 PM,12,6,6
10/23/2018 10:00:00 PM,8,3,5
10/23/2018 11:00:00 PM,4,2,2
10/24/2018 12:00:00 AM,4,1,3
10/24/2018 01:00:00 AM,6,4,2
10/24/2018 02:00:00 AM,2,1,1
10/24/2018 03:00:00 AM,4,1,3
10/24/2018 04:00:00 AM,2,1,1
10/24/2018 05:00:00 AM,9,3,6
10/24/2018 06:00:00 AM,42,3,39
10/24/2018 07:00:00 AM,64,7,57
10/24/2018 08:00:00 AM,144,23,121
10/24/2018 09:00:00 AM,69,12,57
10/24/2018 10:00:00 AM,34,7,27
10/24/2018 11:00:00 AM,29,13,16
10/24/2018 12:00:00 PM,33,14,19
10/24/2018 01:00:00 PM,33,11,22
10/24/2018 02:00:00 PM,30,11,19
10/24/2018 03:00:00 PM,47,18,29
10/24/2018 04:00:00 PM,83,29,54
10/24/2018 05:00:00 PM,119,47,72
10/24/2018 06:00:00 PM,69,27,42
10/24/2018 07:00:00 PM,36,10,26
10/24/2018 08:00:00 PM,21,8,13
10/24/2018 09:00:00 PM,18,11,7
10/24/2018 10:00:00 PM,13,5,8
10/24/2018 11:00:00 PM,9,4,5
10/25/2018 12:00:00 AM,15,8,7
10/25/2018 01:00:00 AM,7,5,2
10/25/2018 02:00:00 AM,4,4,0
10/25/2018 03:00:00 AM,7,5,2
10/25/2018 04:00:00 AM,1,0,1
10/25/2018 05:00:00 AM,6,2,4
10/25/2018 06:00:00 AM,30,5,25
10/25/2018 07:00:00 AM,66,9,57
10/25/2018 08:00:00 AM,88,15,73
10/25/2018 09:00:00 AM,51,9,42
10/25/2018 10:00:00 AM,21,8,13
10/25/2018 11:00:00 AM,16,5,11
10/25/2018 12:00:00 PM,10,4,6
10/25/2018 01:00:00 PM,15,6,9
10/25/2018 02:00:00 PM,20,7,13
10/25/2018 03:00:00 PM,29,9,20
10/25/2018 04:00:00 PM,67,25,42
10/25/2018 05:00:00 PM,88,34,54
10/25/2018 06:00:00 PM,38,15,23
10/25/2018 07:00:00 PM,29,9,20
10/25/2018 08:00:00 PM,26,12,14
10/25/2018 09:00:00 PM,14,8,6
10/25/2018 10:00:00 PM,9,5,4
10/25/2018 11:00:00 PM,14,6,8
10/26/2018 12:00:00 AM,7,4,3
10/26/2018 01:00:00 AM,4,1,3
10/26/2018 02:00:00 AM,0,0,0
10/26/2018 03:00:00 AM,2,1,1
10/26/2018 04:00:00 AM,1,0,1
10/26/2018 05:00:00 AM,5,1,4
10/26/2018 06:00:00 AM,27,8,19
10/26/2018 07:00:00 AM,47,4,43
10/26/2018 08:00:00 AM,84,16,68
10/26/2018 09:00:00 AM,74,16,58
10/26/2018 10:00:00 AM,22,3,19
10/26/2018 11:00:00 AM,31,10,21
10/26/2018 12:00:00 PM,31,16,15
10/26/2018 01:00:00 PM,42,13,29
10/26/2018 02:00:00 PM,36,11,25
10/26/2018 03:00:00 PM,49,18,31
10/26/2018 04:00:00 PM,72,26,46
10/26/2018 05:00:00 PM,74,30,44
10/26/2018 06:00:00 PM,60,25,35
10/26/2018 07:00:00 PM,30,12,18
10/26/2018 08:00:00 PM,14,10,4
10/26/2018 09:00:00 PM,13,7,6
10/26/2018 10:00:00 PM,15,8,7
10/26/2018 11:00:00 PM,15,9,6
10/27/2018 12:00:00 AM,12,8,4
10/27/2018 01:00:00 AM,12,8,4
10/27/2018 02:00:00 AM,8,4,4
10/27/2018 03:00:00 AM,5,4,1
10/27/2018 04:00:00 AM,2,1,1
10/27/2018 05:00:00 AM,3,1,2
10/27/2018 06:00:00 AM,4,1,3
10/27/2018 07:00:00 AM,7,2,5
10/27/2018 08:00:00 AM,9,6,3
10/27/2018 09:00:00 AM,15,5,10
10/27/2018 10:00:00 AM,13,5,8
10/27/2018 11:00:00 AM,20,7,13
10/27/2018 12:00:00 PM,24,11,13
10/27/2018 01:00:00 PM,22,5,17
10/27/2018 02:00:00 PM,36,13,23
10/27/2018 03:00:00 PM,18,9,9
10/27/2018 04:00:00 PM,28,15,13
10/27/2018 05:00:00 PM,10,4,6
10/27/2018 06:00:00 PM,16,5,11
10/27/2018 07:00:00 PM,6,4,2
10/27/2018 08:00:00 PM,5,1,4
10/27/2018 09:00:00 PM,8,4,4
10/27/2018 10:00:00 PM,10,4,6
10/27/2018 11:00:00 PM,7,5,2
10/28/2018 12:00:00 AM,6,2,4
10/28/2018 01:00:00 AM,7,3,4
10/28/2018 02:00:00 AM,3,1,2
10/28/2018 03:00:00 AM,4,4,0
10/28/2018 04:00:00 AM,0,0,0
10/28/2018 05:00:00 AM,2,2,0
10/28/2018 06:00:00 AM,3,2,1
10/28/2018 07:00:00 AM,1,1,0
10/28/2018 08:00:00 AM,8,2,6
10/28/2018 09:00:00 AM,11,5,6
10/28/2018 10:00:00 AM,12,1,11
10/28/2018 11:00:00 AM,13,3,10
10/28/2018 12:00:00 PM,23,5,18
10/28/2018 01:00:00 PM,20,7,13
10/28/2018 02:00:00 PM,24,12,12
10/28/2018 03:00:00 PM,12,4,8
10/28/2018 04:00:00 PM,21,11,10
10/28/2018 05:00:00 PM,15,6,9
10/28/2018 06:00:00 PM,13,2,11
10/28/2018 07:00:00 PM,9,2,7
10/28/2018 08:00:00 PM,5,3,2
10/28/2018 09:00:00 PM,5,0,5
10/28/2018 10:00:00 PM,8,3,5
10/28/2018 11:00:00 PM,10,5,5
10/29/2018 12:00:00 AM,1,1,0
10/29/2018 01:00:00 AM,1,1,0
10/29/2018 02:00:00 AM,3,1,2
10/29/2018 03:00:00 AM,1,1,0
10/29/2018 04:00:00 AM,2,1,1
10/29/2018 05:00:00 AM,8,4,4
10/29/2018 06:00:00 AM,34,5,29
10/29/2018 07:00:00 AM,57,4,53
10/29/2018 08:00:00 AM,125,20,105
10/29/2018 09:00:00 AM,70,14,56
10/29/2018 10:00:00 AM,33,5,28
10/29/2018 11:00:00 AM,29,10,19
10/29/2018 12:00:00 PM,27,8,19
10/29/2018 01:00:00 PM,21,10,11
10/29/2018 02:00:00 PM,20,3,17
10/29/2018 03:00:00 PM,26,6,20
10/29/2018 04:00:00 PM,57,16,41
10/29/2018 05:00:00 PM,107,42,65
10/29/2018 06:00:00 PM,65,23,42
10/29/2018 07:00:00 PM,25,10,15
10/29/2018 08:00:00 PM,14,10,4
10/29/2018 09:00:00 PM,5,3,2
10/29/2018 10:00:00 PM,13,6,7
10/29/2018 11:00:00 PM,10,3,7
10/30/2018 12:00:00 AM,6,2,4
10/30/2018 01:00:00 AM,3,1,2
10/30/2018 02:00:00 AM,3,2,1
10/30/2018 03:00:00 AM,2,2,0
10/30/2018 04:00:00 AM,0,0,0
10/30/2018 05:00:00 AM,15,5,10
10/30/2018 06:00:00 AM,40,7,33
10/30/2018 07:00:00 AM,65,5,60
10/30/2018 08:00:00 AM,135,15,120
10/30/2018 09:00:00 AM,103,23,80
10/30/2018 10:00:00 AM,24,4,20
10/30/2018 11:00:00 AM,23,10,13
10/30/2018 12:00:00 PM,24,7,17
10/30/2018 01:00:00 PM,23,5,18
10/30/2018 02:00:00 PM,28,12,16
10/30/2018 03:00:00 PM,34,14,20
10/30/2018 04:00:00 PM,71,24,47
10/30/2018 05:00:00 PM,122,42,80
10/30/2018 06:00:00 PM,70,36,34
10/30/2018 07:00:00 PM,27,8,19
10/30/2018 08:00:00 PM,19,12,7
10/30/2018 09:00:00 PM,10,5,5
10/30/2018 10:00:00 PM,10,3,7
10/30/2018 11:00:00 PM,9,3,6
11/28/2018 01:00:00 AM,1,0,1
11/30/2018 05:00:00 AM,11,2,9
11/04/2018 05:00:00 PM,32,19,13
11/30/2018 11:00:00 PM,10,7,3
11/23/2018 11:00:00 AM,12,4,8
11/17/2018 11:00:00 AM,32,16,16
11/02/2018 06:00:00 AM,20,5,15
11/04/2018 08:00:00 AM,7,2,5
11/07/2018 09:00:00 AM,67,13,54
11/28/2018 12:00:00 AM,3,2,1
11/19/2018 06:00:00 PM,60,24,36
11/17/2018 05:00:00 AM,0,0,0
11/14/2018 07:00:00 PM,28,11,17
11/11/2018 01:00:00 AM,13,4,9
11/04/2018 06:00:00 AM,4,2,2
11/28/2018 02:00:00 PM,15,5,10
11/06/2018 08:00:00 PM,18,3,15
11/26/2018 06:00:00 PM,38,16,22
11/21/2018 03:00:00 AM,3,1,2
11/16/2018 04:00:00 PM,78,28,50
11/24/2018 08:00:00 AM,7,2,5
11/27/2018 02:00:00 PM,16,4,12
11/26/2018 09:00:00 AM,38,7,31
11/26/2018 11:00:00 AM,12,4,8
11/09/2018 06:00:00 AM,25,6,19
11/25/2018 06:00:00 AM,4,1,3
11/08/2018 01:00:00 AM,2,2,0
11/16/2018 06:00:00 AM,31,8,23
11/30/2018 02:00:00 PM,29,7,22
11/04/2018 04:00:00 AM,0,0,0
11/12/2018 09:00:00 AM,66,12,54
11/04/2018 12:00:00 PM,24,6,18
11/01/2018 10:00:00 PM,16,8,8
11/03/2018 08:00:00 AM,8,2,6
11/08/2018 10:00:00 PM,19,13,6
11/17/2018 12:00:00 PM,27,11,16
11/30/2018 04:00:00 AM,1,0,1
11/17/2018 04:00:00 PM,37,14,23
11/24/2018 12:00:00 AM,10,7,3
11/21/2018 04:00:00 PM,57,15,42
11/05/2018 06:00:00 AM,39,6,33
11/02/2018 05:00:00 PM,87,29,58
11/22/2018 01:00:00 AM,4,2,2
11/26/2018 01:00:00 AM,3,2,1
11/11/2018 03:00:00 PM,27,10,17
11/05/2018 10:00:00 AM,29,5,24
11/23/2018 06:00:00 PM,11,2,9
11/25/2018 09:00:00 PM,12,9,3
11/13/2018 03:00:00 PM,39,19,20
11/08/2018 05:00:00 PM,112,38,74
11/20/2018 12:00:00 AM,5,2,3
11/09/2018 10:00:00 PM,19,8,11
11/27/2018 05:00:00 AM,9,3,6
11/15/2018 01:00:00 PM,33,6,27
11/27/2018 11:00:00 PM,8,5,3
11/23/2018 03:00:00 PM,19,6,13
11/08/2018 08:00:00 AM,126,21,105
11/24/2018 09:00:00 PM,23,12,11
11/10/2018 10:00:00 PM,16,7,9
11/20/2018 07:00:00 PM,30,13,17
11/12/2018 11:00:00 AM,27,9,18
11/13/2018 07:00:00 PM,32,21,11
11/30/2018 11:00:00 AM,30,9,21
11/26/2018 04:00:00 AM,0,0,0
11/14/2018 11:00:00 AM,29,10,19
11/10/2018 09:00:00 AM,22,3,19
11/18/2018 06:00:00 AM,3,0,3
11/03/2018 02:00:00 PM,11,5,6
11/13/2018 04:00:00 PM,70,15,55
11/19/2018 10:00:00 PM,9,3,6
11/13/2018 07:00:00 AM,68,7,61
11/18/2018 07:00:00 AM,1,1,0
11/04/2018 10:00:00 PM,7,4,3
11/13/2018 08:00:00 AM,134,21,113
11/18/2018 04:00:00 PM,35,16,19
11/05/2018 07:00:00 AM,71,7,64
11/10/2018 12:00:00 AM,17,9,8
11/15/2018 10:00:00 PM,10,5,5
11/29/2018 07:00:00 AM,56,8,48
11/08/2018 07:00:00 PM,44,23,21
11/26/2018 10:00:00 PM,4,2,2
11/23/2018 08:00:00 PM,9,5,4
11/02/2018 11:00:00 PM,11,5,6
11/26/2018 07:00:00 AM,39,5,34
11/23/2018 01:00:00 AM,1,1,0
11/12/2018 08:00:00 PM,12,7,5
11/30/2018 08:00:00 AM,116,16,100
11/29/2018 04:00:00 AM,2,1,1
11/22/2018 11:00:00 AM,9,5,4
11/08/2018 03:00:00 AM,3,2,1
11/11/2018 12:00:00 AM,10,3,7
11/12/2018 12:00:00 PM,22,7,15
11/08/2018 06:00:00 AM,31,6,25
11/13/2018 01:00:00 AM,5,3,2
11/03/2018 07:00:00 AM,6,2,4
11/25/2018 07:00:00 AM,8,5,3
11/05/2018 04:00:00 AM,4,0,4
11/28/2018 11:00:00 PM,8,2,6
11/04/2018 08:00:00 PM,7,3,4
11/11/2018 06:00:00 AM,2,2,0
11/22/2018 12:00:00 PM,14,4,10
11/11/2018 12:00:00 PM,47,25,22
11/13/2018 11:00:00 AM,29,8,21
11/09/2018 03:00:00 PM,56,19,37
11/08/2018 08:00:00 PM,39,14,25
11/20/2018 07:00:00 AM,50,12,38
11/21/2018 07:00:00 PM,28,13,15
11/16/2018 12:00:00 AM,5,2,3
11/19/2018 11:00:00 PM,13,7,6
11/27/2018 01:00:00 PM,19,9,10
11/18/2018 10:00:00 PM,2,1,1
11/04/2018 11:00:00 AM,32,11,21
11/11/2018 10:00:00 AM,16,6,10
11/02/2018 06:00:00 PM,50,11,39
11/25/2018 01:00:00 AM,5,2,3
11/23/2018 07:00:00 AM,0,0,0
11/27/2018 07:00:00 AM,47,10,37
11/17/2018 01:00:00 PM,36,14,22
11/01/2018 03:00:00 AM,0,0,0
11/01/2018 09:00:00 AM,76,14,62
11/23/2018 12:00:00 PM,17,6,11
11/15/2018 01:00:00 AM,6,3,3
11/25/2018 05:00:00 AM,1,1,0
11/22/2018 11:00:00 PM,2,1,1
11/20/2018 08:00:00 PM,17,7,10
11/04/2018 03:00:00 PM,24,11,13
11/20/2018 05:00:00 AM,6,1,5
11/02/2018 01:00:00 AM,3,3,0
11/07/2018 08:00:00 PM,20,5,15
11/24/2018 01:00:00 PM,38,8,30
11/22/2018 10:00:00 AM,1,1,0
11/06/2018 05:00:00 PM,97,28,69
11/30/2018 01:00:00 AM,1,0,1
11/04/2018 09:00:00 AM,18,7,11
11/23/2018 12:00:00 AM,1,1,0
11/10/2018 10:00:00 AM,20,6,14
11/06/2018 10:00:00 AM,31,8,23
11/12/2018 04:00:00 AM,5,1,4
11/30/2018 07:00:00 AM,44,4,40
11/16/2018 01:00:00 AM,5,3,2
11/12/2018 05:00:00 AM,6,0,6
11/02/2018 04:00:00 AM,2,0,2
11/19/2018 04:00:00 AM,1,0,1
11/15/2018 12:00:00 AM,10,5,5
11/04/2018 02:00:00 AM,2,0,2
11/24/2018 05:00:00 PM,24,12,12
11/14/2018 01:00:00 PM,20,3,17
11/25/2018 12:00:00 AM,8,4,4
11/12/2018 06:00:00 PM,60,24,36
11/11/2018 04:00:00 AM,1,0,1
11/21/2018 07:00:00 AM,42,4,38
11/17/2018 11:00:00 PM,8,3,5
11/06/2018 03:00:00 AM,3,1,2
11/15/2018 06:00:00 PM,46,22,24
11/04/2018 07:00:00 PM,27,16,11
11/20/2018 11:00:00 AM,38,12,26
11/08/2018 01:00:00 PM,36,12,24
11/04/2018 09:00:00 PM,3,3,0
11/10/2018 04:00:00 PM,38,11,27
11/18/2018 08:00:00 AM,7,3,4
11/06/2018 07:00:00 PM,30,12,18
11/15/2018 10:00:00 AM,39,10,29
11/28/2018 04:00:00 PM,45,16,29
11/23/2018 07:00:00 PM,10,7,3
11/20/2018 05:00:00 PM,107,36,71
11/18/2018 03:00:00 PM,50,22,28
11/03/2018 12:00:00 PM,8,3,5
11/09/2018 05:00:00 AM,8,2,6
11/04/2018 07:00:00 AM,10,3,7
11/26/2018 08:00:00 AM,70,12,58
11/10/2018 08:00:00 AM,12,4,8
11/07/2018 04:00:00 AM,4,2,2
11/07/2018 05:00:00 AM,21,5,16
11/13/2018 12:00:00 PM,26,11,15
11/28/2018 10:00:00 PM,9,3,6
11/30/2018 06:00:00 AM,20,3,17
11/11/2018 05:00:00 PM,11,6,5
11/02/2018 11:00:00 AM,21,10,11
11/28/2018 07:00:00 PM,18,6,12
11/27/2018 10:00:00 PM,5,1,4
11/29/2018 04:00:00 PM,73,23,50
11/24/2018 06:00:00 PM,32,11,21
11/05/2018 04:00:00 PM,47,15,32
11/03/2018 06:00:00 AM,2,1,1
11/22/2018 04:00:00 PM,2,0,2
11/14/2018 07:00:00 AM,53,7,46
11/06/2018 02:00:00 AM,2,2,0
11/29/2018 11:00:00 PM,8,6,2
11/22/2018 03:00:00 PM,2,1,1
11/13/2018 04:00:00 AM,3,0,3
11/15/2018 03:00:00 AM,0,0,0
11/09/2018 07:00:00 AM,61,4,57
11/23/2018 02:00:00 PM,18,5,13
11/28/2018 06:00:00 AM,27,8,19
11/13/2018 09:00:00 PM,19,8,11
11/01/2018 11:00:00 PM,9,5,4
11/05/2018 09:00:00 AM,63,12,51
11/01/2018 08:00:00 PM,26,11,15
11/25/2018 02:00:00 AM,5,3,2
11/04/2018 02:00:00 PM,36,12,24
11/14/2018 09:00:00 AM,51,11,40
11/02/2018 03:00:00 AM,2,0,2
11/29/2018 07:00:00 PM,31,14,17
11/21/2018 01:00:00 AM,5,5,0
11/20/2018 02:00:00 PM,20,9,11
11/19/2018 11:00:00 AM,29,7,22
11/26/2018 07:00:00 PM,15,7,8
11/20/2018 02:00:00 AM,2,1,1
11/21/2018 10:00:00 AM,16,4,12
11/01/2018 07:00:00 AM,64,10,54
11/25/2018 05:00:00 PM,14,7,7
11/01/2018 06:00:00 AM,35,8,27
11/22/2018 01:00:00 PM,22,8,14
11/12/2018 01:00:00 AM,5,3,2
11/09/2018 09:00:00 PM,17,9,8
11/25/2018 08:00:00 PM,10,6,4
11/11/2018 07:00:00 PM,19,10,9
11/26/2018 12:00:00 AM,4,2,2
11/25/2018 10:00:00 AM,19,5,14
11/15/2018 05:00:00 AM,8,1,7
11/05/2018 10:00:00 PM,7,3,4
11/28/2018 09:00:00 PM,14,7,7
11/23/2018 11:00:00 PM,10,5,5
11/05/2018 02:00:00 AM,0,0,0
11/19/2018 07:00:00 PM,32,13,19
11/03/2018 03:00:00 PM,19,3,16
11/10/2018 11:00:00 PM,8,2,6
11/09/2018 06:00:00 PM,47,16,31
11/16/2018 06:00:00 PM,62,20,42
11/04/2018 11:00:00 PM,11,8,3
11/03/2018 06:00:00 PM,23,8,15
11/30/2018 08:00:00 PM,8,6,2
11/09/2018 10:00:00 AM,18,5,13
11/01/2018 06:00:00 PM,75,29,46
11/18/2018 11:00:00 AM,19,9,10
11/15/2018 08:00:00 PM,44,25,19
11/01/2018 04:00:00 PM,72,22,50
11/21/2018 06:00:00 PM,43,18,25
11/03/2018 09:00:00 PM,11,3,8
11/06/2018 05:00:00 AM,10,2,8
11/17/2018 10:00:00 AM,49,19,30
11/18/2018 05:00:00 AM,0,0,0
11/20/2018 04:00:00 PM,68,16,52
11/16/2018 02:00:00 AM,0,0,0
11/26/2018 03:00:00 PM,28,8,20
11/29/2018 08:00:00 AM,123,17,106
11/22/2018 04:00:00 AM,0,0,0
11/06/2018 04:00:00 PM,81,26,55
11/11/2018 09:00:00 AM,20,14,6
11/15/2018 11:00:00 PM,6,4,2
11/18/2018 09:00:00 PM,13,5,8
11/02/2018 03:00:00 PM,63,30,33
11/13/2018 08:00:00 PM,28,10,18
11/25/2018 09:00:00 AM,13,4,9
11/02/2018 09:00:00 AM,67,12,55
11/05/2018 07:00:00 PM,32,16,16
11/11/2018 05:00:00 AM,1,1,0
11/07/2018 01:00:00 PM,23,8,15
11/26/2018 05:00:00 AM,7,2,5
11/22/2018 02:00:00 PM,4,0,4
11/05/2018 01:00:00 AM,6,5,1
11/18/2018 05:00:00 PM,38,14,24
11/10/2018 04:00:00 AM,0,0,0
11/14/2018 03:00:00 PM,29,15,14
11/28/2018 06:00:00 PM,44,15,29
11/20/2018 01:00:00 AM,4,3,1
11/27/2018 09:00:00 PM,8,2,6
11/18/2018 04:00:00 AM,0,0,0
11/10/2018 03:00:00 AM,3,3,0
11/28/2018 02:00:00 AM,2,1,1
11/22/2018 05:00:00 AM,0,0,0
11/21/2018 08:00:00 AM,69,19,50
11/19/2018 12:00:00 PM,31,15,16
11/20/2018 10:00:00 AM,32,9,23
11/23/2018 04:00:00 PM,15,7,8
11/08/2018 11:00:00 AM,27,14,13
11/22/2018 09:00:00 PM,4,2,2
11/01/2018 02:00:00 AM,3,1,2
11/05/2018 01:00:00 PM,21,6,15
11/14/2018 05:00:00 PM,87,32,55
11/02/2018 02:00:00 AM,2,0,2
11/14/2018 08:00:00 AM,92,25,67
11/21/2018 11:00:00 PM,2,1,1
11/06/2018 09:00:00 AM,76,10,66
11/19/2018 09:00:00 PM,15,7,8
11/03/2018 05:00:00 PM,23,7,16
11/27/2018 04:00:00 AM,2,0,2
11/18/2018 11:00:00 PM,9,6,3
11/08/2018 02:00:00 AM,2,1,1
11/29/2018 08:00:00 PM,24,10,14
11/13/2018 06:00:00 AM,35,5,30
11/13/2018 03:00:00 AM,2,0,2
11/22/2018 07:00:00 PM,4,0,4
11/26/2018 06:00:00 AM,30,7,23
11/30/2018 03:00:00 AM,2,1,1
11/22/2018 05:00:00 PM,3,1,2
11/02/2018 09:00:00 PM,15,9,6
11/06/2018 12:00:00 PM,34,13,21
11/19/2018 10:00:00 AM,37,6,31
11/30/2018 04:00:00 PM,67,24,43
11/27/2018 01:00:00 AM,0,0,0
11/02/2018 10:00:00 AM,34,5,29
11/17/2018 08:00:00 PM,8,3,5
11/19/2018 01:00:00 AM,2,1,1
11/30/2018 07:00:00 PM,22,11,11
11/07/2018 12:00:00 AM,8,4,4
11/15/2018 04:00:00 PM,109,21,88
11/09/2018 02:00:00 AM,0,0,0
11/09/2018 08:00:00 PM,26,16,10
11/12/2018 07:00:00 AM,59,6,53
11/10/2018 02:00:00 PM,36,19,17
11/06/2018 04:00:00 AM,2,0,2
11/02/2018 08:00:00 PM,23,9,14
11/15/2018 04:00:00 AM,1,0,1
11/14/2018 03:00:00 AM,0,0,0
11/25/2018 08:00:00 AM,6,3,3
11/15/2018 07:00:00 AM,62,9,53
11/24/2018 01:00:00 AM,7,3,4
11/04/2018 01:00:00 PM,36,20,16
11/26/2018 01:00:00 PM,13,3,10
11/01/2018 02:00:00 PM,22,6,16
11/13/2018 06:00:00 PM,60,19,41
11/18/2018 01:00:00 PM,23,9,14
11/24/2018 11:00:00 AM,30,5,25
11/28/2018 03:00:00 AM,2,1,1
11/01/2018 12:00:00 AM,6,4,2
11/21/2018 10:00:00 PM,4,1,3
11/24/2018 04:00:00 AM,1,1,0
11/06/2018 10:00:00 PM,17,9,8
11/21/2018 02:00:00 PM,25,10,15
11/01/2018 01:00:00 AM,5,2,3
11/24/2018 07:00:00 PM,27,16,11
11/02/2018 08:00:00 AM,115,21,94
11/02/2018 12:00:00 PM,21,11,10
11/05/2018 06:00:00 PM,55,25,30
11/19/2018 05:00:00 AM,13,3,10
11/12/2018 09:00:00 PM,13,9,4
11/02/2018 01:00:00 PM,31,11,20
11/04/2018 03:00:00 AM,2,2,0
11/21/2018 08:00:00 PM,20,10,10
11/04/2018 04:00:00 PM,32,12,20
11/17/2018 03:00:00 PM,29,19,10
11/16/2018 07:00:00 AM,57,6,51
11/27/2018 10:00:00 AM,25,9,16
11/27/2018 04:00:00 PM,53,9,44
11/23/2018 10:00:00 PM,12,6,6
11/11/2018 08:00:00 PM,20,8,12
11/03/2018 02:00:00 AM,11,5,6
11/20/2018 03:00:00 AM,2,1,1
11/11/2018 07:00:00 AM,5,2,3
11/25/2018 10:00:00 PM,7,3,4
11/26/2018 05:00:00 PM,65,20,45
11/05/2018 08:00:00 AM,114,22,92
11/25/2018 04:00:00 PM,24,14,10
11/06/2018 08:00:00 AM,117,17,100
11/19/2018 04:00:00 PM,64,21,43
11/29/2018 10:00:00 PM,13,4,9
11/29/2018 01:00:00 PM,37,10,27
11/09/2018 11:00:00 PM,8,4,4
11/04/2018 05:00:00 AM,3,2,1
11/25/2018 03:00:00 AM,5,3,2
11/06/2018 11:00:00 AM,19,9,10
11/01/2018 03:00:00 PM,47,18,29
11/03/2018 11:00:00 PM,8,3,5
11/26/2018 02:00:00 PM,7,2,5
11/29/2018 12:00:00 AM,5,3,2
11/07/2018 07:00:00 PM,40,14,26
11/08/2018 12:00:00 AM,13,5,8
11/20/2018 10:00:00 PM,12,5,7
11/11/2018 01:00:00 PM,30,9,21
11/12/2018 08:00:00 AM,86,11,75
11/06/2018 02:00:00 PM,24,7,17
11/05/2018 12:00:00 PM,21,7,14
11/09/2018 07:00:00 PM,29,12,17
11/16/2018 05:00:00 AM,8,1,7
11/03/2018 05:00:00 AM,1,1,0
11/24/2018 12:00:00 PM,28,8,20
11/10/2018 05:00:00 PM,27,12,15
11/14/2018 10:00:00 AM,17,3,14
11/30/2018 10:00:00 AM,31,4,27
11/02/2018 12:00:00 AM,9,8,1
11/17/2018 05:00:00 PM,37,18,19
11/26/2018 08:00:00 PM,10,3,7
11/18/2018 02:00:00 AM,2,1,1
11/21/2018 03:00:00 PM,46,17,29
11/17/2018 01:00:00 AM,12,10,2
11/06/2018 06:00:00 PM,62,26,36
11/16/2018 11:00:00 AM,42,18,24
11/05/2018 02:00:00 PM,19,8,11
11/22/2018 07:00:00 AM,1,1,0
11/21/2018 12:00:00 PM,21,7,14
11/19/2018 06:00:00 AM,23,3,20
11/26/2018 10:00:00 AM,10,1,9
11/29/2018 01:00:00 AM,0,0,0
11/28/2018 01:00:00 PM,18,7,11
11/03/2018 04:00:00 PM,24,11,13
11/18/2018 12:00:00 PM,27,6,21
11/12/2018 03:00:00 PM,30,7,23
11/25/2018 06:00:00 PM,7,4,3
11/27/2018 03:00:00 AM,2,1,1
11/16/2018 03:00:00 PM,48,18,30
11/11/2018 02:00:00 PM,23,10,13
11/09/2018 09:00:00 AM,64,14,50
11/19/2018 03:00:00 AM,0,0,0
11/23/2018 01:00:00 PM,23,11,12
11/21/2018 12:00:00 AM,6,2,4
11/01/2018 05:00:00 AM,9,3,6
11/25/2018 12:00:00 PM,25,12,13
11/09/2018 02:00:00 PM,34,8,26
11/17/2018 12:00:00 AM,13,8,5
11/13/2018 01:00:00 PM,27,13,14
11/30/2018 12:00:00 AM,2,1,1
11/21/2018 02:00:00 AM,2,2,0
11/12/2018 02:00:00 AM,2,1,1
11/18/2018 12:00:00 AM,4,2,2
11/30/2018 03:00:00 PM,43,17,26
11/23/2018 02:00:00 AM,1,1,0
11/14/2018 12:00:00 AM,3,1,2
11/22/2018 09:00:00 AM,6,3,3
11/07/2018 07:00:00 AM,64,5,59
11/18/2018 10:00:00 AM,23,4,19
11/22/2018 02:00:00 AM,1,1,0
11/18/2018 06:00:00 PM,19,7,12
11/15/2018 07:00:00 PM,26,10,16
11/30/2018 01:00:00 PM,42,14,28
11/02/2018 07:00:00 PM,32,11,21
11/14/2018 04:00:00 AM,0,0,0
11/07/2018 06:00:00 PM,69,32,37
11/07/2018 02:00:00 AM,2,1,1
11/09/2018 04:00:00 PM,71,15,56
11/24/2018 04:00:00 PM,15,4,11
11/05/2018 08:00:00 PM,28,14,14
11/18/2018 03:00:00 AM,2,1,1
11/27/2018 03:00:00 PM,33,13,20
11/07/2018 02:00:00 PM,31,7,24
11/07/2018 11:00:00 AM,31,16,15
11/18/2018 01:00:00 AM,3,1,2
11/02/2018 02:00:00 PM,34,14,20
11/11/2018 02:00:00 AM,4,0,4
11/28/2018 09:00:00 AM,52,11,41
11/23/2018 10:00:00 AM,11,4,7
11/19/2018 05:00:00 PM,93,29,64
11/05/2018 05:00:00 PM,96,35,61
11/12/2018 12:00:00 AM,5,2,3
11/01/2018 10:00:00 AM,25,4,21
11/07/2018 11:00:00 PM,11,3,8
11/10/2018 02:00:00 AM,5,2,3
11/17/2018 06:00:00 AM,2,0,2
11/16/2018 09:00:00 PM,21,12,9
11/19/2018 01:00:00 PM,23,13,10
11/14/2018 12:00:00 PM,18,5,13
11/25/2018 11:00:00 PM,3,2,1
11/25/2018 03:00:00 PM,19,8,11
11/11/2018 09:00:00 PM,7,6,1
11/06/2018 09:00:00 PM,21,6,15
11/28/2018 08:00:00 AM,89,15,74
11/21/2018 11:00:00 AM,15,9,6
11/09/2018 03:00:00 AM,0,0,0
11/02/2018 05:00:00 AM,13,4,9
11/17/2018 09:00:00 PM,13,6,7
11/15/2018 06:00:00 AM,35,4,31
11/11/2018 08:00:00 AM,6,2,4
11/10/2018 12:00:00 PM,29,8,21
11/06/2018 12:00:00 AM,6,3,3
11/22/2018 10:00:00 PM,3,3,0
11/11/2018 11:00:00 PM,4,2,2
11/29/2018 09:00:00 AM,59,12,47
11/27/2018 11:00:00 AM,24,3,21
11/10/2018 05:00:00 AM,0,0,0
11/27/2018 02:00:00 AM,2,0,2
11/26/2018 02:00:00 AM,1,1,0
11/14/2018 09:00:00 PM,15,9,6
11/27/2018 09:00:00 AM,63,13,50
11/03/2018 07:00:00 PM,13,8,5
11/20/2018 04:00:00 AM,3,0,3
11/09/2018 08:00:00 AM,102,20,82
11/15/2018 02:00:00 PM,37,15,22
11/18/2018 08:00:00 PM,15,6,9
11/21/2018 01:00:00 PM,24,8,16
11/24/2018 08:00:00 PM,19,7,12
11/13/2018 12:00:00 AM,7,6,1
11/27/2018 08:00:00 AM,108,13,95
11/03/2018 10:00:00 AM,10,3,7
11/07/2018 06:00:00 AM,26,5,21
11/01/2018 05:00:00 PM,106,37,69
11/13/2018 02:00:00 AM,2,1,1
11/30/2018 10:00:00 PM,13,3,10
11/14/2018 08:00:00 PM,30,13,17
11/09/2018 05:00:00 PM,79,28,51
11/20/2018 06:00:00 PM,54,20,34
11/16/2018 08:00:00 AM,105,21,84
11/21/2018 04:00:00 AM,2,0,2
11/15/2018 08:00:00 AM,137,24,113
11/20/2018 12:00:00 PM,27,16,11
11/28/2018 05:00:00 AM,4,0,4
11/29/2018 06:00:00 AM,38,10,28
11/13/2018 05:00:00 AM,7,1,6
11/08/2018 11:00:00 PM,29,22,7
11/27/2018 12:00:00 PM,23,14,9
11/14/2018 05:00:00 AM,12,3,9
11/17/2018 10:00:00 PM,11,8,3
11/23/2018 03:00:00 AM,0,0,0
11/07/2018 01:00:00 AM,1,1,0
11/26/2018 03:00:00 AM,3,3,0
11/12/2018 05:00:00 PM,90,29,61
11/10/2018 09:00:00 PM,13,7,6
11/22/2018 12:00:00 AM,7,3,4
11/04/2018 10:00:00 AM,24,8,16
11/13/2018 05:00:00 PM,104,33,71
11/17/2018 02:00:00 AM,7,5,2
11/15/2018 11:00:00 AM,23,4,19
11/22/2018 06:00:00 PM,3,3,0
11/06/2018 06:00:00 AM,39,3,36
11/16/2018 01:00:00 PM,23,9,14
11/16/2018 05:00:00 PM,100,39,61
11/29/2018 02:00:00 PM,21,11,10
11/03/2018 04:00:00 AM,1,1,0
11/21/2018 06:00:00 AM,18,6,12
11/12/2018 06:00:00 AM,29,11,18
11/24/2018 10:00:00 PM,12,5,7
11/07/2018 04:00:00 PM,68,17,51
11/25/2018 02:00:00 PM,22,7,15
11/08/2018 04:00:00 AM,2,0,2
11/20/2018 06:00:00 AM,35,7,28
11/19/2018 02:00:00 PM,31,10,21
11/13/2018 10:00:00 AM,37,7,30
11/29/2018 03:00:00 PM,48,18,30
11/10/2018 01:00:00 AM,12,8,4
11/25/2018 04:00:00 AM,1,0,1
11/30/2018 02:00:00 AM,1,1,0
11/28/2018 04:00:00 AM,1,0,1
11/20/2018 03:00:00 PM,38,14,24
11/14/2018 04:00:00 PM,73,18,55
11/28/2018 05:00:00 PM,71,20,51
11/25/2018 01:00:00 PM,17,7,10
11/30/2018 09:00:00 AM,62,16,46
11/23/2018 04:00:00 AM,0,0,0
11/18/2018 09:00:00 AM,12,1,11
11/29/2018 11:00:00 AM,21,6,15
11/20/2018 09:00:00 PM,14,8,6
11/05/2018 09:00:00 PM,10,6,4
11/21/2018 05:00:00 AM,9,2,7
11/20/2018 11:00:00 PM,10,3,7
11/15/2018 02:00:00 AM,4,3,1
11/30/2018 06:00:00 PM,52,28,24
11/07/2018 08:00:00 AM,134,17,117
11/16/2018 04:00:00 AM,1,0,1
11/05/2018 03:00:00 PM,38,15,23
11/27/2018 12:00:00 AM,2,1,1
11/03/2018 08:00:00 PM,12,4,8
11/08/2018 09:00:00 AM,71,12,59
11/17/2018 03:00:00 AM,2,2,0
11/15/2018 09:00:00 PM,34,21,13
11/10/2018 06:00:00 PM,23,13,10
11/12/2018 10:00:00 AM,40,6,34
11/06/2018 11:00:00 PM,7,3,4
11/10/2018 07:00:00 AM,8,4,4
11/28/2018 12:00:00 PM,14,3,11
11/23/2018 09:00:00 PM,5,3,2
11/07/2018 12:00:00 PM,23,9,14
11/08/2018 03:00:00 PM,53,19,34
11/29/2018 10:00:00 AM,22,9,13
11/10/2018 03:00:00 PM,25,5,20
11/04/2018 01:00:00 AM,9,4,5
11/19/2018 08:00:00 PM,14,6,8
11/12/2018 10:00:00 PM,13,5,8
11/19/2018 03:00:00 PM,35,15,20
11/27/2018 05:00:00 PM,83,21,62
11/23/2018 09:00:00 AM,9,0,9
11/29/2018 09:00:00 PM,21,7,14
11/08/2018 09:00:00 PM,27,12,15
11/04/2018 06:00:00 PM,24,13,11
11/21/2018 09:00:00 PM,14,6,8
11/15/2018 03:00:00 PM,68,19,49
11/18/2018 02:00:00 PM,32,13,19
11/27/2018 08:00:00 PM,11,6,5
11/20/2018 01:00:00 PM,22,9,13
11/04/2018 12:00:00 AM,8,4,4
11/09/2018 12:00:00 AM,6,2,4
11/11/2018 11:00:00 AM,32,5,27
11/17/2018 04:00:00 AM,0,0,0
11/16/2018 11:00:00 PM,13,6,7
11/14/2018 02:00:00 PM,20,13,7
11/06/2018 03:00:00 PM,50,17,33
11/17/2018 07:00:00 AM,9,4,5
11/24/2018 03:00:00 AM,3,3,0
11/07/2018 10:00:00 PM,8,4,4
11/09/2018 01:00:00 PM,29,9,20
11/12/2018 01:00:00 PM,33,12,21
11/08/2018 12:00:00 PM,43,16,27
11/24/2018 03:00:00 PM,48,12,36
11/17/2018 08:00:00 AM,15,9,6
11/06/2018 07:00:00 AM,73,10,63
11/07/2018 09:00:00 PM,19,13,6
11/28/2018 03:00:00 PM,28,9,19
11/16/2018 10:00:00 PM,22,11,11
11/15/2018 12:00:00 PM,31,11,20
11/30/2018 05:00:00 PM,94,29,65
11/20/2018 08:00:00 AM,101,12,89
11/13/2018 09:00:00 AM,89,20,69
11/06/2018 01:00:00 AM,0,0,0
11/24/2018 09:00:00 AM,14,1,13
11/08/2018 05:00:00 AM,10,4,6
11/14/2018 06:00:00 PM,68,27,41
11/29/2018 03:00:00 AM,0,0,0
11/19/2018 09:00:00 AM,72,8,64
11/28/2018 10:00:00 AM,27,7,20
11/19/2018 07:00:00 AM,63,10,53
11/02/2018 04:00:00 PM,81,31,50
11/07/2018 03:00:00 AM,3,2,1
11/29/2018 05:00:00 AM,10,2,8
11/16/2018 12:00:00 PM,23,9,14
11/03/2018 09:00:00 AM,11,3,8
11/16/2018 03:00:00 AM,4,3,1
11/14/2018 02:00:00 AM,2,1,1
11/09/2018 01:00:00 AM,12,8,4
11/09/2018 04:00:00 AM,0,0,0
11/16/2018 10:00:00 AM,37,6,31
11/30/2018 09:00:00 PM,12,2,10
11/17/2018 02:00:00 PM,31,14,17
11/24/2018 07:00:00 AM,4,3,1
11/14/2018 01:00:00 AM,7,6,1
11/16/2018 08:00:00 PM,31,11,20
11/24/2018 10:00:00 AM,13,5,8
11/11/2018 06:00:00 PM,18,8,10
11/07/2018 03:00:00 PM,44,13,31
11/10/2018 01:00:00 PM,30,12,18
11/11/2018 04:00:00 PM,31,11,20
11/03/2018 03:00:00 AM,2,1,1
11/02/2018 10:00:00 PM,28,8,20
11/18/2018 07:00:00 PM,19,6,13
11/25/2018 11:00:00 AM,24,6,18
11/03/2018 12:00:00 AM,14,6,8
11/01/2018 07:00:00 PM,35,11,24
11/26/2018 09:00:00 PM,8,3,5
11/05/2018 11:00:00 PM,21,4,17
11/22/2018 08:00:00 PM,0,0,0
11/28/2018 07:00:00 AM,41,6,35
11/12/2018 02:00:00 PM,38,15,23
11/08/2018 02:00:00 PM,38,14,24
11/10/2018 08:00:00 PM,21,8,13
11/20/2018 09:00:00 AM,65,7,58
11/08/2018 06:00:00 PM,81,27,54
11/10/2018 07:00:00 PM,34,13,21
11/22/2018 06:00:00 AM,3,1,2
11/19/2018 08:00:00 AM,131,24,107
11/23/2018 08:00:00 AM,3,1,2
11/01/2018 12:00:00 PM,23,9,14
11/09/2018 11:00:00 AM,20,10,10
11/10/2018 11:00:00 AM,32,9,23
11/21/2018 09:00:00 AM,46,14,32
11/24/2018 02:00:00 AM,0,0,0
11/16/2018 09:00:00 AM,70,13,57
11/01/2018 04:00:00 AM,1,0,1
11/29/2018 02:00:00 AM,3,2,1
11/27/2018 07:00:00 PM,20,7,13
11/03/2018 01:00:00 AM,7,3,4
11/24/2018 02:00:00 PM,35,12,23
11/29/2018 12:00:00 PM,28,13,15
11/15/2018 09:00:00 AM,80,16,64
11/05/2018 12:00:00 AM,10,8,2
11/22/2018 08:00:00 AM,2,1,1
11/10/2018 06:00:00 AM,2,1,1
11/12/2018 04:00:00 PM,48,13,35
11/29/2018 06:00:00 PM,68,27,41
11/01/2018 01:00:00 PM,18,8,10
11/17/2018 06:00:00 PM,26,13,13
11/03/2018 01:00:00 PM,9,2,7
11/28/2018 11:00:00 AM,12,3,9
11/08/2018 07:00:00 AM,63,7,56
11/01/2018 08:00:00 AM,109,17,92
11/16/2018 02:00:00 PM,36,15,21
11/22/2018 03:00:00 AM,1,1,0
11/14/2018 11:00:00 PM,7,4,3
11/12/2018 11:00:00 PM,3,0,3
11/05/2018 05:00:00 AM,13,3,10
11/06/2018 01:00:00 PM,29,12,17
11/07/2018 10:00:00 AM,32,7,25
11/12/2018 03:00:00 AM,0,0,0
11/23/2018 05:00:00 AM,2,0,2
11/17/2018 09:00:00 AM,12,4,8
11/24/2018 11:00:00 PM,9,5,4
11/08/2018 04:00:00 PM,95,32,63
11/24/2018 06:00:00 AM,5,2,3
11/29/2018 05:00:00 PM,93,29,64
11/25/2018 07:00:00 PM,13,6,7
11/01/2018 09:00:00 PM,26,14,12
11/21/2018 05:00:00 PM,41,16,25
11/23/2018 05:00:00 PM,20,11,9
11/27/2018 06:00:00 AM,21,4,17
11/11/2018 10:00:00 PM,10,7,3
11/23/2018 06:00:00 AM,4,2,2
11/12/2018 07:00:00 PM,28,11,17
11/09/2018 12:00:00 PM,16,6,10
11/03/2018 11:00:00 AM,23,6,17
11/19/2018 12:00:00 AM,5,2,3
11/14/2018 10:00:00 PM,14,6,8
11/27/2018 06:00:00 PM,53,14,39
11/16/2018 07:00:00 PM,41,21,20
11/07/2018 05:00:00 PM,104,35,69
11/01/2018 11:00:00 AM,22,10,12
11/28/2018 08:00:00 PM,27,12,15
11/30/2018 12:00:00 PM,23,12,11
11/14/2018 06:00:00 AM,29,3,26
11/26/2018 12:00:00 PM,13,9,4
11/13/2018 11:00:00 PM,10,7,3
11/02/2018 07:00:00 AM,65,10,55
11/26/2018 04:00:00 PM,40,13,27
11/05/2018 11:00:00 AM,18,10,8
11/03/2018 10:00:00 PM,13,6,7
11/13/2018 02:00:00 PM,26,11,15
11/11/2018 03:00:00 AM,2,1,1
11/05/2018 03:00:00 AM,2,2,0
11/08/2018 10:00:00 AM,28,5,23
11/26/2018 11:00:00 PM,4,3,1
11/15/2018 05:00:00 PM,110,37,73
11/17/2018 07:00:00 PM,18,8,10
11/19/2018 02:00:00 AM,0,0,0
11/24/2018 05:00:00 AM,4,2,2
11/13/2018 10:00:00 PM,11,5,6
12/17/2018 06:00:00 AM,35,6,29
12/11/2018 03:00:00 PM,23,10,13
12/06/2018 12:00:00 PM,21,8,13
12/01/2018 11:00:00 AM,25,12,13
12/24/2018 03:00:00 PM,0,0,0
12/19/2018 04:00:00 PM,0,0,0
12/16/2018 01:00:00 PM,11,4,7
12/21/2018 11:00:00 AM,0,0,0
12/29/2018 05:00:00 AM,0,0,0
12/15/2018 07:00:00 AM,3,1,2
12/23/2018 04:00:00 PM,0,0,0
12/18/2018 04:00:00 AM,0,0,0
12/31/2018 05:00:00 AM,0,0,0
12/06/2018 01:00:00 PM,33,14,19
12/07/2018 09:00:00 AM,45,8,37
12/04/2018 11:00:00 PM,4,2,2
12/16/2018 04:00:00 AM,1,0,1
12/01/2018 02:00:00 AM,4,1,3
12/09/2018 02:00:00 AM,5,1,4
12/10/2018 05:00:00 AM,8,1,7
12/03/2018 01:00:00 PM,35,8,27
12/02/2018 07:00:00 PM,12,7,5
12/04/2018 08:00:00 AM,106,11,95
12/15/2018 03:00:00 AM,2,2,0
12/31/2018 06:00:00 AM,0,0,0
12/17/2018 02:00:00 PM,25,10,15
12/21/2018 10:00:00 AM,0,0,0
12/05/2018 07:00:00 PM,20,7,13
12/10/2018 12:00:00 PM,22,7,15
12/01/2018 09:00:00 PM,23,10,13
12/28/2018 11:00:00 PM,0,0,0
12/17/2018 10:00:00 AM,27,8,19
12/25/2018 01:00:00 PM,0,0,0
12/30/2018 09:00:00 PM,0,0,0
12/18/2018 01:00:00 AM,2,0,2
12/09/2018 08:00:00 PM,7,2,5
12/25/2018 10:00:00 AM,0,0,0
12/26/2018 11:00:00 PM,0,0,0
12/26/2018 11:00:00 AM,0,0,0
12/02/2018 09:00:00 AM,12,5,7
12/23/2018 06:00:00 PM,0,0,0
12/25/2018 04:00:00 AM,0,0,0
12/04/2018 10:00:00 AM,24,6,18
12/06/2018 08:00:00 AM,94,11,83
12/13/2018 07:00:00 PM,26,10,16
12/08/2018 04:00:00 AM,2,0,2
12/31/2018 02:00:00 PM,0,0,0
12/07/2018 04:00:00 PM,83,33,50
12/15/2018 06:00:00 AM,5,2,3
12/25/2018 09:00:00 PM,0,0,0
12/22/2018 07:00:00 PM,0,0,0
12/31/2018 08:00:00 AM,0,0,0
12/26/2018 04:00:00 PM,0,0,0
12/14/2018 01:00:00 AM,3,2,1
12/09/2018 11:00:00 PM,4,2,2
12/02/2018 03:00:00 PM,24,14,10
12/30/2018 02:00:00 AM,0,0,0
12/30/2018 09:00:00 AM,0,0,0
12/30/2018 03:00:00 AM,0,0,0
12/07/2018 03:00:00 PM,34,14,20
12/11/2018 10:00:00 AM,18,3,15
12/24/2018 12:00:00 PM,0,0,0
12/28/2018 04:00:00 AM,0,0,0
12/06/2018 09:00:00 PM,11,6,5
12/22/2018 08:00:00 AM,0,0,0
12/22/2018 11:00:00 AM,0,0,0
12/09/2018 03:00:00 PM,8,6,2
12/17/2018 08:00:00 AM,95,16,79
12/27/2018 08:00:00 AM,0,0,0
12/27/2018 10:00:00 AM,0,0,0
12/03/2018 06:00:00 PM,63,28,35
12/22/2018 12:00:00 PM,0,0,0
12/07/2018 06:00:00 PM,40,14,26
12/01/2018 07:00:00 AM,6,2,4
12/26/2018 01:00:00 PM,0,0,0
12/02/2018 02:00:00 AM,3,2,1
12/29/2018 12:00:00 AM,0,0,0
12/28/2018 12:00:00 AM,0,0,0
12/08/2018 07:00:00 PM,15,8,7
12/13/2018 02:00:00 AM,2,1,1
12/23/2018 12:00:00 PM,0,0,0
12/16/2018 04:00:00 PM,6,5,1
12/03/2018 05:00:00 AM,10,3,7
12/12/2018 12:00:00 PM,25,8,17
12/22/2018 11:00:00 PM,0,0,0
12/26/2018 03:00:00 AM,0,0,0
12/21/2018 06:00:00 PM,0,0,0
12/30/2018 10:00:00 AM,0,0,0
12/25/2018 01:00:00 AM,0,0,0
12/22/2018 03:00:00 AM,0,0,0
12/23/2018 01:00:00 AM,1,1,0
12/02/2018 06:00:00 AM,2,1,1
12/26/2018 02:00:00 AM,0,0,0
12/28/2018 04:00:00 PM,0,0,0
12/21/2018 10:00:00 PM,0,0,0
12/16/2018 05:00:00 PM,12,6,6
12/13/2018 01:00:00 AM,8,4,4
12/11/2018 09:00:00 AM,49,13,36
12/17/2018 11:00:00 AM,18,7,11
12/25/2018 12:00:00 PM,0,0,0
12/28/2018 02:00:00 PM,0,0,0
12/27/2018 05:00:00 PM,0,0,0
12/26/2018 05:00:00 PM,0,0,0
12/04/2018 09:00:00 AM,70,10,60
12/18/2018 06:00:00 AM,20,1,19
12/12/2018 10:00:00 PM,7,2,5
12/25/2018 06:00:00 PM,0,0,0
12/16/2018 11:00:00 AM,14,3,11
12/17/2018 02:00:00 AM,0,0,0
12/04/2018 07:00:00 AM,60,7,53
12/29/2018 07:00:00 PM,0,0,0
12/09/2018 12:00:00 AM,6,4,2
12/30/2018 11:00:00 PM,0,0,0
12/28/2018 10:00:00 AM,0,0,0
12/17/2018 03:00:00 PM,31,10,21
12/25/2018 08:00:00 AM,0,0,0
12/25/2018 11:00:00 AM,0,0,0
12/17/2018 10:00:00 PM,2,0,2
12/18/2018 08:00:00 AM,75,13,62
12/02/2018 02:00:00 PM,19,5,14
12/21/2018 03:00:00 PM,0,0,0
12/19/2018 11:00:00 PM,0,0,0
12/13/2018 12:00:00 AM,5,1,4
12/16/2018 01:00:00 AM,8,3,5
12/10/2018 01:00:00 PM,16,6,10
12/29/2018 09:00:00 PM,0,0,0
12/09/2018 03:00:00 AM,2,2,0
12/08/2018 06:00:00 AM,5,2,3
12/05/2018 08:00:00 AM,98,12,86
12/20/2018 05:00:00 AM,0,0,0
12/14/2018 08:00:00 PM,9,1,8
12/27/2018 06:00:00 AM,0,0,0
12/22/2018 03:00:00 PM,0,0,0
12/12/2018 03:00:00 PM,49,23,26
12/09/2018 12:00:00 PM,9,8,1
12/28/2018 02:00:00 AM,0,0,0
12/20/2018 06:00:00 PM,0,0,0
12/28/2018 06:00:00 PM,0,0,0
12/18/2018 11:00:00 PM,0,0,0
12/17/2018 09:00:00 PM,3,2,1
12/28/2018 05:00:00 PM,0,0,0
12/22/2018 10:00:00 AM,0,0,0
12/17/2018 08:00:00 PM,9,5,4
12/09/2018 02:00:00 PM,6,3,3
12/29/2018 06:00:00 AM,0,0,0
12/01/2018 10:00:00 PM,11,6,5
12/19/2018 10:00:00 PM,0,0,0
12/29/2018 05:00:00 PM,0,0,0
12/22/2018 06:00:00 AM,0,0,0
12/21/2018 09:00:00 PM,0,0,0
12/03/2018 06:00:00 AM,35,6,29
12/26/2018 10:00:00 PM,0,0,0
12/18/2018 05:00:00 PM,0,0,0
12/28/2018 09:00:00 AM,0,0,0
12/13/2018 11:00:00 PM,9,5,4
12/10/2018 06:00:00 PM,48,23,25
12/10/2018 03:00:00 PM,56,10,46
12/08/2018 03:00:00 PM,27,12,15
12/05/2018 09:00:00 PM,14,7,7
12/25/2018 07:00:00 AM,0,0,0
12/10/2018 04:00:00 PM,93,13,80
12/13/2018 06:00:00 AM,16,3,13
12/28/2018 09:00:00 PM,0,0,0
12/19/2018 09:00:00 PM,0,0,0
12/22/2018 07:00:00 AM,0,0,0
12/19/2018 11:00:00 AM,0,0,0
12/19/2018 05:00:00 PM,0,0,0
12/15/2018 10:00:00 PM,11,5,6
12/01/2018 05:00:00 PM,16,7,9
12/28/2018 08:00:00 AM,0,0,0
12/16/2018 03:00:00 AM,1,1,0
12/11/2018 12:00:00 PM,12,5,7
12/13/2018 04:00:00 PM,58,13,45
12/01/2018 06:00:00 AM,6,2,4
12/03/2018 10:00:00 PM,7,2,5
12/14/2018 05:00:00 PM,80,25,55
12/03/2018 09:00:00 AM,63,11,52
12/05/2018 08:00:00 PM,16,8,8
12/01/2018 02:00:00 PM,29,14,15
12/30/2018 02:00:00 PM,0,0,0
12/04/2018 04:00:00 AM,1,1,0
12/01/2018 12:00:00 AM,6,4,2
12/22/2018 06:00:00 PM,0,0,0
12/08/2018 11:00:00 AM,12,3,9
12/26/2018 05:00:00 AM,0,0,0
12/13/2018 08:00:00 AM,99,18,81
12/16/2018 11:00:00 PM,3,0,3
12/14/2018 10:00:00 AM,31,6,25
12/16/2018 08:00:00 AM,6,1,5
12/15/2018 10:00:00 AM,14,1,13
12/11/2018 11:00:00 PM,8,5,3
12/21/2018 01:00:00 PM,0,0,0
12/11/2018 12:00:00 AM,6,3,3
12/20/2018 06:00:00 AM,0,0,0
12/19/2018 04:00:00 AM,0,0,0
12/21/2018 08:00:00 PM,0,0,0
12/25/2018 06:00:00 AM,0,0,0
12/30/2018 05:00:00 PM,0,0,0
12/14/2018 12:00:00 PM,33,8,25
12/12/2018 03:00:00 AM,0,0,0
12/28/2018 08:00:00 PM,0,0,0
12/10/2018 03:00:00 AM,1,1,0
12/09/2018 11:00:00 AM,15,4,11
12/06/2018 10:00:00 AM,25,8,17
12/23/2018 11:00:00 AM,0,0,0
12/03/2018 04:00:00 PM,72,19,53
12/14/2018 09:00:00 PM,15,8,7
12/05/2018 09:00:00 AM,67,8,59
12/15/2018 04:00:00 AM,1,1,0
12/10/2018 12:00:00 AM,1,1,0
12/31/2018 10:00:00 AM,0,0,0
12/27/2018 12:00:00 PM,0,0,0
12/15/2018 01:00:00 AM,6,3,3
12/07/2018 10:00:00 AM,35,10,25
12/13/2018 05:00:00 PM,88,29,59
12/12/2018 06:00:00 AM,26,1,25
12/06/2018 06:00:00 PM,56,28,28
12/12/2018 02:00:00 AM,0,0,0
12/07/2018 02:00:00 AM,1,1,0
12/02/2018 11:00:00 AM,23,1,22
12/05/2018 05:00:00 AM,8,3,5
12/01/2018 01:00:00 AM,10,4,6
12/12/2018 04:00:00 AM,2,0,2
12/15/2018 02:00:00 PM,28,5,23
12/08/2018 02:00:00 AM,3,0,3
12/27/2018 11:00:00 PM,0,0,0
12/29/2018 08:00:00 PM,0,0,0
12/27/2018 07:00:00 AM,0,0,0
12/13/2018 04:00:00 AM,2,0,2
12/16/2018 10:00:00 PM,7,4,3
12/08/2018 05:00:00 PM,21,13,8
12/08/2018 09:00:00 PM,10,4,6
12/21/2018 06:00:00 AM,0,0,0
12/08/2018 10:00:00 PM,5,3,2
12/13/2018 12:00:00 PM,19,6,13
12/18/2018 03:00:00 PM,5,2,3
12/02/2018 09:00:00 PM,6,6,0
12/17/2018 05:00:00 PM,66,24,42
12/31/2018 08:00:00 PM,1,1,0
12/07/2018 01:00:00 AM,1,0,1
12/01/2018 03:00:00 AM,0,0,0
12/05/2018 03:00:00 AM,2,2,0
12/19/2018 02:00:00 AM,0,0,0
12/06/2018 03:00:00 PM,41,16,25
12/04/2018 08:00:00 PM,11,5,6
12/21/2018 12:00:00 PM,0,0,0
12/07/2018 07:00:00 AM,47,4,43
12/28/2018 03:00:00 PM,0,0,0
12/10/2018 04:00:00 AM,2,0,2
12/16/2018 02:00:00 PM,12,5,7
12/09/2018 10:00:00 AM,3,1,2
12/23/2018 04:00:00 AM,0,0,0
12/12/2018 01:00:00 AM,1,0,1
12/19/2018 12:00:00 AM,1,1,0
12/10/2018 08:00:00 PM,42,37,5
12/02/2018 10:00:00 AM,17,6,11
12/20/2018 05:00:00 PM,0,0,0
12/14/2018 04:00:00 PM,80,26,54
12/10/2018 09:00:00 PM,8,4,4
12/28/2018 03:00:00 AM,0,0,0
12/02/2018 12:00:00 AM,6,5,1
12/08/2018 01:00:00 PM,20,8,12
12/05/2018 01:00:00 AM,4,1,3
12/06/2018 04:00:00 AM,1,0,1
12/16/2018 03:00:00 PM,11,6,5
12/08/2018 08:00:00 PM,14,9,5
12/08/2018 08:00:00 AM,5,0,5
12/09/2018 05:00:00 PM,6,2,4
12/15/2018 08:00:00 AM,6,2,4
12/16/2018 09:00:00 AM,7,0,7
12/09/2018 06:00:00 AM,1,1,0
12/14/2018 04:00:00 AM,0,0,0
12/19/2018 03:00:00 AM,0,0,0
12/25/2018 10:00:00 PM,0,0,0
12/22/2018 01:00:00 AM,0,0,0
12/17/2018 01:00:00 AM,4,3,1
12/23/2018 08:00:00 PM,0,0,0
12/21/2018 04:00:00 PM,0,0,0
12/26/2018 07:00:00 AM,0,0,0
12/28/2018 01:00:00 AM,0,0,0
12/28/2018 07:00:00 AM,0,0,0
12/18/2018 09:00:00 AM,50,13,37
12/11/2018 02:00:00 AM,0,0,0
12/15/2018 11:00:00 AM,30,10,20
12/23/2018 10:00:00 AM,0,0,0
12/28/2018 01:00:00 PM,0,0,0
12/13/2018 10:00:00 PM,15,2,13
12/20/2018 03:00:00 PM,0,0,0
12/12/2018 11:00:00 AM,20,7,13
12/18/2018 12:00:00 AM,10,2,8
12/23/2018 09:00:00 AM,0,0,0
12/30/2018 05:00:00 AM,0,0,0
12/23/2018 05:00:00 AM,0,0,0
12/01/2018 03:00:00 PM,25,10,15
12/11/2018 07:00:00 PM,26,7,19
12/07/2018 03:00:00 AM,0,0,0
12/13/2018 09:00:00 AM,47,10,37
12/29/2018 03:00:00 AM,0,0,0
12/18/2018 07:00:00 PM,0,0,0
12/31/2018 12:00:00 PM,0,0,0
12/22/2018 05:00:00 PM,0,0,0
12/12/2018 05:00:00 PM,71,21,50
12/30/2018 01:00:00 PM,0,0,0
12/27/2018 04:00:00 AM,0,0,0
12/20/2018 02:00:00 PM,2,0,2
12/21/2018 09:00:00 AM,0,0,0
12/09/2018 01:00:00 AM,4,1,3
12/16/2018 09:00:00 PM,4,2,2
12/12/2018 07:00:00 PM,26,13,13
12/23/2018 02:00:00 AM,0,0,0
12/24/2018 05:00:00 PM,0,0,0
12/14/2018 11:00:00 AM,21,8,13
12/19/2018 12:00:00 PM,0,0,0
12/31/2018 09:00:00 AM,0,0,0
12/31/2018 10:00:00 PM,1,0,1
12/11/2018 09:00:00 PM,13,7,6
12/23/2018 03:00:00 PM,0,0,0
12/12/2018 08:00:00 PM,19,13,6
12/03/2018 03:00:00 PM,38,16,22
12/14/2018 10:00:00 PM,8,3,5
12/15/2018 06:00:00 PM,16,8,8
12/05/2018 04:00:00 AM,0,0,0
12/06/2018 03:00:00 AM,1,1,0
12/09/2018 06:00:00 PM,8,2,6
12/06/2018 10:00:00 PM,8,4,4
12/04/2018 04:00:00 PM,56,16,40
12/19/2018 07:00:00 AM,0,0,0
12/04/2018 06:00:00 PM,65,26,39
12/06/2018 04:00:00 PM,68,20,48
12/22/2018 05:00:00 AM,2,0,2
12/18/2018 12:00:00 PM,18,8,10
12/03/2018 03:00:00 AM,2,1,1
12/26/2018 08:00:00 PM,0,0,0
12/25/2018 09:00:00 AM,0,0,0
12/04/2018 11:00:00 AM,22,8,14
12/05/2018 01:00:00 PM,31,14,17
12/08/2018 02:00:00 PM,35,16,19
12/11/2018 08:00:00 PM,16,7,9
12/24/2018 10:00:00 PM,0,0,0
12/18/2018 02:00:00 PM,11,5,6
12/31/2018 07:00:00 AM,0,0,0
12/27/2018 05:00:00 AM,0,0,0
12/04/2018 01:00:00 PM,24,9,15
12/13/2018 05:00:00 AM,8,2,6
12/26/2018 08:00:00 AM,0,0,0
12/03/2018 02:00:00 AM,0,0,0
12/02/2018 06:00:00 PM,11,4,7
12/29/2018 09:00:00 AM,0,0,0
12/19/2018 08:00:00 PM,0,0,0
12/10/2018 08:00:00 AM,107,19,88
12/20/2018 10:00:00 PM,0,0,0
12/17/2018 12:00:00 PM,24,7,17
12/03/2018 12:00:00 AM,1,1,0
12/31/2018 02:00:00 AM,0,0,0
12/01/2018 11:00:00 PM,11,3,8
12/27/2018 09:00:00 PM,0,0,0
12/21/2018 07:00:00 PM,0,0,0
12/22/2018 02:00:00 PM,0,0,0
12/06/2018 07:00:00 PM,53,27,26
12/06/2018 08:00:00 PM,17,8,9
12/02/2018 05:00:00 AM,2,2,0
12/10/2018 10:00:00 PM,10,2,8
12/20/2018 04:00:00 PM,0,0,0
12/27/2018 01:00:00 PM,0,0,0
12/02/2018 11:00:00 PM,5,1,4
12/26/2018 01:00:00 AM,0,0,0
12/31/2018 06:00:00 PM,0,0,0
12/12/2018 05:00:00 AM,10,2,8
12/11/2018 04:00:00 AM,1,0,1
12/08/2018 12:00:00 PM,32,10,22
12/25/2018 07:00:00 PM,0,0,0
12/04/2018 12:00:00 AM,4,3,1
12/24/2018 04:00:00 PM,0,0,0
12/06/2018 05:00:00 PM,92,23,69
12/30/2018 12:00:00 AM,0,0,0
12/02/2018 03:00:00 AM,4,1,3
12/01/2018 01:00:00 PM,21,5,16
12/30/2018 06:00:00 PM,0,0,0
12/11/2018 07:00:00 AM,39,5,34
12/07/2018 05:00:00 PM,61,17,44
12/26/2018 04:00:00 AM,0,0,0
12/10/2018 11:00:00 PM,4,0,4
12/26/2018 06:00:00 AM,0,0,0
12/23/2018 03:00:00 AM,0,0,0
12/08/2018 12:00:00 AM,4,3,1
12/31/2018 03:00:00 AM,0,0,0
12/04/2018 05:00:00 AM,18,6,12
12/29/2018 11:00:00 AM,0,0,0
12/30/2018 08:00:00 PM,1,1,0
12/26/2018 07:00:00 PM,0,0,0
12/07/2018 08:00:00 AM,95,17,78
12/15/2018 09:00:00 AM,6,3,3
12/01/2018 07:00:00 PM,20,10,10
12/15/2018 08:00:00 PM,11,5,6
12/25/2018 03:00:00 PM,0,0,0
12/24/2018 03:00:00 AM,0,0,0
12/02/2018 05:00:00 PM,27,18,9
12/03/2018 11:00:00 AM,25,11,14
12/24/2018 11:00:00 PM,1,0,1
12/19/2018 03:00:00 PM,0,0,0
12/07/2018 08:00:00 PM,16,13,3
12/11/2018 06:00:00 PM,32,9,23
12/03/2018 12:00:00 PM,21,10,11
12/02/2018 10:00:00 PM,9,4,5
12/20/2018 07:00:00 AM,0,0,0
12/06/2018 01:00:00 AM,3,3,0
12/28/2018 10:00:00 PM,0,0,0
12/03/2018 08:00:00 PM,17,7,10
12/18/2018 10:00:00 PM,0,0,0
12/06/2018 05:00:00 AM,5,2,3
12/14/2018 07:00:00 PM,13,7,6
12/08/2018 10:00:00 AM,18,6,12
12/31/2018 04:00:00 PM,0,0,0
12/17/2018 05:00:00 AM,7,2,5
12/25/2018 11:00:00 PM,0,0,0
12/21/2018 02:00:00 PM,0,0,0
12/23/2018 12:00:00 AM,0,0,0
12/07/2018 04:00:00 AM,2,0,2
12/06/2018 07:00:00 AM,45,5,40
12/29/2018 07:00:00 AM,0,0,0
12/14/2018 08:00:00 AM,90,13,77
12/01/2018 08:00:00 AM,9,2,7
12/07/2018 09:00:00 PM,10,8,2
12/11/2018 06:00:00 AM,25,6,19
12/27/2018 06:00:00 PM,0,0,0
12/17/2018 12:00:00 AM,2,1,1
12/22/2018 09:00:00 AM,0,0,0
12/12/2018 06:00:00 PM,46,17,29
12/20/2018 08:00:00 AM,0,0,0
12/06/2018 06:00:00 AM,33,7,26
12/31/2018 01:00:00 PM,0,0,0
12/24/2018 11:00:00 AM,0,0,0
12/17/2018 04:00:00 PM,40,9,31
12/03/2018 07:00:00 PM,30,11,19
12/15/2018 12:00:00 AM,6,4,2
12/20/2018 01:00:00 PM,0,0,0
12/10/2018 02:00:00 AM,0,0,0
12/03/2018 10:00:00 AM,27,6,21
12/27/2018 11:00:00 AM,0,0,0
12/21/2018 02:00:00 AM,0,0,0
12/31/2018 07:00:00 PM,0,0,0
12/31/2018 03:00:00 PM,1,0,1
12/24/2018 05:00:00 AM,0,0,0
12/11/2018 11:00:00 AM,10,1,9
12/05/2018 10:00:00 AM,29,5,24
12/05/2018 05:00:00 PM,89,28,61
12/21/2018 11:00:00 PM,0,0,0
12/06/2018 12:00:00 AM,1,0,1
12/27/2018 10:00:00 PM,0,0,0
12/24/2018 02:00:00 PM,0,0,0
12/02/2018 01:00:00 PM,35,5,30
12/25/2018 03:00:00 AM,0,0,0
12/11/2018 03:00:00 AM,0,0,0
12/04/2018 10:00:00 PM,4,2,2
12/29/2018 11:00:00 PM,0,0,0
12/08/2018 09:00:00 AM,9,2,7
12/23/2018 02:00:00 PM,0,0,0
12/07/2018 07:00:00 PM,28,19,9
12/13/2018 07:00:00 AM,39,4,35
12/03/2018 07:00:00 AM,63,10,53
12/22/2018 01:00:00 PM,0,0,0
12/05/2018 11:00:00 PM,6,3,3
12/31/2018 05:00:00 PM,0,0,0
12/08/2018 01:00:00 AM,5,4,1
12/22/2018 10:00:00 PM,0,0,0
12/12/2018 07:00:00 AM,49,7,42
12/18/2018 04:00:00 PM,0,0,0
12/27/2018 02:00:00 AM,0,0,0
12/31/2018 01:00:00 AM,0,0,0
12/19/2018 10:00:00 AM,0,0,0
12/31/2018 12:00:00 AM,0,0,0
12/10/2018 02:00:00 PM,21,4,17
12/19/2018 06:00:00 PM,0,0,0
12/28/2018 07:00:00 PM,0,0,0
12/19/2018 05:00:00 AM,0,0,0
12/18/2018 02:00:00 AM,1,0,1
12/27/2018 04:00:00 PM,0,0,0
12/21/2018 04:00:00 AM,0,0,0
12/18/2018 10:00:00 AM,24,8,16
12/01/2018 12:00:00 PM,20,9,11
12/26/2018 10:00:00 AM,0,0,0
12/16/2018 05:00:00 AM,2,2,0
12/09/2018 07:00:00 AM,3,1,2
12/20/2018 04:00:00 AM,0,0,0
12/10/2018 06:00:00 AM,30,4,26
12/04/2018 02:00:00 PM,21,11,10
12/14/2018 03:00:00 AM,0,0,0
12/10/2018 01:00:00 AM,1,1,0
12/01/2018 05:00:00 AM,2,0,2
12/18/2018 09:00:00 PM,0,0,0
12/07/2018 05:00:00 AM,9,2,7
12/18/2018 06:00:00 PM,0,0,0
12/04/2018 12:00:00 PM,22,12,10
12/14/2018 12:00:00 AM,6,2,4
12/14/2018 11:00:00 PM,10,4,6
12/04/2018 02:00:00 AM,1,1,0
12/30/2018 01:00:00 AM,0,0,0
12/01/2018 04:00:00 PM,25,13,12
12/07/2018 12:00:00 AM,2,2,0
12/20/2018 07:00:00 PM,0,0,0
12/03/2018 05:00:00 PM,95,33,62
12/07/2018 10:00:00 PM,27,2,25
12/01/2018 06:00:00 PM,12,5,7
12/19/2018 07:00:00 PM,0,0,0
12/04/2018 06:00:00 AM,23,1,22
12/22/2018 02:00:00 AM,0,0,0
12/13/2018 03:00:00 PM,28,13,15
12/21/2018 08:00:00 AM,0,0,0
12/28/2018 11:00:00 AM,0,0,0
12/05/2018 02:00:00 PM,32,5,27
12/15/2018 12:00:00 PM,34,13,21
12/01/2018 09:00:00 AM,12,3,9
12/05/2018 02:00:00 AM,1,1,0
12/13/2018 08:00:00 PM,13,4,9
12/26/2018 09:00:00 PM,0,0,0
12/18/2018 11:00:00 AM,26,6,20
12/11/2018 08:00:00 AM,62,9,53
12/08/2018 04:00:00 PM,20,14,6
12/11/2018 05:00:00 PM,67,23,44
12/13/2018 09:00:00 PM,13,4,9
12/14/2018 07:00:00 AM,35,5,30
12/20/2018 09:00:00 PM,0,0,0
12/04/2018 09:00:00 PM,19,10,9
12/24/2018 04:00:00 AM,0,0,0
12/12/2018 11:00:00 PM,7,3,4
12/25/2018 05:00:00 PM,0,0,0
12/03/2018 08:00:00 AM,129,19,110
12/28/2018 06:00:00 AM,0,0,0
12/10/2018 10:00:00 AM,21,9,12
12/15/2018 04:00:00 PM,24,6,18
12/05/2018 12:00:00 PM,27,8,19
12/02/2018 08:00:00 AM,9,2,7
12/10/2018 07:00:00 PM,18,7,11
12/29/2018 04:00:00 PM,0,0,0
12/28/2018 12:00:00 PM,0,0,0
12/05/2018 12:00:00 AM,9,4,5
12/16/2018 12:00:00 PM,19,12,7
12/27/2018 03:00:00 AM,0,0,0
12/03/2018 09:00:00 PM,11,5,6
12/26/2018 09:00:00 AM,0,0,0
12/23/2018 09:00:00 PM,0,0,0
12/03/2018 11:00:00 PM,8,3,5
12/27/2018 03:00:00 PM,0,0,0
12/11/2018 05:00:00 AM,8,2,6
12/16/2018 08:00:00 PM,25,9,16
12/21/2018 12:00:00 AM,0,0,0
12/14/2018 09:00:00 AM,55,13,42
12/26/2018 03:00:00 PM,0,0,0
12/21/2018 03:00:00 AM,0,0,0
12/25/2018 04:00:00 PM,0,0,0
12/15/2018 07:00:00 PM,26,10,16
12/09/2018 10:00:00 PM,10,4,6
12/22/2018 12:00:00 AM,0,0,0
12/12/2018 02:00:00 PM,22,10,12
12/15/2018 01:00:00 PM,47,26,21
12/24/2018 09:00:00 PM,0,0,0
12/11/2018 01:00:00 PM,18,8,10
12/14/2018 05:00:00 AM,8,3,5
12/17/2018 11:00:00 PM,9,4,5
12/30/2018 11:00:00 AM,0,0,0
12/15/2018 03:00:00 PM,30,8,22
12/09/2018 09:00:00 PM,1,1,0
12/30/2018 03:00:00 PM,0,0,0
12/17/2018 09:00:00 AM,71,16,55
12/14/2018 01:00:00 PM,37,14,23
12/02/2018 07:00:00 AM,3,0,3
12/02/2018 12:00:00 PM,27,7,20
12/15/2018 09:00:00 PM,7,2,5
12/13/2018 11:00:00 AM,16,7,9
12/24/2018 07:00:00 AM,0,0,0
12/16/2018 07:00:00 AM,2,2,0
12/04/2018 07:00:00 PM,37,15,22
12/03/2018 04:00:00 AM,2,0,2
12/09/2018 05:00:00 AM,3,2,1
12/04/2018 03:00:00 PM,32,9,23
12/31/2018 11:00:00 AM,0,0,0
12/21/2018 05:00:00 AM,0,0,0
12/20/2018 10:00:00 AM,0,0,0
12/24/2018 09:00:00 AM,0,0,0
12/05/2018 03:00:00 PM,38,10,28
12/24/2018 01:00:00 AM,1,0,1
12/10/2018 11:00:00 AM,13,3,10
12/08/2018 03:00:00 AM,0,0,0
12/29/2018 03:00:00 PM,0,0,0
12/14/2018 06:00:00 PM,45,14,31
12/05/2018 11:00:00 AM,25,5,20
12/13/2018 01:00:00 PM,19,8,11
12/21/2018 07:00:00 AM,0,0,0
12/25/2018 02:00:00 PM,0,0,0
12/29/2018 10:00:00 AM,0,0,0
12/18/2018 01:00:00 PM,19,9,10
12/29/2018 02:00:00 PM,0,0,0
12/20/2018 11:00:00 PM,0,0,0
12/04/2018 03:00:00 AM,2,2,0
12/27/2018 12:00:00 AM,0,0,0
12/23/2018 08:00:00 AM,0,0,0
12/05/2018 04:00:00 PM,54,16,38
12/09/2018 01:00:00 PM,7,1,6
12/27/2018 02:00:00 PM,0,0,0
12/20/2018 08:00:00 PM,0,0,0
12/15/2018 05:00:00 PM,25,11,14
12/15/2018 05:00:00 AM,1,0,1
12/30/2018 07:00:00 PM,0,0,0
12/29/2018 12:00:00 PM,0,0,0
12/05/2018 06:00:00 AM,24,1,23
12/29/2018 08:00:00 AM,2,0,2
12/17/2018 06:00:00 PM,42,13,29
12/06/2018 02:00:00 AM,1,1,0
12/25/2018 05:00:00 AM,0,0,0
12/18/2018 03:00:00 AM,0,0,0
12/02/2018 08:00:00 PM,13,8,5
12/16/2018 06:00:00 AM,2,1,1
12/27/2018 08:00:00 PM,0,0,0
12/13/2018 06:00:00 PM,54,25,29
12/23/2018 11:00:00 PM,0,0,0
12/07/2018 01:00:00 PM,37,19,18
12/01/2018 10:00:00 AM,16,3,13
12/23/2018 07:00:00 PM,0,0,0
12/24/2018 06:00:00 AM,0,0,0
12/25/2018 08:00:00 PM,0,0,0
12/05/2018 06:00:00 PM,61,31,30
12/06/2018 09:00:00 AM,57,11,46
12/17/2018 03:00:00 AM,1,1,0
12/11/2018 01:00:00 AM,2,0,2
12/02/2018 01:00:00 AM,5,3,2
12/30/2018 06:00:00 AM,0,0,0
12/27/2018 09:00:00 AM,0,0,0
12/02/2018 04:00:00 PM,34,23,11
12/17/2018 07:00:00 AM,51,7,44
12/01/2018 04:00:00 AM,0,0,0
12/05/2018 10:00:00 PM,12,7,5
12/14/2018 03:00:00 PM,49,19,30
12/12/2018 09:00:00 AM,60,11,49
12/03/2018 02:00:00 PM,22,10,12
12/11/2018 04:00:00 PM,51,12,39
12/20/2018 11:00:00 AM,0,0,0
12/14/2018 06:00:00 AM,15,3,12
12/29/2018 01:00:00 AM,0,0,0
12/22/2018 04:00:00 AM,0,0,0
12/20/2018 12:00:00 AM,0,0,0
12/09/2018 04:00:00 PM,6,4,2
12/06/2018 02:00:00 PM,29,10,19
12/12/2018 01:00:00 PM,23,6,17
12/22/2018 09:00:00 PM,0,0,0
12/11/2018 02:00:00 PM,13,6,7
12/06/2018 11:00:00 AM,23,8,15
12/19/2018 08:00:00 AM,0,0,0
12/05/2018 07:00:00 AM,53,11,42
12/07/2018 12:00:00 PM,32,10,22
12/07/2018 11:00:00 PM,17,6,11
12/16/2018 10:00:00 AM,5,0,5
12/30/2018 08:00:00 AM,0,0,0
12/13/2018 03:00:00 AM,0,0,0
12/22/2018 08:00:00 PM,0,0,0
12/19/2018 09:00:00 AM,0,0,0
12/02/2018 04:00:00 AM,0,0,0
12/26/2018 12:00:00 PM,0,0,0
12/12/2018 09:00:00 PM,6,4,2
12/18/2018 05:00:00 AM,7,3,4
12/25/2018 12:00:00 AM,0,0,0
12/12/2018 10:00:00 AM,20,5,15
12/04/2018 01:00:00 AM,3,2,1
12/13/2018 02:00:00 PM,17,5,12
12/24/2018 08:00:00 AM,0,0,0
12/30/2018 04:00:00 AM,0,0,0
12/30/2018 07:00:00 AM,0,0,0
12/20/2018 03:00:00 AM,0,0,0
12/31/2018 04:00:00 AM,0,0,0
12/27/2018 01:00:00 AM,0,0,0
12/24/2018 01:00:00 PM,0,0,0
12/26/2018 02:00:00 PM,0,0,0
12/23/2018 07:00:00 AM,0,0,0
12/10/2018 05:00:00 PM,103,36,67
12/31/2018 09:00:00 PM,0,0,0
12/07/2018 06:00:00 AM,21,5,16
12/09/2018 07:00:00 PM,3,0,3
12/20/2018 01:00:00 AM,0,0,0
12/07/2018 02:00:00 PM,26,6,20
12/16/2018 12:00:00 AM,9,7,2
12/20/2018 12:00:00 PM,0,0,0
12/07/2018 11:00:00 AM,25,11,14
12/15/2018 02:00:00 AM,3,3,0
12/14/2018 02:00:00 AM,1,0,1
12/24/2018 07:00:00 PM,0,0,0
12/15/2018 11:00:00 PM,12,5,7
12/20/2018 02:00:00 AM,0,0,0
12/30/2018 12:00:00 PM,0,0,0
12/24/2018 02:00:00 AM,0,0,0
12/03/2018 01:00:00 AM,4,3,1
12/12/2018 12:00:00 AM,3,0,3
12/09/2018 09:00:00 AM,6,0,6
12/24/2018 06:00:00 PM,0,0,0
12/22/2018 04:00:00 PM,0,0,0
12/08/2018 07:00:00 AM,4,2,2
12/08/2018 11:00:00 PM,5,5,0
12/29/2018 02:00:00 AM,0,0,0
12/12/2018 04:00:00 PM,73,20,53
12/23/2018 10:00:00 PM,0,0,0
12/17/2018 04:00:00 AM,4,1,3
12/16/2018 02:00:00 AM,3,1,2
12/09/2018 08:00:00 AM,6,1,5
12/12/2018 08:00:00 AM,106,24,82
12/16/2018 07:00:00 PM,8,2,6
12/09/2018 04:00:00 AM,2,1,1
12/29/2018 04:00:00 AM,0,0,0
12/24/2018 10:00:00 AM,0,0,0
12/31/2018 11:00:00 PM,4,0,4
12/11/2018 10:00:00 PM,9,5,4
12/28/2018 05:00:00 AM,0,0,0
12/29/2018 06:00:00 PM,0,0,0
12/19/2018 02:00:00 PM,0,0,0
12/19/2018 06:00:00 AM,0,0,0
12/30/2018 04:00:00 PM,0,0,0
12/10/2018 07:00:00 AM,57,8,49
12/26/2018 06:00:00 PM,0,0,0
12/21/2018 05:00:00 PM,0,0,0
12/25/2018 02:00:00 AM,0,0,0
12/27/2018 07:00:00 PM,0,0,0
12/04/2018 05:00:00 PM,92,38,54
12/19/2018 01:00:00 PM,0,0,0
12/14/2018 02:00:00 PM,40,14,26
12/10/2018 09:00:00 AM,67,11,56
12/19/2018 01:00:00 AM,0,0,0
12/13/2018 10:00:00 AM,20,3,17
12/30/2018 10:00:00 PM,0,0,0
12/17/2018 07:00:00 PM,13,6,7
12/21/2018 01:00:00 AM,0,0,0
12/23/2018 01:00:00 PM,0,0,0
12/18/2018 07:00:00 AM,37,7,30
12/24/2018 08:00:00 PM,0,0,0
12/20/2018 09:00:00 AM,0,0,0
12/01/2018 08:00:00 PM,11,4,7
12/08/2018 06:00:00 PM,21,13,8
12/16/2018 06:00:00 PM,17,9,8
12/23/2018 05:00:00 PM,0,0,0
12/18/2018 08:00:00 PM,0,0,0
12/17/2018 01:00:00 PM,20,7,13
12/08/2018 05:00:00 AM,0,0,0
12/29/2018 10:00:00 PM,0,0,0
12/06/2018 11:00:00 PM,11,5,6
12/23/2018 06:00:00 AM,0,0,0
12/29/2018 01:00:00 PM,0,0,0
12/26/2018 12:00:00 AM,0,0,0
12/24/2018 12:00:00 AM,0,0,0
