Date,2nd Ave Cycletrack,NB,SB
12/31/2018 11:00:00 PM,7,3,4
12/31/2018 10:00:00 PM,13,7,6
12/31/2018 09:00:00 PM,7,3,4
12/31/2018 08:00:00 PM,9,3,6
12/31/2018 07:00:00 PM,8,4,4
12/31/2018 06:00:00 PM,18,10,8
12/31/2018 05:00:00 PM,41,12,29
12/31/2018 04:00:00 PM,41,16,25
12/31/2018 03:00:00 PM,39,19,20
12/31/2018 02:00:00 PM,40,15,25
12/31/2018 01:00:00 PM,24,13,11
12/31/2018 12:00:00 PM,25,15,10
12/31/2018 11:00:00 AM,32,12,20
12/31/2018 10:00:00 AM,24,11,13
12/31/2018 09:00:00 AM,26,10,16
12/31/2018 08:00:00 AM,35,22,13
12/31/2018 07:00:00 AM,15,8,7
12/31/2018 06:00:00 AM,12,7,5
12/31/2018 05:00:00 AM,11,8,3
12/31/2018 04:00:00 AM,1,0,1
12/31/2018 03:00:00 AM,2,0,2
12/31/2018 02:00:00 AM,0,0,0
12/31/2018 01:00:00 AM,0,0,0
12/31/2018 12:00:00 AM,6,5,1
12/30/2018 11:00:00 PM,6,3,3
12/30/2018 10:00:00 PM,8,3,5
12/30/2018 09:00:00 PM,8,5,3
12/30/2018 08:00:00 PM,4,1,3
12/30/2018 07:00:00 PM,9,4,5
12/30/2018 06:00:00 PM,16,9,7
12/30/2018 05:00:00 PM,38,25,13
12/30/2018 04:00:00 PM,39,27,12
12/30/2018 03:00:00 PM,27,10,17
12/30/2018 02:00:00 PM,37,26,11
12/30/2018 01:00:00 PM,33,11,22
12/30/2018 12:00:00 PM,48,12,36
12/30/2018 11:00:00 AM,29,8,21
12/30/2018 10:00:00 AM,18,10,8
12/30/2018 09:00:00 AM,3,2,1
12/30/2018 08:00:00 AM,7,5,2
12/30/2018 07:00:00 AM,4,2,2
12/30/2018 06:00:00 AM,1,0,1
12/30/2018 05:00:00 AM,2,2,0
12/30/2018 04:00:00 AM,1,0,1
12/30/2018 03:00:00 AM,2,0,2
12/30/2018 02:00:00 AM,3,1,2
12/30/2018 01:00:00 AM,0,0,0
12/30/2018 12:00:00 AM,1,1,0
12/29/2018 11:00:00 PM,1,1,0
12/29/2018 10:00:00 PM,1,1,0
12/29/2018 09:00:00 PM,0,0,0
12/29/2018 08:00:00 PM,2,1,1
12/29/2018 07:00:00 PM,4,2,2
12/29/2018 06:00:00 PM,7,3,4
12/29/2018 05:00:00 PM,8,3,5
12/29/2018 04:00:00 PM,11,6,5
12/29/2018 03:00:00 PM,3,1,2
12/29/2018 02:00:00 PM,13,3,10
12/29/2018 01:00:00 PM,11,7,4
12/29/2018 12:00:00 PM,7,4,3
12/29/2018 11:00:00 AM,7,5,2
12/29/2018 10:00:00 AM,7,3,4
12/29/2018 09:00:00 AM,8,4,4
12/29/2018 08:00:00 AM,6,4,2
12/29/2018 07:00:00 AM,4,2,2
12/29/2018 06:00:00 AM,1,0,1
12/29/2018 05:00:00 AM,3,1,2
12/29/2018 04:00:00 AM,0,0,0
12/29/2018 03:00:00 AM,0,0,0
12/29/2018 02:00:00 AM,2,1,1
12/29/2018 01:00:00 AM,1,0,1
12/29/2018 12:00:00 AM,5,2,3
12/28/2018 11:00:00 PM,3,2,1
12/28/2018 10:00:00 PM,9,6,3
12/28/2018 09:00:00 PM,2,2,0
12/28/2018 08:00:00 PM,8,3,5
12/28/2018 07:00:00 PM,7,0,7
12/28/2018 06:00:00 PM,18,7,11
12/28/2018 05:00:00 PM,40,16,24
12/28/2018 04:00:00 PM,46,14,32
12/28/2018 03:00:00 PM,24,10,14
12/28/2018 02:00:00 PM,20,9,11
12/28/2018 01:00:00 PM,16,8,8
12/28/2018 12:00:00 PM,12,8,4
12/28/2018 11:00:00 AM,17,10,7
12/28/2018 10:00:00 AM,11,8,3
12/28/2018 09:00:00 AM,19,4,15
12/28/2018 08:00:00 AM,27,14,13
12/28/2018 07:00:00 AM,21,15,6
12/28/2018 06:00:00 AM,8,6,2
12/28/2018 05:00:00 AM,3,2,1
12/28/2018 04:00:00 AM,0,0,0
12/28/2018 03:00:00 AM,1,0,1
12/28/2018 02:00:00 AM,1,0,1
12/28/2018 01:00:00 AM,4,0,4
12/28/2018 12:00:00 AM,4,2,2
12/27/2018 11:00:00 PM,6,3,3
12/27/2018 10:00:00 PM,11,5,6
12/27/2018 09:00:00 PM,7,3,4
12/27/2018 08:00:00 PM,10,4,6
12/27/2018 07:00:00 PM,11,9,2
12/27/2018 06:00:00 PM,23,8,15
12/27/2018 05:00:00 PM,62,27,35
12/27/2018 04:00:00 PM,48,18,30
12/27/2018 03:00:00 PM,51,16,35
12/27/2018 02:00:00 PM,29,14,15
12/27/2018 01:00:00 PM,35,13,22
12/27/2018 12:00:00 PM,19,9,10
12/27/2018 11:00:00 AM,21,7,14
12/27/2018 10:00:00 AM,19,9,10
12/27/2018 09:00:00 AM,32,5,27
12/27/2018 08:00:00 AM,43,21,22
12/27/2018 07:00:00 AM,28,15,13
12/27/2018 06:00:00 AM,14,6,8
12/27/2018 05:00:00 AM,6,5,1
12/27/2018 04:00:00 AM,1,0,1
12/27/2018 03:00:00 AM,1,1,0
12/27/2018 02:00:00 AM,0,0,0
12/27/2018 01:00:00 AM,2,0,2
12/27/2018 12:00:00 AM,1,1,0
12/26/2018 11:00:00 PM,1,1,0
12/26/2018 10:00:00 PM,2,1,1
12/26/2018 09:00:00 PM,5,2,3
12/26/2018 08:00:00 PM,7,4,3
12/26/2018 07:00:00 PM,10,3,7
12/26/2018 06:00:00 PM,15,4,11
12/26/2018 05:00:00 PM,42,17,25
12/26/2018 04:00:00 PM,41,16,25
12/26/2018 03:00:00 PM,24,5,19
12/26/2018 02:00:00 PM,29,15,14
12/26/2018 01:00:00 PM,20,10,10
12/26/2018 12:00:00 PM,17,9,8
12/26/2018 11:00:00 AM,13,9,4
12/26/2018 10:00:00 AM,13,6,7
12/26/2018 09:00:00 AM,16,9,7
12/26/2018 08:00:00 AM,33,16,17
12/26/2018 07:00:00 AM,20,14,6
12/26/2018 06:00:00 AM,10,4,6
12/26/2018 05:00:00 AM,9,5,4
12/26/2018 04:00:00 AM,0,0,0
12/26/2018 03:00:00 AM,2,1,1
12/26/2018 02:00:00 AM,0,0,0
12/26/2018 01:00:00 AM,0,0,0
12/26/2018 12:00:00 AM,2,0,2
12/25/2018 11:00:00 PM,2,1,1
12/25/2018 10:00:00 PM,1,0,1
12/25/2018 09:00:00 PM,1,1,0
12/25/2018 08:00:00 PM,6,2,4
12/25/2018 07:00:00 PM,5,2,3
12/25/2018 06:00:00 PM,2,1,1
12/25/2018 05:00:00 PM,0,0,0
12/25/2018 04:00:00 PM,5,3,2
12/25/2018 03:00:00 PM,9,6,3
12/25/2018 02:00:00 PM,4,2,2
12/25/2018 01:00:00 PM,13,9,4
12/25/2018 12:00:00 PM,2,2,0
12/25/2018 11:00:00 AM,6,4,2
12/25/2018 10:00:00 AM,4,4,0
12/25/2018 09:00:00 AM,2,1,1
12/25/2018 08:00:00 AM,1,1,0
12/25/2018 07:00:00 AM,1,0,1
12/25/2018 06:00:00 AM,2,1,1
12/25/2018 05:00:00 AM,1,0,1
12/25/2018 04:00:00 AM,1,1,0
12/25/2018 03:00:00 AM,0,0,0
12/25/2018 02:00:00 AM,3,1,2
12/25/2018 01:00:00 AM,1,0,1
12/25/2018 12:00:00 AM,0,0,0
12/24/2018 11:00:00 PM,3,0,3
12/24/2018 10:00:00 PM,1,0,1
12/24/2018 09:00:00 PM,1,1,0
12/24/2018 08:00:00 PM,13,2,11
12/24/2018 07:00:00 PM,4,1,3
12/24/2018 06:00:00 PM,5,3,2
12/24/2018 05:00:00 PM,10,3,7
12/24/2018 04:00:00 PM,14,4,10
12/24/2018 03:00:00 PM,15,5,10
12/24/2018 02:00:00 PM,22,11,11
12/24/2018 01:00:00 PM,26,10,16
12/24/2018 12:00:00 PM,21,9,12
12/24/2018 11:00:00 AM,21,9,12
12/24/2018 10:00:00 AM,11,2,9
12/24/2018 09:00:00 AM,9,7,2
12/24/2018 08:00:00 AM,10,8,2
12/24/2018 07:00:00 AM,10,4,6
12/24/2018 06:00:00 AM,9,5,4
12/24/2018 05:00:00 AM,2,2,0
12/24/2018 04:00:00 AM,0,0,0
12/24/2018 03:00:00 AM,0,0,0
12/24/2018 02:00:00 AM,2,2,0
12/24/2018 01:00:00 AM,1,0,1
12/24/2018 12:00:00 AM,3,0,3
12/23/2018 11:00:00 PM,4,3,1
12/23/2018 10:00:00 PM,15,7,8
12/23/2018 09:00:00 PM,27,19,8
12/23/2018 08:00:00 PM,19,14,5
12/23/2018 07:00:00 PM,9,2,7
12/23/2018 06:00:00 PM,10,6,4
12/23/2018 05:00:00 PM,19,8,11
12/23/2018 04:00:00 PM,22,4,18
12/23/2018 03:00:00 PM,18,10,8
12/23/2018 02:00:00 PM,21,4,17
12/23/2018 01:00:00 PM,11,6,5
12/23/2018 12:00:00 PM,15,6,9
12/23/2018 11:00:00 AM,7,6,1
12/23/2018 10:00:00 AM,11,4,7
12/23/2018 09:00:00 AM,5,4,1
12/23/2018 08:00:00 AM,4,4,0
12/23/2018 07:00:00 AM,3,1,2
12/23/2018 06:00:00 AM,4,2,2
12/23/2018 05:00:00 AM,0,0,0
12/23/2018 04:00:00 AM,1,0,1
12/23/2018 03:00:00 AM,0,0,0
12/23/2018 02:00:00 AM,2,1,1
12/23/2018 01:00:00 AM,3,2,1
12/23/2018 12:00:00 AM,3,2,1
12/22/2018 11:00:00 PM,3,1,2
12/22/2018 10:00:00 PM,7,5,2
12/22/2018 09:00:00 PM,12,2,10
12/22/2018 08:00:00 PM,6,5,1
12/22/2018 07:00:00 PM,6,4,2
12/22/2018 06:00:00 PM,16,10,6
12/22/2018 05:00:00 PM,10,4,6
12/22/2018 04:00:00 PM,15,5,10
12/22/2018 03:00:00 PM,15,4,11
12/22/2018 02:00:00 PM,17,8,9
12/22/2018 01:00:00 PM,26,14,12
12/22/2018 12:00:00 PM,15,9,6
12/22/2018 11:00:00 AM,11,5,6
12/22/2018 10:00:00 AM,17,7,10
12/22/2018 09:00:00 AM,6,3,3
12/22/2018 08:00:00 AM,6,3,3
12/22/2018 07:00:00 AM,4,2,2
12/22/2018 06:00:00 AM,3,1,2
12/22/2018 05:00:00 AM,0,0,0
12/22/2018 04:00:00 AM,0,0,0
12/22/2018 03:00:00 AM,0,0,0
12/22/2018 02:00:00 AM,2,2,0
12/22/2018 01:00:00 AM,6,3,3
12/22/2018 12:00:00 AM,4,2,2
12/21/2018 11:00:00 PM,6,2,4
12/21/2018 10:00:00 PM,10,6,4
12/21/2018 09:00:00 PM,7,1,6
12/21/2018 08:00:00 PM,12,5,7
12/21/2018 07:00:00 PM,14,8,6
12/21/2018 06:00:00 PM,35,13,22
12/21/2018 05:00:00 PM,93,42,51
12/21/2018 04:00:00 PM,104,28,76
12/21/2018 03:00:00 PM,84,31,53
12/21/2018 02:00:00 PM,45,19,26
12/21/2018 01:00:00 PM,63,32,31
12/21/2018 12:00:00 PM,54,33,21
12/21/2018 11:00:00 AM,40,23,17
12/21/2018 10:00:00 AM,29,13,16
12/21/2018 09:00:00 AM,52,27,25
12/21/2018 08:00:00 AM,77,38,39
12/21/2018 07:00:00 AM,42,21,21
12/21/2018 06:00:00 AM,16,10,6
12/21/2018 05:00:00 AM,4,3,1
12/21/2018 04:00:00 AM,1,0,1
12/21/2018 03:00:00 AM,1,0,1
12/21/2018 02:00:00 AM,1,1,0
12/21/2018 01:00:00 AM,2,0,2
12/21/2018 12:00:00 AM,3,2,1
12/20/2018 11:00:00 PM,7,5,2
12/20/2018 10:00:00 PM,8,5,3
12/20/2018 09:00:00 PM,5,1,4
12/20/2018 08:00:00 PM,17,7,10
12/20/2018 07:00:00 PM,19,11,8
12/20/2018 06:00:00 PM,45,17,28
12/20/2018 05:00:00 PM,98,33,65
12/20/2018 04:00:00 PM,78,26,52
12/20/2018 03:00:00 PM,37,13,24
12/20/2018 02:00:00 PM,34,9,25
12/20/2018 01:00:00 PM,19,5,14
12/20/2018 12:00:00 PM,25,16,9
12/20/2018 11:00:00 AM,20,8,12
12/20/2018 10:00:00 AM,13,4,9
12/20/2018 09:00:00 AM,32,18,14
12/20/2018 08:00:00 AM,75,40,35
12/20/2018 07:00:00 AM,37,23,14
12/20/2018 06:00:00 AM,17,13,4
12/20/2018 05:00:00 AM,10,9,1
12/20/2018 04:00:00 AM,0,0,0
12/20/2018 03:00:00 AM,1,1,0
12/20/2018 02:00:00 AM,0,0,0
12/20/2018 01:00:00 AM,4,1,3
12/20/2018 12:00:00 AM,14,10,4
12/19/2018 11:00:00 PM,3,2,1
12/19/2018 10:00:00 PM,15,5,10
12/19/2018 09:00:00 PM,8,5,3
12/19/2018 08:00:00 PM,12,8,4
12/19/2018 07:00:00 PM,30,14,16
12/19/2018 06:00:00 PM,78,29,49
12/19/2018 05:00:00 PM,127,40,87
12/19/2018 04:00:00 PM,96,34,62
12/19/2018 03:00:00 PM,55,22,33
12/19/2018 02:00:00 PM,37,13,24
12/19/2018 01:00:00 PM,29,14,15
12/19/2018 12:00:00 PM,35,13,22
12/19/2018 11:00:00 AM,28,16,12
12/19/2018 10:00:00 AM,17,8,9
12/19/2018 09:00:00 AM,60,27,33
12/19/2018 08:00:00 AM,111,49,62
12/19/2018 07:00:00 AM,55,31,24
12/19/2018 06:00:00 AM,28,14,14
12/19/2018 05:00:00 AM,12,10,2
12/19/2018 04:00:00 AM,1,1,0
12/19/2018 03:00:00 AM,1,0,1
12/19/2018 02:00:00 AM,2,0,2
12/19/2018 01:00:00 AM,2,1,1
12/19/2018 12:00:00 AM,1,1,0
12/18/2018 11:00:00 PM,1,0,1
12/18/2018 10:00:00 PM,5,2,3
12/18/2018 09:00:00 PM,5,2,3
12/18/2018 08:00:00 PM,10,5,5
12/18/2018 07:00:00 PM,23,7,16
12/18/2018 06:00:00 PM,55,17,38
12/18/2018 05:00:00 PM,95,31,64
12/18/2018 04:00:00 PM,67,20,47
12/18/2018 03:00:00 PM,39,15,24
12/18/2018 02:00:00 PM,25,13,12
12/18/2018 01:00:00 PM,26,15,11
12/18/2018 12:00:00 PM,39,16,23
12/18/2018 11:00:00 AM,27,11,16
12/18/2018 10:00:00 AM,31,15,16
12/18/2018 09:00:00 AM,54,24,30
12/18/2018 08:00:00 AM,76,34,42
12/18/2018 07:00:00 AM,52,36,16
12/18/2018 06:00:00 AM,30,17,13
12/18/2018 05:00:00 AM,4,3,1
12/18/2018 04:00:00 AM,0,0,0
12/18/2018 03:00:00 AM,0,0,0
12/18/2018 02:00:00 AM,0,0,0
12/18/2018 01:00:00 AM,4,1,3
12/18/2018 12:00:00 AM,4,3,1
12/17/2018 11:00:00 PM,0,0,0
12/17/2018 10:00:00 PM,2,1,1
12/17/2018 09:00:00 PM,3,3,0
12/17/2018 08:00:00 PM,5,1,4
12/17/2018 07:00:00 PM,22,9,13
12/17/2018 06:00:00 PM,56,18,38
12/17/2018 05:00:00 PM,132,51,81
12/17/2018 04:00:00 PM,91,26,65
12/17/2018 03:00:00 PM,51,20,31
12/17/2018 02:00:00 PM,34,15,19
12/17/2018 01:00:00 PM,35,20,15
12/17/2018 12:00:00 PM,48,26,22
12/17/2018 11:00:00 AM,37,23,14
12/17/2018 10:00:00 AM,36,15,21
12/17/2018 09:00:00 AM,74,31,43
12/17/2018 08:00:00 AM,94,47,47
12/17/2018 07:00:00 AM,70,41,29
12/17/2018 06:00:00 AM,34,19,15
12/17/2018 05:00:00 AM,13,12,1
12/17/2018 04:00:00 AM,2,2,0
12/17/2018 03:00:00 AM,0,0,0
12/17/2018 02:00:00 AM,1,1,0
12/17/2018 01:00:00 AM,0,0,0
12/17/2018 12:00:00 AM,3,2,1
12/16/2018 11:00:00 PM,3,1,2
12/16/2018 10:00:00 PM,2,0,2
12/16/2018 09:00:00 PM,3,2,1
12/16/2018 08:00:00 PM,1,0,1
12/16/2018 07:00:00 PM,0,0,0
12/16/2018 06:00:00 PM,10,6,4
12/16/2018 05:00:00 PM,11,6,5
12/16/2018 04:00:00 PM,8,3,5
12/16/2018 03:00:00 PM,11,6,5
12/16/2018 02:00:00 PM,9,5,4
12/16/2018 01:00:00 PM,10,6,4
12/16/2018 12:00:00 PM,12,6,6
12/16/2018 11:00:00 AM,9,5,4
12/16/2018 10:00:00 AM,8,7,1
12/16/2018 09:00:00 AM,4,3,1
12/16/2018 08:00:00 AM,4,3,1
12/16/2018 07:00:00 AM,2,1,1
12/16/2018 06:00:00 AM,2,1,1
12/16/2018 05:00:00 AM,4,2,2
12/16/2018 04:00:00 AM,0,0,0
12/16/2018 03:00:00 AM,0,0,0
12/16/2018 02:00:00 AM,1,1,0
12/16/2018 01:00:00 AM,3,1,2
12/16/2018 12:00:00 AM,5,1,4
12/15/2018 11:00:00 PM,5,3,2
12/15/2018 10:00:00 PM,8,4,4
12/15/2018 09:00:00 PM,9,3,6
12/15/2018 08:00:00 PM,11,8,3
12/15/2018 07:00:00 PM,20,11,9
12/15/2018 06:00:00 PM,21,8,13
12/15/2018 05:00:00 PM,25,11,14
12/15/2018 04:00:00 PM,24,11,13
12/15/2018 03:00:00 PM,40,17,23
12/15/2018 02:00:00 PM,32,10,22
12/15/2018 01:00:00 PM,39,22,17
12/15/2018 12:00:00 PM,23,11,12
12/15/2018 11:00:00 AM,28,9,19
12/15/2018 10:00:00 AM,8,7,1
12/15/2018 09:00:00 AM,5,2,3
12/15/2018 08:00:00 AM,7,4,3
12/15/2018 07:00:00 AM,5,4,1
12/15/2018 06:00:00 AM,3,2,1
12/15/2018 05:00:00 AM,2,2,0
12/15/2018 04:00:00 AM,0,0,0
12/15/2018 03:00:00 AM,1,1,0
12/15/2018 02:00:00 AM,0,0,0
12/15/2018 01:00:00 AM,2,1,1
12/15/2018 12:00:00 AM,5,2,3
12/14/2018 11:00:00 PM,1,1,0
12/14/2018 10:00:00 PM,7,2,5
12/14/2018 09:00:00 PM,10,4,6
12/14/2018 08:00:00 PM,10,5,5
12/14/2018 07:00:00 PM,20,9,11
12/14/2018 06:00:00 PM,36,14,22
12/14/2018 05:00:00 PM,108,39,69
12/14/2018 04:00:00 PM,119,45,74
12/14/2018 03:00:00 PM,55,21,34
12/14/2018 02:00:00 PM,44,15,29
12/14/2018 01:00:00 PM,41,17,24
12/14/2018 12:00:00 PM,54,27,27
12/14/2018 11:00:00 AM,30,14,16
12/14/2018 10:00:00 AM,31,14,17
12/14/2018 09:00:00 AM,50,26,24
12/14/2018 08:00:00 AM,95,45,50
12/14/2018 07:00:00 AM,57,34,23
12/14/2018 06:00:00 AM,23,14,9
12/14/2018 05:00:00 AM,10,9,1
12/14/2018 04:00:00 AM,1,0,1
12/14/2018 03:00:00 AM,5,3,2
12/14/2018 02:00:00 AM,1,1,0
12/14/2018 01:00:00 AM,2,0,2
12/14/2018 12:00:00 AM,1,0,1
12/13/2018 11:00:00 PM,2,0,2
12/13/2018 10:00:00 PM,4,3,1
12/13/2018 09:00:00 PM,7,3,4
12/13/2018 08:00:00 PM,10,3,7
12/13/2018 07:00:00 PM,29,15,14
12/13/2018 06:00:00 PM,64,24,40
12/13/2018 05:00:00 PM,124,40,84
12/13/2018 04:00:00 PM,92,22,70
12/13/2018 03:00:00 PM,54,21,33
12/13/2018 02:00:00 PM,28,14,14
12/13/2018 01:00:00 PM,15,8,7
12/13/2018 12:00:00 PM,24,9,15
12/13/2018 11:00:00 AM,26,14,12
12/13/2018 10:00:00 AM,18,5,13
12/13/2018 09:00:00 AM,59,31,28
12/13/2018 08:00:00 AM,86,40,46
12/13/2018 07:00:00 AM,60,32,28
12/13/2018 06:00:00 AM,23,14,9
12/13/2018 05:00:00 AM,8,7,1
12/13/2018 04:00:00 AM,1,0,1
12/13/2018 03:00:00 AM,2,0,2
12/13/2018 02:00:00 AM,3,2,1
12/13/2018 01:00:00 AM,3,2,1
12/13/2018 12:00:00 AM,4,0,4
12/12/2018 11:00:00 PM,3,0,3
12/12/2018 10:00:00 PM,6,3,3
12/12/2018 09:00:00 PM,7,2,5
12/12/2018 08:00:00 PM,15,7,8
12/12/2018 07:00:00 PM,25,6,19
12/12/2018 06:00:00 PM,57,23,34
12/12/2018 05:00:00 PM,141,55,86
12/12/2018 04:00:00 PM,102,35,67
12/12/2018 03:00:00 PM,42,18,24
12/12/2018 02:00:00 PM,23,11,12
12/12/2018 01:00:00 PM,26,12,14
12/12/2018 12:00:00 PM,43,21,22
12/12/2018 11:00:00 AM,35,16,19
12/12/2018 10:00:00 AM,33,10,23
12/12/2018 09:00:00 AM,61,31,30
12/12/2018 08:00:00 AM,103,50,53
12/12/2018 07:00:00 AM,72,43,29
12/12/2018 06:00:00 AM,33,17,16
12/12/2018 05:00:00 AM,8,6,2
12/12/2018 04:00:00 AM,3,1,2
12/12/2018 03:00:00 AM,1,0,1
12/12/2018 02:00:00 AM,3,2,1
12/12/2018 01:00:00 AM,3,0,3
12/12/2018 12:00:00 AM,2,1,1
12/11/2018 11:00:00 PM,3,1,2
12/11/2018 10:00:00 PM,10,7,3
12/11/2018 09:00:00 PM,10,6,4
12/11/2018 08:00:00 PM,9,4,5
12/11/2018 07:00:00 PM,28,14,14
12/11/2018 06:00:00 PM,54,13,41
12/11/2018 05:00:00 PM,124,40,84
12/11/2018 04:00:00 PM,91,31,60
12/11/2018 03:00:00 PM,25,12,13
12/11/2018 02:00:00 PM,15,8,7
12/11/2018 01:00:00 PM,14,7,7
12/11/2018 12:00:00 PM,14,9,5
12/11/2018 11:00:00 AM,21,8,13
12/11/2018 10:00:00 AM,26,13,13
12/11/2018 09:00:00 AM,49,24,25
12/11/2018 08:00:00 AM,87,49,38
12/11/2018 07:00:00 AM,56,34,22
12/11/2018 06:00:00 AM,29,15,14
12/11/2018 05:00:00 AM,6,3,3
12/11/2018 04:00:00 AM,2,1,1
12/11/2018 03:00:00 AM,2,1,1
12/11/2018 02:00:00 AM,0,0,0
12/11/2018 01:00:00 AM,0,0,0
12/11/2018 12:00:00 AM,5,2,3
12/10/2018 11:00:00 PM,3,2,1
12/10/2018 10:00:00 PM,5,3,2
12/10/2018 09:00:00 PM,19,7,12
12/10/2018 08:00:00 PM,76,63,13
12/10/2018 07:00:00 PM,29,17,12
12/10/2018 06:00:00 PM,62,28,34
12/10/2018 05:00:00 PM,179,59,120
12/10/2018 04:00:00 PM,217,57,160
12/10/2018 03:00:00 PM,106,28,78
12/10/2018 02:00:00 PM,40,16,24
12/10/2018 01:00:00 PM,33,17,16
12/10/2018 12:00:00 PM,39,15,24
12/10/2018 11:00:00 AM,25,13,12
12/10/2018 10:00:00 AM,26,15,11
12/10/2018 09:00:00 AM,74,35,39
12/10/2018 08:00:00 AM,119,59,60
12/10/2018 07:00:00 AM,73,44,29
12/10/2018 06:00:00 AM,40,25,15
12/10/2018 05:00:00 AM,10,7,3
12/10/2018 04:00:00 AM,2,1,1
12/10/2018 03:00:00 AM,0,0,0
12/10/2018 02:00:00 AM,0,0,0
12/10/2018 01:00:00 AM,0,0,0
12/10/2018 12:00:00 AM,3,2,1
12/09/2018 11:00:00 PM,2,1,1
12/09/2018 10:00:00 PM,7,3,4
12/09/2018 09:00:00 PM,4,1,3
12/09/2018 08:00:00 PM,5,0,5
12/09/2018 07:00:00 PM,4,2,2
12/09/2018 06:00:00 PM,7,2,5
12/09/2018 05:00:00 PM,8,5,3
12/09/2018 04:00:00 PM,6,1,5
12/09/2018 03:00:00 PM,6,3,3
12/09/2018 02:00:00 PM,4,1,3
12/09/2018 01:00:00 PM,1,0,1
12/09/2018 12:00:00 PM,10,6,4
12/09/2018 11:00:00 AM,1,0,1
12/09/2018 10:00:00 AM,7,4,3
12/09/2018 09:00:00 AM,5,2,3
12/09/2018 08:00:00 AM,5,1,4
12/09/2018 07:00:00 AM,3,3,0
12/09/2018 06:00:00 AM,2,2,0
12/09/2018 05:00:00 AM,1,1,0
12/09/2018 04:00:00 AM,1,1,0
12/09/2018 03:00:00 AM,0,0,0
12/09/2018 02:00:00 AM,1,0,1
12/09/2018 01:00:00 AM,2,1,1
12/09/2018 12:00:00 AM,5,2,3
12/08/2018 11:00:00 PM,0,0,0
12/08/2018 10:00:00 PM,6,3,3
12/08/2018 09:00:00 PM,12,5,7
12/08/2018 08:00:00 PM,4,2,2
12/08/2018 07:00:00 PM,8,4,4
12/08/2018 06:00:00 PM,17,5,12
12/08/2018 05:00:00 PM,21,6,15
12/08/2018 04:00:00 PM,21,11,10
12/08/2018 03:00:00 PM,28,15,13
12/08/2018 02:00:00 PM,26,10,16
12/08/2018 01:00:00 PM,27,13,14
12/08/2018 12:00:00 PM,27,17,10
12/08/2018 11:00:00 AM,17,6,11
12/08/2018 10:00:00 AM,18,9,9
12/08/2018 09:00:00 AM,13,5,8
12/08/2018 08:00:00 AM,4,3,1
12/08/2018 07:00:00 AM,5,4,1
12/08/2018 06:00:00 AM,1,1,0
12/08/2018 05:00:00 AM,1,1,0
12/08/2018 04:00:00 AM,0,0,0
12/08/2018 03:00:00 AM,0,0,0
12/08/2018 02:00:00 AM,3,1,2
12/08/2018 01:00:00 AM,4,3,1
12/08/2018 12:00:00 AM,6,3,3
12/07/2018 11:00:00 PM,7,3,4
12/07/2018 10:00:00 PM,6,1,5
12/07/2018 09:00:00 PM,10,6,4
12/07/2018 08:00:00 PM,15,8,7
12/07/2018 07:00:00 PM,30,11,19
12/07/2018 06:00:00 PM,68,23,45
12/07/2018 05:00:00 PM,109,39,70
12/07/2018 04:00:00 PM,105,35,70
12/07/2018 03:00:00 PM,56,26,30
12/07/2018 02:00:00 PM,44,18,26
12/07/2018 01:00:00 PM,43,26,17
12/07/2018 12:00:00 PM,56,32,24
12/07/2018 11:00:00 AM,39,28,11
12/07/2018 10:00:00 AM,35,19,16
12/07/2018 09:00:00 AM,51,18,33
12/07/2018 08:00:00 AM,94,42,52
12/07/2018 07:00:00 AM,57,34,23
12/07/2018 06:00:00 AM,26,15,11
12/07/2018 05:00:00 AM,11,8,3
12/07/2018 04:00:00 AM,0,0,0
12/07/2018 03:00:00 AM,2,0,2
12/07/2018 02:00:00 AM,1,0,1
12/07/2018 01:00:00 AM,2,1,1
12/07/2018 12:00:00 AM,2,1,1
12/06/2018 11:00:00 PM,5,1,4
12/06/2018 10:00:00 PM,10,4,6
12/06/2018 09:00:00 PM,10,4,6
12/06/2018 08:00:00 PM,26,14,12
12/06/2018 07:00:00 PM,34,23,11
12/06/2018 06:00:00 PM,87,38,49
12/06/2018 05:00:00 PM,138,44,94
12/06/2018 04:00:00 PM,124,32,92
12/06/2018 03:00:00 PM,59,34,25
12/06/2018 02:00:00 PM,47,24,23
12/06/2018 01:00:00 PM,44,24,20
12/06/2018 12:00:00 PM,37,19,18
12/06/2018 11:00:00 AM,23,11,12
12/06/2018 10:00:00 AM,35,21,14
12/06/2018 09:00:00 AM,72,32,40
12/06/2018 08:00:00 AM,93,45,48
12/06/2018 07:00:00 AM,54,33,21
12/06/2018 06:00:00 AM,34,13,21
12/06/2018 05:00:00 AM,11,9,2
12/06/2018 04:00:00 AM,0,0,0
12/06/2018 03:00:00 AM,1,0,1
12/06/2018 02:00:00 AM,1,1,0
12/06/2018 01:00:00 AM,1,0,1
12/06/2018 12:00:00 AM,2,1,1
12/05/2018 11:00:00 PM,2,0,2
12/05/2018 10:00:00 PM,12,4,8
12/05/2018 09:00:00 PM,14,8,6
12/05/2018 08:00:00 PM,14,7,7
12/05/2018 07:00:00 PM,21,8,13
12/05/2018 06:00:00 PM,72,35,37
12/05/2018 05:00:00 PM,142,61,81
12/05/2018 04:00:00 PM,107,37,70
12/05/2018 03:00:00 PM,63,28,35
12/05/2018 02:00:00 PM,63,25,38
12/05/2018 01:00:00 PM,49,28,21
12/05/2018 12:00:00 PM,46,27,19
12/05/2018 11:00:00 AM,45,22,23
12/05/2018 10:00:00 AM,31,19,12
12/05/2018 09:00:00 AM,58,24,34
12/05/2018 08:00:00 AM,105,54,51
12/05/2018 07:00:00 AM,67,40,27
12/05/2018 06:00:00 AM,34,17,17
12/05/2018 05:00:00 AM,13,11,2
12/05/2018 04:00:00 AM,1,1,0
12/05/2018 03:00:00 AM,3,0,3
12/05/2018 02:00:00 AM,2,1,1
12/05/2018 01:00:00 AM,1,0,1
12/05/2018 12:00:00 AM,2,2,0
12/04/2018 11:00:00 PM,4,2,2
12/04/2018 10:00:00 PM,6,5,1
12/04/2018 09:00:00 PM,11,5,6
12/04/2018 08:00:00 PM,14,6,8
12/04/2018 07:00:00 PM,39,16,23
12/04/2018 06:00:00 PM,65,21,44
12/04/2018 05:00:00 PM,156,64,92
12/04/2018 04:00:00 PM,116,36,80
12/04/2018 03:00:00 PM,71,29,42
12/04/2018 02:00:00 PM,38,15,23
12/04/2018 01:00:00 PM,42,20,22
12/04/2018 12:00:00 PM,29,14,15
12/04/2018 11:00:00 AM,37,18,19
12/04/2018 10:00:00 AM,44,22,22
12/04/2018 09:00:00 AM,65,24,41
12/04/2018 08:00:00 AM,119,63,56
12/04/2018 07:00:00 AM,77,46,31
12/04/2018 06:00:00 AM,37,22,15
12/04/2018 05:00:00 AM,18,14,4
12/04/2018 04:00:00 AM,1,1,0
12/04/2018 03:00:00 AM,2,1,1
12/04/2018 02:00:00 AM,5,2,3
12/04/2018 01:00:00 AM,1,0,1
12/04/2018 12:00:00 AM,1,1,0
12/03/2018 11:00:00 PM,1,1,0
12/03/2018 10:00:00 PM,7,2,5
12/03/2018 09:00:00 PM,6,3,3
12/03/2018 08:00:00 PM,17,5,12
12/03/2018 07:00:00 PM,26,11,15
12/03/2018 06:00:00 PM,76,30,46
12/03/2018 05:00:00 PM,163,59,104
12/03/2018 04:00:00 PM,125,41,84
12/03/2018 03:00:00 PM,56,21,35
12/03/2018 02:00:00 PM,25,10,15
12/03/2018 01:00:00 PM,36,18,18
12/03/2018 12:00:00 PM,34,22,12
12/03/2018 11:00:00 AM,26,15,11
12/03/2018 10:00:00 AM,41,27,14
12/03/2018 09:00:00 AM,80,41,39
12/03/2018 08:00:00 AM,105,45,60
12/03/2018 07:00:00 AM,77,46,31
12/03/2018 06:00:00 AM,33,17,16
12/03/2018 05:00:00 AM,14,11,3
12/03/2018 04:00:00 AM,1,1,0
12/03/2018 03:00:00 AM,1,0,1
12/03/2018 02:00:00 AM,1,1,0
12/03/2018 01:00:00 AM,0,0,0
12/03/2018 12:00:00 AM,2,0,2
12/02/2018 11:00:00 PM,2,2,0
12/02/2018 10:00:00 PM,1,0,1
12/02/2018 09:00:00 PM,4,1,3
12/02/2018 08:00:00 PM,7,5,2
12/02/2018 07:00:00 PM,4,1,3
12/02/2018 06:00:00 PM,21,8,13
12/02/2018 05:00:00 PM,34,20,14
12/02/2018 04:00:00 PM,53,41,12
12/02/2018 03:00:00 PM,33,17,16
12/02/2018 02:00:00 PM,21,10,11
12/02/2018 01:00:00 PM,35,15,20
12/02/2018 12:00:00 PM,48,12,36
12/02/2018 11:00:00 AM,34,11,23
12/02/2018 10:00:00 AM,31,12,19
12/02/2018 09:00:00 AM,14,7,7
12/02/2018 08:00:00 AM,8,5,3
12/02/2018 07:00:00 AM,5,2,3
12/02/2018 06:00:00 AM,0,0,0
12/02/2018 05:00:00 AM,1,1,0
12/02/2018 04:00:00 AM,1,1,0
12/02/2018 03:00:00 AM,1,0,1
12/02/2018 02:00:00 AM,0,0,0
12/02/2018 01:00:00 AM,2,1,1
12/02/2018 12:00:00 AM,2,1,1
12/01/2018 11:00:00 PM,4,4,0
12/01/2018 10:00:00 PM,7,2,5
12/01/2018 09:00:00 PM,7,2,5
12/01/2018 08:00:00 PM,12,7,5
12/01/2018 07:00:00 PM,13,8,5
12/01/2018 06:00:00 PM,16,7,9
12/01/2018 05:00:00 PM,14,7,7
12/01/2018 04:00:00 PM,14,5,9
12/01/2018 03:00:00 PM,20,7,13
12/01/2018 02:00:00 PM,16,4,12
12/01/2018 01:00:00 PM,20,11,9
12/01/2018 12:00:00 PM,17,11,6
12/01/2018 11:00:00 AM,33,17,16
12/01/2018 10:00:00 AM,13,7,6
12/01/2018 09:00:00 AM,6,2,4
12/01/2018 08:00:00 AM,9,6,3
12/01/2018 07:00:00 AM,6,3,3
12/01/2018 06:00:00 AM,8,4,4
12/01/2018 05:00:00 AM,4,3,1
12/01/2018 04:00:00 AM,1,0,1
12/01/2018 03:00:00 AM,2,0,2
12/01/2018 02:00:00 AM,2,1,1
12/01/2018 01:00:00 AM,1,1,0
12/01/2018 12:00:00 AM,1,1,0
11/30/2018 11:00:00 PM,4,2,2
11/30/2018 10:00:00 PM,9,5,4
11/30/2018 09:00:00 PM,4,2,2
11/30/2018 08:00:00 PM,8,4,4
11/30/2018 07:00:00 PM,7,5,2
11/30/2018 06:00:00 PM,56,22,34
11/30/2018 05:00:00 PM,133,38,95
11/30/2018 04:00:00 PM,103,37,66
11/30/2018 03:00:00 PM,66,24,42
11/30/2018 02:00:00 PM,37,12,25
11/30/2018 01:00:00 PM,47,25,22
11/30/2018 12:00:00 PM,29,15,14
11/30/2018 11:00:00 AM,45,26,19
11/30/2018 10:00:00 AM,24,11,13
11/30/2018 09:00:00 AM,54,29,25
11/30/2018 08:00:00 AM,115,46,69
11/30/2018 07:00:00 AM,65,37,28
11/30/2018 06:00:00 AM,43,20,23
11/30/2018 05:00:00 AM,14,12,2
11/30/2018 04:00:00 AM,4,3,1
11/30/2018 03:00:00 AM,2,0,2
11/30/2018 02:00:00 AM,0,0,0
11/30/2018 01:00:00 AM,1,0,1
11/30/2018 12:00:00 AM,2,2,0
11/29/2018 11:00:00 PM,2,0,2
11/29/2018 10:00:00 PM,10,4,6
11/29/2018 09:00:00 PM,13,5,8
11/29/2018 08:00:00 PM,22,9,13
11/29/2018 07:00:00 PM,34,14,20
11/29/2018 06:00:00 PM,72,33,39
11/29/2018 05:00:00 PM,152,52,100
11/29/2018 04:00:00 PM,111,34,77
11/29/2018 03:00:00 PM,57,19,38
11/29/2018 02:00:00 PM,38,23,15
11/29/2018 01:00:00 PM,44,17,27
11/29/2018 12:00:00 PM,49,30,19
11/29/2018 11:00:00 AM,39,20,19
11/29/2018 10:00:00 AM,32,18,14
11/29/2018 09:00:00 AM,78,38,40
11/29/2018 08:00:00 AM,117,62,55
11/29/2018 07:00:00 AM,79,46,33
11/29/2018 06:00:00 AM,31,15,16
11/29/2018 05:00:00 AM,15,12,3
11/29/2018 04:00:00 AM,2,1,1
11/29/2018 03:00:00 AM,0,0,0
11/29/2018 02:00:00 AM,1,0,1
11/29/2018 01:00:00 AM,3,0,3
11/29/2018 12:00:00 AM,3,2,1
11/28/2018 11:00:00 PM,3,2,1
11/28/2018 10:00:00 PM,7,1,6
11/28/2018 09:00:00 PM,9,5,4
11/28/2018 08:00:00 PM,13,6,7
11/28/2018 07:00:00 PM,24,7,17
11/28/2018 06:00:00 PM,62,17,45
11/28/2018 05:00:00 PM,127,55,72
11/28/2018 04:00:00 PM,89,31,58
11/28/2018 03:00:00 PM,45,14,31
11/28/2018 02:00:00 PM,25,12,13
11/28/2018 01:00:00 PM,21,14,7
11/28/2018 12:00:00 PM,29,14,15
11/28/2018 11:00:00 AM,27,8,19
11/28/2018 10:00:00 AM,29,16,13
11/28/2018 09:00:00 AM,46,20,26
11/28/2018 08:00:00 AM,97,48,49
11/28/2018 07:00:00 AM,69,44,25
11/28/2018 06:00:00 AM,22,14,8
11/28/2018 05:00:00 AM,13,11,2
11/28/2018 04:00:00 AM,1,1,0
11/28/2018 03:00:00 AM,0,0,0
11/28/2018 02:00:00 AM,0,0,0
11/28/2018 01:00:00 AM,2,1,1
11/28/2018 12:00:00 AM,3,2,1
11/27/2018 11:00:00 PM,3,2,1
11/27/2018 10:00:00 PM,5,2,3
11/27/2018 09:00:00 PM,10,3,7
11/27/2018 08:00:00 PM,9,4,5
11/27/2018 07:00:00 PM,24,8,16
11/27/2018 06:00:00 PM,74,22,52
11/27/2018 05:00:00 PM,137,43,94
11/27/2018 04:00:00 PM,76,30,46
11/27/2018 03:00:00 PM,52,15,37
11/27/2018 02:00:00 PM,40,18,22
11/27/2018 01:00:00 PM,23,11,12
11/27/2018 12:00:00 PM,40,19,21
11/27/2018 11:00:00 AM,34,21,13
11/27/2018 10:00:00 AM,30,17,13
11/27/2018 09:00:00 AM,66,36,30
11/27/2018 08:00:00 AM,96,39,57
11/27/2018 07:00:00 AM,62,45,17
11/27/2018 06:00:00 AM,18,10,8
11/27/2018 05:00:00 AM,15,11,4
11/27/2018 04:00:00 AM,1,1,0
11/27/2018 03:00:00 AM,0,0,0
11/27/2018 02:00:00 AM,0,0,0
11/27/2018 01:00:00 AM,1,0,1
11/27/2018 12:00:00 AM,1,0,1
11/26/2018 11:00:00 PM,3,2,1
11/26/2018 10:00:00 PM,4,2,2
11/26/2018 09:00:00 PM,6,4,2
11/26/2018 08:00:00 PM,9,5,4
11/26/2018 07:00:00 PM,14,10,4
11/26/2018 06:00:00 PM,43,15,28
11/26/2018 05:00:00 PM,110,33,77
11/26/2018 04:00:00 PM,84,26,58
11/26/2018 03:00:00 PM,34,13,21
11/26/2018 02:00:00 PM,22,17,5
11/26/2018 01:00:00 PM,19,10,9
11/26/2018 12:00:00 PM,22,17,5
11/26/2018 11:00:00 AM,17,8,9
11/26/2018 10:00:00 AM,22,6,16
11/26/2018 09:00:00 AM,35,22,13
11/26/2018 08:00:00 AM,94,50,44
11/26/2018 07:00:00 AM,54,31,23
11/26/2018 06:00:00 AM,29,14,15
11/26/2018 05:00:00 AM,9,9,0
11/26/2018 04:00:00 AM,0,0,0
11/26/2018 03:00:00 AM,0,0,0
11/26/2018 02:00:00 AM,0,0,0
11/26/2018 01:00:00 AM,2,1,1
11/26/2018 12:00:00 AM,2,1,1
11/25/2018 11:00:00 PM,0,0,0
11/25/2018 10:00:00 PM,2,1,1
11/25/2018 09:00:00 PM,5,1,4
11/25/2018 08:00:00 PM,11,8,3
11/25/2018 07:00:00 PM,7,4,3
11/25/2018 06:00:00 PM,17,10,7
11/25/2018 05:00:00 PM,16,9,7
11/25/2018 04:00:00 PM,8,5,3
11/25/2018 03:00:00 PM,11,5,6
11/25/2018 02:00:00 PM,19,7,12
11/25/2018 01:00:00 PM,15,3,12
11/25/2018 12:00:00 PM,19,10,9
11/25/2018 11:00:00 AM,15,8,7
11/25/2018 10:00:00 AM,12,7,5
11/25/2018 09:00:00 AM,16,8,8
11/25/2018 08:00:00 AM,8,4,4
11/25/2018 07:00:00 AM,6,4,2
11/25/2018 06:00:00 AM,3,3,0
11/25/2018 05:00:00 AM,2,1,1
11/25/2018 04:00:00 AM,0,0,0
11/25/2018 03:00:00 AM,3,2,1
11/25/2018 02:00:00 AM,6,4,2
11/25/2018 01:00:00 AM,5,3,2
11/25/2018 12:00:00 AM,6,3,3
11/24/2018 11:00:00 PM,2,1,1
11/24/2018 10:00:00 PM,6,1,5
11/24/2018 09:00:00 PM,9,5,4
11/24/2018 08:00:00 PM,10,4,6
11/24/2018 07:00:00 PM,17,8,9
11/24/2018 06:00:00 PM,23,8,15
11/24/2018 05:00:00 PM,16,10,6
11/24/2018 04:00:00 PM,21,9,12
11/24/2018 03:00:00 PM,31,15,16
11/24/2018 02:00:00 PM,32,12,20
11/24/2018 01:00:00 PM,36,14,22
11/24/2018 12:00:00 PM,17,3,14
11/24/2018 11:00:00 AM,24,14,10
11/24/2018 10:00:00 AM,15,6,9
11/24/2018 09:00:00 AM,7,3,4
11/24/2018 08:00:00 AM,7,4,3
11/24/2018 07:00:00 AM,4,4,0
11/24/2018 06:00:00 AM,4,4,0
11/24/2018 05:00:00 AM,3,1,2
11/24/2018 04:00:00 AM,0,0,0
11/24/2018 03:00:00 AM,0,0,0
11/24/2018 02:00:00 AM,1,1,0
11/24/2018 01:00:00 AM,2,1,1
11/24/2018 12:00:00 AM,4,2,2
11/23/2018 11:00:00 PM,3,2,1
11/23/2018 10:00:00 PM,6,1,5
11/23/2018 09:00:00 PM,7,4,3
11/23/2018 08:00:00 PM,5,2,3
11/23/2018 07:00:00 PM,7,5,2
11/23/2018 06:00:00 PM,15,4,11
11/23/2018 05:00:00 PM,9,4,5
11/23/2018 04:00:00 PM,22,4,18
11/23/2018 03:00:00 PM,20,5,15
11/23/2018 02:00:00 PM,16,9,7
11/23/2018 01:00:00 PM,30,12,18
11/23/2018 12:00:00 PM,15,7,8
11/23/2018 11:00:00 AM,14,10,4
11/23/2018 10:00:00 AM,14,6,8
11/23/2018 09:00:00 AM,6,3,3
11/23/2018 08:00:00 AM,5,4,1
11/23/2018 07:00:00 AM,5,4,1
11/23/2018 06:00:00 AM,2,1,1
11/23/2018 05:00:00 AM,2,2,0
11/23/2018 04:00:00 AM,0,0,0
11/23/2018 03:00:00 AM,0,0,0
11/23/2018 02:00:00 AM,0,0,0
11/23/2018 01:00:00 AM,0,0,0
11/23/2018 12:00:00 AM,0,0,0
11/22/2018 11:00:00 PM,0,0,0
11/22/2018 10:00:00 PM,1,1,0
11/22/2018 09:00:00 PM,9,5,4
11/22/2018 08:00:00 PM,1,0,1
11/22/2018 07:00:00 PM,4,2,2
11/22/2018 06:00:00 PM,1,0,1
11/22/2018 05:00:00 PM,5,2,3
11/22/2018 04:00:00 PM,2,1,1
11/22/2018 03:00:00 PM,3,1,2
11/22/2018 02:00:00 PM,9,4,5
11/22/2018 01:00:00 PM,16,5,11
11/22/2018 12:00:00 PM,10,3,7
11/22/2018 11:00:00 AM,8,6,2
11/22/2018 10:00:00 AM,7,2,5
11/22/2018 09:00:00 AM,3,2,1
11/22/2018 08:00:00 AM,3,0,3
11/22/2018 07:00:00 AM,3,2,1
11/22/2018 06:00:00 AM,3,2,1
11/22/2018 05:00:00 AM,0,0,0
11/22/2018 04:00:00 AM,0,0,0
11/22/2018 03:00:00 AM,0,0,0
11/22/2018 02:00:00 AM,0,0,0
11/22/2018 01:00:00 AM,3,1,2
11/22/2018 12:00:00 AM,3,3,0
11/21/2018 11:00:00 PM,4,1,3
11/21/2018 10:00:00 PM,4,2,2
11/21/2018 09:00:00 PM,4,1,3
11/21/2018 08:00:00 PM,6,1,5
11/21/2018 07:00:00 PM,14,7,7
11/21/2018 06:00:00 PM,30,14,16
11/21/2018 05:00:00 PM,50,17,33
11/21/2018 04:00:00 PM,79,29,50
11/21/2018 03:00:00 PM,57,26,31
11/21/2018 02:00:00 PM,56,23,33
11/21/2018 01:00:00 PM,27,11,16
11/21/2018 12:00:00 PM,30,18,12
11/21/2018 11:00:00 AM,27,13,14
11/21/2018 10:00:00 AM,15,9,6
11/21/2018 09:00:00 AM,45,26,19
11/21/2018 08:00:00 AM,74,36,38
11/21/2018 07:00:00 AM,52,27,25
11/21/2018 06:00:00 AM,14,10,4
11/21/2018 05:00:00 AM,9,5,4
11/21/2018 04:00:00 AM,3,3,0
11/21/2018 03:00:00 AM,1,0,1
11/21/2018 02:00:00 AM,0,0,0
11/21/2018 01:00:00 AM,6,1,5
11/21/2018 12:00:00 AM,0,0,0
11/20/2018 11:00:00 PM,5,1,4
11/20/2018 10:00:00 PM,4,3,1
11/20/2018 09:00:00 PM,9,5,4
11/20/2018 08:00:00 PM,18,8,10
11/20/2018 07:00:00 PM,26,9,17
11/20/2018 06:00:00 PM,60,20,40
11/20/2018 05:00:00 PM,136,51,85
11/20/2018 04:00:00 PM,134,44,90
11/20/2018 03:00:00 PM,61,21,40
11/20/2018 02:00:00 PM,29,16,13
11/20/2018 01:00:00 PM,30,16,14
11/20/2018 12:00:00 PM,29,18,11
11/20/2018 11:00:00 AM,42,18,24
11/20/2018 10:00:00 AM,31,15,16
11/20/2018 09:00:00 AM,71,34,37
11/20/2018 08:00:00 AM,100,44,56
11/20/2018 07:00:00 AM,62,42,20
11/20/2018 06:00:00 AM,44,22,22
11/20/2018 05:00:00 AM,8,5,3
11/20/2018 04:00:00 AM,1,1,0
11/20/2018 03:00:00 AM,2,1,1
11/20/2018 02:00:00 AM,0,0,0
11/20/2018 01:00:00 AM,1,0,1
11/20/2018 12:00:00 AM,2,1,1
11/19/2018 11:00:00 PM,7,6,1
11/19/2018 10:00:00 PM,1,0,1
11/19/2018 09:00:00 PM,10,3,7
11/19/2018 08:00:00 PM,7,4,3
11/19/2018 07:00:00 PM,25,13,12
11/19/2018 06:00:00 PM,77,25,52
11/19/2018 05:00:00 PM,165,55,110
11/19/2018 04:00:00 PM,132,43,89
11/19/2018 03:00:00 PM,69,29,40
11/19/2018 02:00:00 PM,37,12,25
11/19/2018 01:00:00 PM,29,17,12
11/19/2018 12:00:00 PM,38,27,11
11/19/2018 11:00:00 AM,44,20,24
11/19/2018 10:00:00 AM,41,21,20
11/19/2018 09:00:00 AM,63,23,40
11/19/2018 08:00:00 AM,134,67,67
11/19/2018 07:00:00 AM,72,48,24
11/19/2018 06:00:00 AM,28,18,10
11/19/2018 05:00:00 AM,11,7,4
11/19/2018 04:00:00 AM,0,0,0
11/19/2018 03:00:00 AM,1,0,1
11/19/2018 02:00:00 AM,0,0,0
11/19/2018 01:00:00 AM,0,0,0
11/19/2018 12:00:00 AM,2,0,2
11/18/2018 11:00:00 PM,6,4,2
11/18/2018 10:00:00 PM,2,1,1
11/18/2018 09:00:00 PM,4,1,3
11/18/2018 08:00:00 PM,2,1,1
11/18/2018 07:00:00 PM,11,6,5
11/18/2018 06:00:00 PM,11,6,5
11/18/2018 05:00:00 PM,23,15,8
11/18/2018 04:00:00 PM,33,16,17
11/18/2018 03:00:00 PM,26,15,11
11/18/2018 02:00:00 PM,27,14,13
11/18/2018 01:00:00 PM,28,8,20
11/18/2018 12:00:00 PM,31,10,21
11/18/2018 11:00:00 AM,24,16,8
11/18/2018 10:00:00 AM,21,8,13
11/18/2018 09:00:00 AM,12,7,5
11/18/2018 08:00:00 AM,9,6,3
11/18/2018 07:00:00 AM,3,3,0
11/18/2018 06:00:00 AM,3,2,1
11/18/2018 05:00:00 AM,2,0,2
11/18/2018 04:00:00 AM,0,0,0
11/18/2018 03:00:00 AM,1,0,1
11/18/2018 02:00:00 AM,4,4,0
11/18/2018 01:00:00 AM,1,0,1
11/18/2018 12:00:00 AM,1,1,0
11/17/2018 11:00:00 PM,6,2,4
11/17/2018 10:00:00 PM,8,4,4
11/17/2018 09:00:00 PM,8,5,3
11/17/2018 08:00:00 PM,11,5,6
11/17/2018 07:00:00 PM,13,8,5
11/17/2018 06:00:00 PM,29,10,19
11/17/2018 05:00:00 PM,26,20,6
11/17/2018 04:00:00 PM,39,21,18
11/17/2018 03:00:00 PM,40,24,16
11/17/2018 02:00:00 PM,47,15,32
11/17/2018 01:00:00 PM,30,13,17
11/17/2018 12:00:00 PM,41,18,23
11/17/2018 11:00:00 AM,81,46,35
11/17/2018 10:00:00 AM,62,16,46
11/17/2018 09:00:00 AM,12,10,2
11/17/2018 08:00:00 AM,11,4,7
11/17/2018 07:00:00 AM,10,7,3
11/17/2018 06:00:00 AM,4,1,3
11/17/2018 05:00:00 AM,0,0,0
11/17/2018 04:00:00 AM,0,0,0
11/17/2018 03:00:00 AM,1,1,0
11/17/2018 02:00:00 AM,1,1,0
11/17/2018 01:00:00 AM,2,2,0
11/17/2018 12:00:00 AM,5,2,3
11/16/2018 11:00:00 PM,3,3,0
11/16/2018 10:00:00 PM,10,3,7
11/16/2018 09:00:00 PM,7,4,3
11/16/2018 08:00:00 PM,12,8,4
11/16/2018 07:00:00 PM,22,14,8
11/16/2018 06:00:00 PM,68,27,41
11/16/2018 05:00:00 PM,139,50,89
11/16/2018 04:00:00 PM,117,48,69
11/16/2018 03:00:00 PM,70,25,45
11/16/2018 02:00:00 PM,52,17,35
11/16/2018 01:00:00 PM,40,22,18
11/16/2018 12:00:00 PM,43,21,22
11/16/2018 11:00:00 AM,50,21,29
11/16/2018 10:00:00 AM,40,19,21
11/16/2018 09:00:00 AM,70,30,40
11/16/2018 08:00:00 AM,99,48,51
11/16/2018 07:00:00 AM,64,36,28
11/16/2018 06:00:00 AM,37,24,13
11/16/2018 05:00:00 AM,14,9,5
11/16/2018 04:00:00 AM,3,3,0
11/16/2018 03:00:00 AM,1,0,1
11/16/2018 02:00:00 AM,0,0,0
11/16/2018 01:00:00 AM,3,2,1
11/16/2018 12:00:00 AM,4,1,3
11/15/2018 11:00:00 PM,7,4,3
11/15/2018 10:00:00 PM,9,4,5
11/15/2018 09:00:00 PM,46,27,19
11/15/2018 08:00:00 PM,72,53,19
11/15/2018 07:00:00 PM,43,17,26
11/15/2018 06:00:00 PM,77,32,45
11/15/2018 05:00:00 PM,219,78,141
11/15/2018 04:00:00 PM,218,59,159
11/15/2018 03:00:00 PM,106,28,78
11/15/2018 02:00:00 PM,49,19,30
11/15/2018 01:00:00 PM,46,20,26
11/15/2018 12:00:00 PM,42,19,23
11/15/2018 11:00:00 AM,25,12,13
11/15/2018 10:00:00 AM,33,13,20
11/15/2018 09:00:00 AM,75,32,43
11/15/2018 08:00:00 AM,131,60,71
11/15/2018 07:00:00 AM,73,43,30
11/15/2018 06:00:00 AM,42,18,24
11/15/2018 05:00:00 AM,7,6,1
11/15/2018 04:00:00 AM,3,2,1
11/15/2018 03:00:00 AM,0,0,0
11/15/2018 02:00:00 AM,4,3,1
11/15/2018 01:00:00 AM,2,1,1
11/15/2018 12:00:00 AM,3,0,3
11/14/2018 11:00:00 PM,3,1,2
11/14/2018 10:00:00 PM,6,1,5
11/14/2018 09:00:00 PM,10,3,7
11/14/2018 08:00:00 PM,19,8,11
11/14/2018 07:00:00 PM,28,14,14
11/14/2018 06:00:00 PM,69,27,42
11/14/2018 05:00:00 PM,138,50,88
11/14/2018 04:00:00 PM,99,31,68
11/14/2018 03:00:00 PM,49,16,33
11/14/2018 02:00:00 PM,27,10,17
11/14/2018 01:00:00 PM,34,16,18
11/14/2018 12:00:00 PM,33,11,22
11/14/2018 11:00:00 AM,32,18,14
11/14/2018 10:00:00 AM,29,13,16
11/14/2018 09:00:00 AM,49,26,23
11/14/2018 08:00:00 AM,111,66,45
11/14/2018 07:00:00 AM,57,31,26
11/14/2018 06:00:00 AM,32,15,17
11/14/2018 05:00:00 AM,6,5,1
11/14/2018 04:00:00 AM,5,4,1
11/14/2018 03:00:00 AM,2,2,0
11/14/2018 02:00:00 AM,1,0,1
11/14/2018 01:00:00 AM,2,1,1
11/14/2018 12:00:00 AM,1,1,0
11/13/2018 11:00:00 PM,2,2,0
11/13/2018 10:00:00 PM,11,3,8
11/13/2018 09:00:00 PM,6,2,4
11/13/2018 08:00:00 PM,16,9,7
11/13/2018 07:00:00 PM,30,9,21
11/13/2018 06:00:00 PM,85,26,59
11/13/2018 05:00:00 PM,169,64,105
11/13/2018 04:00:00 PM,143,43,100
11/13/2018 03:00:00 PM,58,15,43
11/13/2018 02:00:00 PM,32,16,16
11/13/2018 01:00:00 PM,38,25,13
11/13/2018 12:00:00 PM,38,25,13
11/13/2018 11:00:00 AM,45,26,19
11/13/2018 10:00:00 AM,41,17,24
11/13/2018 09:00:00 AM,71,34,37
11/13/2018 08:00:00 AM,135,60,75
11/13/2018 07:00:00 AM,80,44,36
11/13/2018 06:00:00 AM,48,24,24
11/13/2018 05:00:00 AM,10,8,2
11/13/2018 04:00:00 AM,6,2,4
11/13/2018 03:00:00 AM,2,1,1
11/13/2018 02:00:00 AM,0,0,0
11/13/2018 01:00:00 AM,1,0,1
11/13/2018 12:00:00 AM,2,1,1
11/12/2018 11:00:00 PM,7,3,4
11/12/2018 10:00:00 PM,7,3,4
11/12/2018 09:00:00 PM,3,2,1
11/12/2018 08:00:00 PM,9,2,7
11/12/2018 07:00:00 PM,22,8,14
11/12/2018 06:00:00 PM,77,23,54
11/12/2018 05:00:00 PM,150,55,95
11/12/2018 04:00:00 PM,106,40,66
11/12/2018 03:00:00 PM,41,19,22
11/12/2018 02:00:00 PM,37,13,24
11/12/2018 01:00:00 PM,32,15,17
11/12/2018 12:00:00 PM,37,18,19
11/12/2018 11:00:00 AM,32,14,18
11/12/2018 10:00:00 AM,41,20,21
11/12/2018 09:00:00 AM,70,42,28
11/12/2018 08:00:00 AM,90,48,42
11/12/2018 07:00:00 AM,53,31,22
11/12/2018 06:00:00 AM,22,12,10
11/12/2018 05:00:00 AM,12,9,3
11/12/2018 04:00:00 AM,3,2,1
11/12/2018 03:00:00 AM,0,0,0
11/12/2018 02:00:00 AM,2,1,1
11/12/2018 01:00:00 AM,1,1,0
11/12/2018 12:00:00 AM,4,1,3
11/11/2018 11:00:00 PM,6,5,1
11/11/2018 10:00:00 PM,4,3,1
11/11/2018 09:00:00 PM,1,1,0
11/11/2018 08:00:00 PM,6,1,5
11/11/2018 07:00:00 PM,8,2,6
11/11/2018 06:00:00 PM,15,11,4
11/11/2018 05:00:00 PM,17,8,9
11/11/2018 04:00:00 PM,14,6,8
11/11/2018 03:00:00 PM,22,11,11
11/11/2018 02:00:00 PM,26,11,15
11/11/2018 01:00:00 PM,24,10,14
11/11/2018 12:00:00 PM,28,16,12
11/11/2018 11:00:00 AM,14,12,2
11/11/2018 10:00:00 AM,19,10,9
11/11/2018 09:00:00 AM,16,10,6
11/11/2018 08:00:00 AM,7,6,1
11/11/2018 07:00:00 AM,5,2,3
11/11/2018 06:00:00 AM,1,1,0
11/11/2018 05:00:00 AM,1,1,0
11/11/2018 04:00:00 AM,1,0,1
11/11/2018 03:00:00 AM,1,0,1
11/11/2018 02:00:00 AM,1,1,0
11/11/2018 01:00:00 AM,2,1,1
11/11/2018 12:00:00 AM,4,1,3
11/10/2018 11:00:00 PM,4,0,4
11/10/2018 10:00:00 PM,4,2,2
11/10/2018 09:00:00 PM,10,6,4
11/10/2018 08:00:00 PM,8,3,5
11/10/2018 07:00:00 PM,10,6,4
11/10/2018 06:00:00 PM,12,4,8
11/10/2018 05:00:00 PM,26,17,9
11/10/2018 04:00:00 PM,34,15,19
11/10/2018 03:00:00 PM,30,8,22
11/10/2018 02:00:00 PM,38,12,26
11/10/2018 01:00:00 PM,35,23,12
11/10/2018 12:00:00 PM,31,12,19
11/10/2018 11:00:00 AM,20,11,9
11/10/2018 10:00:00 AM,17,9,8
11/10/2018 09:00:00 AM,14,5,9
11/10/2018 08:00:00 AM,15,8,7
11/10/2018 07:00:00 AM,7,4,3
11/10/2018 06:00:00 AM,3,2,1
11/10/2018 05:00:00 AM,1,1,0
11/10/2018 04:00:00 AM,0,0,0
11/10/2018 03:00:00 AM,1,1,0
11/10/2018 02:00:00 AM,0,0,0
11/10/2018 01:00:00 AM,3,0,3
11/10/2018 12:00:00 AM,5,1,4
11/09/2018 11:00:00 PM,6,1,5
11/09/2018 10:00:00 PM,14,8,6
11/09/2018 09:00:00 PM,6,4,2
11/09/2018 08:00:00 PM,11,5,6
11/09/2018 07:00:00 PM,18,8,10
11/09/2018 06:00:00 PM,47,13,34
11/09/2018 05:00:00 PM,133,45,88
11/09/2018 04:00:00 PM,115,37,78
11/09/2018 03:00:00 PM,79,25,54
11/09/2018 02:00:00 PM,44,19,25
11/09/2018 01:00:00 PM,31,15,16
11/09/2018 12:00:00 PM,34,18,16
11/09/2018 11:00:00 AM,29,16,13
11/09/2018 10:00:00 AM,29,15,14
11/09/2018 09:00:00 AM,60,32,28
11/09/2018 08:00:00 AM,102,53,49
11/09/2018 07:00:00 AM,71,41,30
11/09/2018 06:00:00 AM,26,17,9
11/09/2018 05:00:00 AM,9,8,1
11/09/2018 04:00:00 AM,1,1,0
11/09/2018 03:00:00 AM,0,0,0
11/09/2018 02:00:00 AM,0,0,0
11/09/2018 01:00:00 AM,5,2,3
11/09/2018 12:00:00 AM,4,3,1
11/08/2018 11:00:00 PM,26,21,5
11/08/2018 10:00:00 PM,53,44,9
11/08/2018 09:00:00 PM,12,8,4
11/08/2018 08:00:00 PM,10,6,4
11/08/2018 07:00:00 PM,50,22,28
11/08/2018 06:00:00 PM,77,38,39
11/08/2018 05:00:00 PM,207,64,143
11/08/2018 04:00:00 PM,154,55,99
11/08/2018 03:00:00 PM,82,24,58
11/08/2018 02:00:00 PM,48,15,33
11/08/2018 01:00:00 PM,52,22,30
11/08/2018 12:00:00 PM,40,20,20
11/08/2018 11:00:00 AM,42,21,21
11/08/2018 10:00:00 AM,34,14,20
11/08/2018 09:00:00 AM,82,41,41
11/08/2018 08:00:00 AM,121,57,64
11/08/2018 07:00:00 AM,77,46,31
11/08/2018 06:00:00 AM,30,16,14
11/08/2018 05:00:00 AM,17,16,1
11/08/2018 04:00:00 AM,2,0,2
11/08/2018 03:00:00 AM,0,0,0
11/08/2018 02:00:00 AM,4,1,3
11/08/2018 01:00:00 AM,2,1,1
11/08/2018 12:00:00 AM,2,0,2
11/07/2018 11:00:00 PM,7,2,5
11/07/2018 10:00:00 PM,8,5,3
11/07/2018 09:00:00 PM,8,6,2
11/07/2018 08:00:00 PM,25,11,14
11/07/2018 07:00:00 PM,36,17,19
11/07/2018 06:00:00 PM,86,41,45
11/07/2018 05:00:00 PM,170,63,107
11/07/2018 04:00:00 PM,137,53,84
11/07/2018 03:00:00 PM,65,21,44
11/07/2018 02:00:00 PM,40,17,23
11/07/2018 01:00:00 PM,34,15,19
11/07/2018 12:00:00 PM,46,19,27
11/07/2018 11:00:00 AM,55,34,21
11/07/2018 10:00:00 AM,41,19,22
11/07/2018 09:00:00 AM,64,28,36
11/07/2018 08:00:00 AM,136,68,68
11/07/2018 07:00:00 AM,82,42,40
11/07/2018 06:00:00 AM,33,22,11
11/07/2018 05:00:00 AM,18,12,6
11/07/2018 04:00:00 AM,5,4,1
11/07/2018 03:00:00 AM,2,0,2
11/07/2018 02:00:00 AM,0,0,0
11/07/2018 01:00:00 AM,2,1,1
11/07/2018 12:00:00 AM,2,1,1
11/06/2018 11:00:00 PM,1,1,0
11/06/2018 10:00:00 PM,7,4,3
11/06/2018 09:00:00 PM,15,6,9
11/06/2018 08:00:00 PM,17,3,14
11/06/2018 07:00:00 PM,22,12,10
11/06/2018 06:00:00 PM,82,32,50
11/06/2018 05:00:00 PM,200,72,128
11/06/2018 04:00:00 PM,148,45,103
11/06/2018 03:00:00 PM,64,24,40
11/06/2018 02:00:00 PM,37,17,20
11/06/2018 01:00:00 PM,37,18,19
11/06/2018 12:00:00 PM,45,21,24
11/06/2018 11:00:00 AM,44,25,19
11/06/2018 10:00:00 AM,34,18,16
11/06/2018 09:00:00 AM,78,31,47
11/06/2018 08:00:00 AM,126,61,65
11/06/2018 07:00:00 AM,90,52,38
11/06/2018 06:00:00 AM,41,23,18
11/06/2018 05:00:00 AM,10,9,1
11/06/2018 04:00:00 AM,1,0,1
11/06/2018 03:00:00 AM,1,0,1
11/06/2018 02:00:00 AM,0,0,0
11/06/2018 01:00:00 AM,3,0,3
11/06/2018 12:00:00 AM,4,3,1
11/05/2018 11:00:00 PM,6,1,5
11/05/2018 10:00:00 PM,2,1,1
11/05/2018 09:00:00 PM,7,4,3
11/05/2018 08:00:00 PM,6,1,5
11/05/2018 07:00:00 PM,20,12,8
11/05/2018 06:00:00 PM,73,22,51
11/05/2018 05:00:00 PM,168,69,99
11/05/2018 04:00:00 PM,121,37,84
11/05/2018 03:00:00 PM,66,22,44
11/05/2018 02:00:00 PM,34,13,21
11/05/2018 01:00:00 PM,35,19,16
11/05/2018 12:00:00 PM,43,23,20
11/05/2018 11:00:00 AM,32,15,17
11/05/2018 10:00:00 AM,49,21,28
11/05/2018 09:00:00 AM,65,29,36
11/05/2018 08:00:00 AM,118,63,55
11/05/2018 07:00:00 AM,91,59,32
11/05/2018 06:00:00 AM,55,31,24
11/05/2018 05:00:00 AM,3,2,1
11/05/2018 04:00:00 AM,0,0,0
11/05/2018 03:00:00 AM,0,0,0
11/05/2018 02:00:00 AM,0,0,0
11/05/2018 01:00:00 AM,1,0,1
11/05/2018 12:00:00 AM,2,0,2
11/04/2018 11:00:00 PM,5,3,2
11/04/2018 10:00:00 PM,5,3,2
11/04/2018 09:00:00 PM,2,2,0
11/04/2018 08:00:00 PM,3,0,3
11/04/2018 07:00:00 PM,7,4,3
11/04/2018 06:00:00 PM,17,8,9
11/04/2018 05:00:00 PM,37,23,14
11/04/2018 04:00:00 PM,43,30,13
11/04/2018 03:00:00 PM,24,15,9
11/04/2018 02:00:00 PM,26,14,12
11/04/2018 01:00:00 PM,28,14,14
11/04/2018 12:00:00 PM,55,20,35
11/04/2018 11:00:00 AM,37,16,21
11/04/2018 10:00:00 AM,29,15,14
11/04/2018 09:00:00 AM,17,9,8
11/04/2018 08:00:00 AM,10,6,4
11/04/2018 07:00:00 AM,9,3,6
11/04/2018 06:00:00 AM,4,3,1
11/04/2018 05:00:00 AM,2,0,2
11/04/2018 04:00:00 AM,0,0,0
11/04/2018 03:00:00 AM,1,1,0
11/04/2018 02:00:00 AM,1,0,1
11/04/2018 01:00:00 AM,4,1,3
11/04/2018 12:00:00 AM,10,4,6
11/03/2018 11:00:00 PM,3,2,1
11/03/2018 10:00:00 PM,6,3,3
11/03/2018 09:00:00 PM,6,3,3
11/03/2018 08:00:00 PM,3,0,3
11/03/2018 07:00:00 PM,14,8,6
11/03/2018 06:00:00 PM,12,4,8
11/03/2018 05:00:00 PM,11,5,6
11/03/2018 04:00:00 PM,21,7,14
11/03/2018 03:00:00 PM,11,5,6
11/03/2018 02:00:00 PM,9,1,8
11/03/2018 01:00:00 PM,18,8,10
11/03/2018 12:00:00 PM,18,14,4
11/03/2018 11:00:00 AM,8,2,6
11/03/2018 10:00:00 AM,19,12,7
11/03/2018 09:00:00 AM,13,9,4
11/03/2018 08:00:00 AM,13,7,6
11/03/2018 07:00:00 AM,8,4,4
11/03/2018 06:00:00 AM,7,4,3
11/03/2018 05:00:00 AM,0,0,0
11/03/2018 04:00:00 AM,0,0,0
11/03/2018 03:00:00 AM,3,2,1
11/03/2018 02:00:00 AM,4,3,1
11/03/2018 01:00:00 AM,5,1,4
11/03/2018 12:00:00 AM,9,7,2
11/02/2018 11:00:00 PM,11,4,7
11/02/2018 10:00:00 PM,5,1,4
11/02/2018 09:00:00 PM,6,2,4
11/02/2018 08:00:00 PM,19,6,13
11/02/2018 07:00:00 PM,18,8,10
11/02/2018 06:00:00 PM,51,20,31
11/02/2018 05:00:00 PM,140,54,86
11/02/2018 04:00:00 PM,126,49,77
11/02/2018 03:00:00 PM,69,23,46
11/02/2018 02:00:00 PM,41,13,28
11/02/2018 01:00:00 PM,29,14,15
11/02/2018 12:00:00 PM,33,16,17
11/02/2018 11:00:00 AM,24,15,9
11/02/2018 10:00:00 AM,26,10,16
11/02/2018 09:00:00 AM,68,26,42
11/02/2018 08:00:00 AM,115,48,67
11/02/2018 07:00:00 AM,55,36,19
11/02/2018 06:00:00 AM,25,11,14
11/02/2018 05:00:00 AM,11,8,3
11/02/2018 04:00:00 AM,2,2,0
11/02/2018 03:00:00 AM,1,0,1
11/02/2018 02:00:00 AM,2,1,1
11/02/2018 01:00:00 AM,1,0,1
11/02/2018 12:00:00 AM,4,4,0
11/01/2018 11:00:00 PM,2,1,1
11/01/2018 10:00:00 PM,12,5,7
11/01/2018 09:00:00 PM,8,4,4
11/01/2018 08:00:00 PM,20,7,13
11/01/2018 07:00:00 PM,39,9,30
11/01/2018 06:00:00 PM,82,28,54
11/01/2018 05:00:00 PM,173,66,107
11/01/2018 04:00:00 PM,118,39,79
11/01/2018 03:00:00 PM,62,13,49
11/01/2018 02:00:00 PM,42,18,24
11/01/2018 01:00:00 PM,29,9,20
11/01/2018 12:00:00 PM,32,18,14
11/01/2018 11:00:00 AM,31,21,10
11/01/2018 10:00:00 AM,33,17,16
11/01/2018 09:00:00 AM,70,29,41
11/01/2018 08:00:00 AM,113,57,56
11/01/2018 07:00:00 AM,87,58,29
11/01/2018 06:00:00 AM,35,10,25
11/01/2018 05:00:00 AM,15,12,3
11/01/2018 04:00:00 AM,2,1,1
11/01/2018 03:00:00 AM,0,0,0
11/01/2018 02:00:00 AM,1,0,1
11/01/2018 01:00:00 AM,3,2,1
11/01/2018 12:00:00 AM,0,0,0
10/31/2018 11:00:00 PM,2,2,0
10/31/2018 10:00:00 PM,5,2,3
10/31/2018 09:00:00 PM,10,6,4
10/31/2018 08:00:00 PM,10,7,3
10/31/2018 07:00:00 PM,23,7,16
10/31/2018 06:00:00 PM,50,18,32
10/31/2018 05:00:00 PM,146,55,91
10/31/2018 04:00:00 PM,111,38,73
10/31/2018 03:00:00 PM,80,24,56
10/31/2018 02:00:00 PM,35,11,24
10/31/2018 01:00:00 PM,38,20,18
10/31/2018 12:00:00 PM,41,20,21
10/31/2018 11:00:00 AM,31,16,15
10/31/2018 10:00:00 AM,35,22,13
10/31/2018 09:00:00 AM,73,29,44
10/31/2018 08:00:00 AM,113,59,54
10/31/2018 07:00:00 AM,78,44,34
10/31/2018 06:00:00 AM,28,11,17
10/31/2018 05:00:00 AM,15,12,3
10/31/2018 04:00:00 AM,2,1,1
10/31/2018 03:00:00 AM,2,0,2
10/31/2018 02:00:00 AM,2,1,1
10/31/2018 01:00:00 AM,2,1,1
10/31/2018 12:00:00 AM,1,0,1
10/30/2018 11:00:00 PM,2,1,1
10/30/2018 10:00:00 PM,8,1,7
10/30/2018 09:00:00 PM,5,2,3
10/30/2018 08:00:00 PM,16,4,12
10/30/2018 07:00:00 PM,18,5,13
10/30/2018 06:00:00 PM,80,29,51
10/30/2018 05:00:00 PM,208,74,134
10/30/2018 04:00:00 PM,119,51,68
10/30/2018 03:00:00 PM,56,16,40
10/30/2018 02:00:00 PM,41,14,27
10/30/2018 01:00:00 PM,34,21,13
10/30/2018 12:00:00 PM,32,16,16
10/30/2018 11:00:00 AM,44,22,22
10/30/2018 10:00:00 AM,33,17,16
10/30/2018 09:00:00 AM,90,42,48
10/30/2018 08:00:00 AM,147,71,76
10/30/2018 07:00:00 AM,91,50,41
10/30/2018 06:00:00 AM,39,17,22
10/30/2018 05:00:00 AM,18,13,5
10/30/2018 04:00:00 AM,2,1,1
10/30/2018 03:00:00 AM,3,0,3
10/30/2018 02:00:00 AM,1,1,0
10/30/2018 01:00:00 AM,1,0,1
10/30/2018 12:00:00 AM,0,0,0
10/29/2018 11:00:00 PM,5,3,2
10/29/2018 10:00:00 PM,1,0,1
10/29/2018 09:00:00 PM,7,2,5
10/29/2018 08:00:00 PM,12,7,5
10/29/2018 07:00:00 PM,25,14,11
10/29/2018 06:00:00 PM,74,28,46
10/29/2018 05:00:00 PM,169,54,115
10/29/2018 04:00:00 PM,112,43,69
10/29/2018 03:00:00 PM,62,17,45
10/29/2018 02:00:00 PM,18,6,12
10/29/2018 01:00:00 PM,26,16,10
10/29/2018 12:00:00 PM,32,18,14
10/29/2018 11:00:00 AM,36,20,16
10/29/2018 10:00:00 AM,27,7,20
10/29/2018 09:00:00 AM,68,33,35
10/29/2018 08:00:00 AM,135,61,74
10/29/2018 07:00:00 AM,83,46,37
10/29/2018 06:00:00 AM,32,13,19
10/29/2018 05:00:00 AM,14,13,1
10/29/2018 04:00:00 AM,3,3,0
10/29/2018 03:00:00 AM,1,0,1
10/29/2018 02:00:00 AM,0,0,0
10/29/2018 01:00:00 AM,1,1,0
10/29/2018 12:00:00 AM,3,0,3
10/28/2018 11:00:00 PM,2,2,0
10/28/2018 10:00:00 PM,1,0,1
10/28/2018 09:00:00 PM,5,2,3
10/28/2018 08:00:00 PM,4,1,3
10/28/2018 07:00:00 PM,5,2,3
10/28/2018 06:00:00 PM,5,2,3
10/28/2018 05:00:00 PM,20,13,7
10/28/2018 04:00:00 PM,15,7,8
10/28/2018 03:00:00 PM,20,17,3
10/28/2018 02:00:00 PM,18,9,9
10/28/2018 01:00:00 PM,43,14,29
10/28/2018 12:00:00 PM,22,4,18
10/28/2018 11:00:00 AM,13,2,11
10/28/2018 10:00:00 AM,15,8,7
10/28/2018 09:00:00 AM,10,7,3
10/28/2018 08:00:00 AM,3,2,1
10/28/2018 07:00:00 AM,4,2,2
10/28/2018 06:00:00 AM,5,4,1
10/28/2018 05:00:00 AM,0,0,0
10/28/2018 04:00:00 AM,0,0,0
10/28/2018 03:00:00 AM,1,0,1
10/28/2018 02:00:00 AM,6,5,1
10/28/2018 01:00:00 AM,1,1,0
10/28/2018 12:00:00 AM,2,1,1
10/27/2018 11:00:00 PM,3,0,3
10/27/2018 10:00:00 PM,0,0,0
10/27/2018 09:00:00 PM,4,2,2
10/27/2018 08:00:00 PM,1,1,0
10/27/2018 07:00:00 PM,3,1,2
10/27/2018 06:00:00 PM,11,4,7
10/27/2018 05:00:00 PM,16,7,9
10/27/2018 04:00:00 PM,10,3,7
10/27/2018 03:00:00 PM,29,14,15
10/27/2018 02:00:00 PM,43,18,25
10/27/2018 01:00:00 PM,28,14,14
10/27/2018 12:00:00 PM,17,6,11
10/27/2018 11:00:00 AM,18,10,8
10/27/2018 10:00:00 AM,13,8,5
10/27/2018 09:00:00 AM,11,8,3
10/27/2018 08:00:00 AM,12,9,3
10/27/2018 07:00:00 AM,5,3,2
10/27/2018 06:00:00 AM,9,9,0
10/27/2018 05:00:00 AM,0,0,0
10/27/2018 04:00:00 AM,0,0,0
10/27/2018 03:00:00 AM,6,4,2
10/27/2018 02:00:00 AM,7,3,4
10/27/2018 01:00:00 AM,5,3,2
10/27/2018 12:00:00 AM,8,4,4
10/26/2018 11:00:00 PM,6,2,4
10/26/2018 10:00:00 PM,4,2,2
10/26/2018 09:00:00 PM,11,3,8
10/26/2018 08:00:00 PM,11,8,3
10/26/2018 07:00:00 PM,31,14,17
10/26/2018 06:00:00 PM,50,12,38
10/26/2018 05:00:00 PM,142,45,97
10/26/2018 04:00:00 PM,128,53,75
10/26/2018 03:00:00 PM,75,23,52
10/26/2018 02:00:00 PM,49,20,29
10/26/2018 01:00:00 PM,39,22,17
10/26/2018 12:00:00 PM,38,20,18
10/26/2018 11:00:00 AM,49,26,23
10/26/2018 10:00:00 AM,27,10,17
10/26/2018 09:00:00 AM,63,27,36
10/26/2018 08:00:00 AM,98,48,50
10/26/2018 07:00:00 AM,73,46,27
10/26/2018 06:00:00 AM,23,9,14
10/26/2018 05:00:00 AM,7,5,2
10/26/2018 04:00:00 AM,1,1,0
10/26/2018 03:00:00 AM,0,0,0
10/26/2018 02:00:00 AM,1,0,1
10/26/2018 01:00:00 AM,1,0,1
10/26/2018 12:00:00 AM,2,1,1
10/25/2018 11:00:00 PM,8,2,6
10/25/2018 10:00:00 PM,3,2,1
10/25/2018 09:00:00 PM,15,6,9
10/25/2018 08:00:00 PM,17,9,8
10/25/2018 07:00:00 PM,26,15,11
10/25/2018 06:00:00 PM,66,27,39
10/25/2018 05:00:00 PM,138,52,86
10/25/2018 04:00:00 PM,117,50,67
10/25/2018 03:00:00 PM,47,18,29
10/25/2018 02:00:00 PM,34,11,23
10/25/2018 01:00:00 PM,26,13,13
10/25/2018 12:00:00 PM,22,11,11
10/25/2018 11:00:00 AM,25,15,10
10/25/2018 10:00:00 AM,19,5,14
10/25/2018 09:00:00 AM,62,28,34
10/25/2018 08:00:00 AM,111,54,57
10/25/2018 07:00:00 AM,63,33,30
10/25/2018 06:00:00 AM,33,15,18
10/25/2018 05:00:00 AM,12,9,3
10/25/2018 04:00:00 AM,2,1,1
10/25/2018 03:00:00 AM,1,0,1
10/25/2018 02:00:00 AM,0,0,0
10/25/2018 01:00:00 AM,5,1,4
10/25/2018 12:00:00 AM,2,1,1
10/24/2018 11:00:00 PM,5,4,1
10/24/2018 10:00:00 PM,8,5,3
10/24/2018 09:00:00 PM,11,2,9
10/24/2018 08:00:00 PM,24,11,13
10/24/2018 07:00:00 PM,30,7,23
10/24/2018 06:00:00 PM,89,34,55
10/24/2018 05:00:00 PM,191,74,117
10/24/2018 04:00:00 PM,132,48,84
10/24/2018 03:00:00 PM,63,23,40
10/24/2018 02:00:00 PM,46,15,31
10/24/2018 01:00:00 PM,37,14,23
10/24/2018 12:00:00 PM,36,16,20
10/24/2018 11:00:00 AM,35,17,18
10/24/2018 10:00:00 AM,30,12,18
10/24/2018 09:00:00 AM,62,30,32
10/24/2018 08:00:00 AM,151,68,83
10/24/2018 07:00:00 AM,90,54,36
10/24/2018 06:00:00 AM,37,15,22
10/24/2018 05:00:00 AM,11,10,1
10/24/2018 04:00:00 AM,1,1,0
10/24/2018 03:00:00 AM,1,0,1
10/24/2018 02:00:00 AM,0,0,0
10/24/2018 01:00:00 AM,1,0,1
10/24/2018 12:00:00 AM,3,1,2
10/23/2018 11:00:00 PM,7,4,3
10/23/2018 10:00:00 PM,8,1,7
10/23/2018 09:00:00 PM,8,4,4
10/23/2018 08:00:00 PM,16,9,7
10/23/2018 07:00:00 PM,27,13,14
10/23/2018 06:00:00 PM,91,32,59
10/23/2018 05:00:00 PM,189,69,120
10/23/2018 04:00:00 PM,130,47,83
10/23/2018 03:00:00 PM,69,20,49
10/23/2018 02:00:00 PM,42,18,24
10/23/2018 01:00:00 PM,31,17,14
10/23/2018 12:00:00 PM,39,24,15
10/23/2018 11:00:00 AM,30,18,12
10/23/2018 10:00:00 AM,40,18,22
10/23/2018 09:00:00 AM,78,33,45
10/23/2018 08:00:00 AM,136,63,73
10/23/2018 07:00:00 AM,92,57,35
10/23/2018 06:00:00 AM,40,21,19
10/23/2018 05:00:00 AM,10,8,2
10/23/2018 04:00:00 AM,2,0,2
10/23/2018 03:00:00 AM,1,0,1
10/23/2018 02:00:00 AM,0,0,0
10/23/2018 01:00:00 AM,2,1,1
10/23/2018 12:00:00 AM,1,1,0
10/22/2018 11:00:00 PM,6,2,4
10/22/2018 10:00:00 PM,5,1,4
10/22/2018 09:00:00 PM,14,8,6
10/22/2018 08:00:00 PM,9,6,3
10/22/2018 07:00:00 PM,20,10,10
10/22/2018 06:00:00 PM,104,36,68
10/22/2018 05:00:00 PM,183,65,118
10/22/2018 04:00:00 PM,128,39,89
10/22/2018 03:00:00 PM,85,36,49
10/22/2018 02:00:00 PM,37,17,20
10/22/2018 01:00:00 PM,31,23,8
10/22/2018 12:00:00 PM,31,16,15
10/22/2018 11:00:00 AM,24,12,12
10/22/2018 10:00:00 AM,36,12,24
10/22/2018 09:00:00 AM,82,37,45
10/22/2018 08:00:00 AM,147,70,77
10/22/2018 07:00:00 AM,90,45,45
10/22/2018 06:00:00 AM,44,24,20
10/22/2018 05:00:00 AM,13,9,4
10/22/2018 04:00:00 AM,2,0,2
10/22/2018 03:00:00 AM,1,0,1
10/22/2018 02:00:00 AM,1,0,1
10/22/2018 01:00:00 AM,1,1,0
10/22/2018 12:00:00 AM,2,1,1
10/21/2018 11:00:00 PM,5,3,2
10/21/2018 10:00:00 PM,8,2,6
10/21/2018 09:00:00 PM,9,2,7
10/21/2018 08:00:00 PM,9,4,5
10/21/2018 07:00:00 PM,8,6,2
10/21/2018 06:00:00 PM,16,9,7
10/21/2018 05:00:00 PM,25,9,16
10/21/2018 04:00:00 PM,24,9,15
10/21/2018 03:00:00 PM,20,11,9
10/21/2018 02:00:00 PM,20,7,13
10/21/2018 01:00:00 PM,24,8,16
10/21/2018 12:00:00 PM,16,5,11
10/21/2018 11:00:00 AM,28,14,14
10/21/2018 10:00:00 AM,14,5,9
10/21/2018 09:00:00 AM,7,4,3
10/21/2018 08:00:00 AM,7,6,1
10/21/2018 07:00:00 AM,1,1,0
10/21/2018 06:00:00 AM,6,2,4
10/21/2018 05:00:00 AM,3,1,2
10/21/2018 04:00:00 AM,1,0,1
10/21/2018 03:00:00 AM,5,4,1
10/21/2018 02:00:00 AM,3,2,1
10/21/2018 01:00:00 AM,4,3,1
10/21/2018 12:00:00 AM,10,4,6
10/20/2018 11:00:00 PM,9,5,4
10/20/2018 10:00:00 PM,11,6,5
10/20/2018 09:00:00 PM,13,4,9
10/20/2018 08:00:00 PM,13,10,3
10/20/2018 07:00:00 PM,20,5,15
10/20/2018 06:00:00 PM,37,14,23
10/20/2018 05:00:00 PM,25,7,18
10/20/2018 04:00:00 PM,39,12,27
10/20/2018 03:00:00 PM,31,14,17
10/20/2018 02:00:00 PM,28,14,14
10/20/2018 01:00:00 PM,31,12,19
10/20/2018 12:00:00 PM,30,16,14
10/20/2018 11:00:00 AM,33,22,11
10/20/2018 10:00:00 AM,11,6,5
10/20/2018 09:00:00 AM,14,6,8
10/20/2018 08:00:00 AM,14,9,5
10/20/2018 07:00:00 AM,7,5,2
10/20/2018 06:00:00 AM,4,4,0
10/20/2018 05:00:00 AM,1,0,1
10/20/2018 04:00:00 AM,0,0,0
10/20/2018 03:00:00 AM,3,1,2
10/20/2018 02:00:00 AM,0,0,0
10/20/2018 01:00:00 AM,5,3,2
10/20/2018 12:00:00 AM,4,3,1
10/19/2018 11:00:00 PM,5,0,5
10/19/2018 10:00:00 PM,9,2,7
10/19/2018 09:00:00 PM,12,4,8
10/19/2018 08:00:00 PM,14,6,8
10/19/2018 07:00:00 PM,32,12,20
10/19/2018 06:00:00 PM,64,30,34
10/19/2018 05:00:00 PM,167,61,106
10/19/2018 04:00:00 PM,154,68,86
10/19/2018 03:00:00 PM,90,38,52
10/19/2018 02:00:00 PM,56,29,27
10/19/2018 01:00:00 PM,41,17,24
10/19/2018 12:00:00 PM,43,27,16
10/19/2018 11:00:00 AM,51,28,23
10/19/2018 10:00:00 AM,35,11,24
10/19/2018 09:00:00 AM,73,9,64
10/19/2018 08:00:00 AM,103,34,69
10/19/2018 07:00:00 AM,89,52,37
10/19/2018 06:00:00 AM,36,16,20
10/19/2018 05:00:00 AM,11,8,3
10/19/2018 04:00:00 AM,1,1,0
10/19/2018 03:00:00 AM,2,1,1
10/19/2018 02:00:00 AM,1,0,1
10/19/2018 01:00:00 AM,3,1,2
10/19/2018 12:00:00 AM,1,1,0
10/18/2018 11:00:00 PM,2,1,1
10/18/2018 10:00:00 PM,10,1,9
10/18/2018 09:00:00 PM,14,3,11
10/18/2018 08:00:00 PM,21,6,15
10/18/2018 07:00:00 PM,44,24,20
10/18/2018 06:00:00 PM,103,43,60
10/18/2018 05:00:00 PM,194,74,120
10/18/2018 04:00:00 PM,144,49,95
10/18/2018 03:00:00 PM,76,24,52
10/18/2018 02:00:00 PM,47,25,22
10/18/2018 01:00:00 PM,44,18,26
10/18/2018 12:00:00 PM,41,16,25
10/18/2018 11:00:00 AM,46,23,23
10/18/2018 10:00:00 AM,37,22,15
10/18/2018 09:00:00 AM,80,33,47
10/18/2018 08:00:00 AM,156,69,87
10/18/2018 07:00:00 AM,94,57,37
10/18/2018 06:00:00 AM,38,19,19
10/18/2018 05:00:00 AM,13,12,1
10/18/2018 04:00:00 AM,1,1,0
10/18/2018 03:00:00 AM,1,0,1
10/18/2018 02:00:00 AM,1,1,0
10/18/2018 01:00:00 AM,2,0,2
10/18/2018 12:00:00 AM,1,0,1
10/17/2018 11:00:00 PM,7,0,7
10/17/2018 10:00:00 PM,8,5,3
10/17/2018 09:00:00 PM,22,15,7
10/17/2018 08:00:00 PM,27,8,19
10/17/2018 07:00:00 PM,36,13,23
10/17/2018 06:00:00 PM,105,38,67
10/17/2018 05:00:00 PM,228,93,135
10/17/2018 04:00:00 PM,164,62,102
10/17/2018 03:00:00 PM,83,34,49
10/17/2018 02:00:00 PM,54,15,39
10/17/2018 01:00:00 PM,59,29,30
10/17/2018 12:00:00 PM,47,26,21
10/17/2018 11:00:00 AM,49,24,25
10/17/2018 10:00:00 AM,54,25,29
10/17/2018 09:00:00 AM,95,41,54
10/17/2018 08:00:00 AM,158,80,78
10/17/2018 07:00:00 AM,108,59,49
10/17/2018 06:00:00 AM,44,16,28
10/17/2018 05:00:00 AM,20,17,3
10/17/2018 04:00:00 AM,2,1,1
10/17/2018 03:00:00 AM,1,0,1
10/17/2018 02:00:00 AM,0,0,0
10/17/2018 01:00:00 AM,4,3,1
10/17/2018 12:00:00 AM,5,3,2
10/16/2018 11:00:00 PM,7,3,4
10/16/2018 10:00:00 PM,3,2,1
10/16/2018 09:00:00 PM,10,6,4
10/16/2018 08:00:00 PM,24,12,12
10/16/2018 07:00:00 PM,32,16,16
10/16/2018 06:00:00 PM,113,35,78
10/16/2018 05:00:00 PM,227,100,127
10/16/2018 04:00:00 PM,151,50,101
10/16/2018 03:00:00 PM,83,32,51
10/16/2018 02:00:00 PM,38,17,21
10/16/2018 01:00:00 PM,35,15,20
10/16/2018 12:00:00 PM,38,18,20
10/16/2018 11:00:00 AM,46,23,23
10/16/2018 10:00:00 AM,44,18,26
10/16/2018 09:00:00 AM,99,37,62
10/16/2018 08:00:00 AM,160,80,80
10/16/2018 07:00:00 AM,116,64,52
10/16/2018 06:00:00 AM,43,25,18
10/16/2018 05:00:00 AM,19,14,5
10/16/2018 04:00:00 AM,2,1,1
10/16/2018 03:00:00 AM,1,0,1
10/16/2018 02:00:00 AM,1,1,0
10/16/2018 01:00:00 AM,0,0,0
10/16/2018 12:00:00 AM,6,2,4
10/15/2018 11:00:00 PM,7,5,2
10/15/2018 10:00:00 PM,5,3,2
10/15/2018 09:00:00 PM,9,3,6
10/15/2018 08:00:00 PM,14,4,10
10/15/2018 07:00:00 PM,32,14,18
10/15/2018 06:00:00 PM,94,38,56
10/15/2018 05:00:00 PM,219,83,136
10/15/2018 04:00:00 PM,156,56,100
10/15/2018 03:00:00 PM,69,24,45
10/15/2018 02:00:00 PM,38,18,20
10/15/2018 01:00:00 PM,41,20,21
10/15/2018 12:00:00 PM,37,16,21
10/15/2018 11:00:00 AM,30,17,13
10/15/2018 10:00:00 AM,35,16,19
10/15/2018 09:00:00 AM,86,36,50
10/15/2018 08:00:00 AM,175,84,91
10/15/2018 07:00:00 AM,100,59,41
10/15/2018 06:00:00 AM,38,14,24
10/15/2018 05:00:00 AM,13,13,0
10/15/2018 04:00:00 AM,2,2,0
10/15/2018 03:00:00 AM,1,0,1
10/15/2018 02:00:00 AM,1,1,0
10/15/2018 01:00:00 AM,2,1,1
10/15/2018 12:00:00 AM,3,1,2
10/14/2018 11:00:00 PM,4,2,2
10/14/2018 10:00:00 PM,1,1,0
10/14/2018 09:00:00 PM,3,3,0
10/14/2018 08:00:00 PM,7,0,7
10/14/2018 07:00:00 PM,18,6,12
10/14/2018 06:00:00 PM,19,8,11
10/14/2018 05:00:00 PM,20,8,12
10/14/2018 04:00:00 PM,33,18,15
10/14/2018 03:00:00 PM,35,17,18
10/14/2018 02:00:00 PM,29,15,14
10/14/2018 01:00:00 PM,33,12,21
10/14/2018 12:00:00 PM,20,8,12
10/14/2018 11:00:00 AM,27,13,14
10/14/2018 10:00:00 AM,12,7,5
10/14/2018 09:00:00 AM,7,2,5
10/14/2018 08:00:00 AM,8,6,2
10/14/2018 07:00:00 AM,4,3,1
10/14/2018 06:00:00 AM,0,0,0
10/14/2018 05:00:00 AM,0,0,0
10/14/2018 04:00:00 AM,0,0,0
10/14/2018 03:00:00 AM,0,0,0
10/14/2018 02:00:00 AM,5,4,1
10/14/2018 01:00:00 AM,5,4,1
10/14/2018 12:00:00 AM,11,9,2
10/13/2018 11:00:00 PM,8,4,4
10/13/2018 10:00:00 PM,18,7,11
10/13/2018 09:00:00 PM,15,7,8
10/13/2018 08:00:00 PM,18,4,14
10/13/2018 07:00:00 PM,10,6,4
10/13/2018 06:00:00 PM,18,6,12
10/13/2018 05:00:00 PM,38,16,22
10/13/2018 04:00:00 PM,39,19,20
10/13/2018 03:00:00 PM,39,19,20
10/13/2018 02:00:00 PM,27,11,16
10/13/2018 01:00:00 PM,40,17,23
10/13/2018 12:00:00 PM,31,10,21
10/13/2018 11:00:00 AM,29,12,17
10/13/2018 10:00:00 AM,13,5,8
10/13/2018 09:00:00 AM,26,12,14
10/13/2018 08:00:00 AM,15,6,9
10/13/2018 07:00:00 AM,7,6,1
10/13/2018 06:00:00 AM,5,4,1
10/13/2018 05:00:00 AM,1,0,1
10/13/2018 04:00:00 AM,1,1,0
10/13/2018 03:00:00 AM,1,1,0
10/13/2018 02:00:00 AM,1,0,1
10/13/2018 01:00:00 AM,2,1,1
10/13/2018 12:00:00 AM,2,1,1
10/12/2018 11:00:00 PM,9,4,5
10/12/2018 10:00:00 PM,7,2,5
10/12/2018 09:00:00 PM,17,7,10
10/12/2018 08:00:00 PM,15,4,11
10/12/2018 07:00:00 PM,27,18,9
10/12/2018 06:00:00 PM,71,29,42
10/12/2018 05:00:00 PM,172,64,108
10/12/2018 04:00:00 PM,156,60,96
10/12/2018 03:00:00 PM,82,32,50
10/12/2018 02:00:00 PM,45,19,26
10/12/2018 01:00:00 PM,48,15,33
10/12/2018 12:00:00 PM,47,21,26
10/12/2018 11:00:00 AM,48,26,22
10/12/2018 10:00:00 AM,40,13,27
10/12/2018 09:00:00 AM,89,40,49
10/12/2018 08:00:00 AM,129,53,76
10/12/2018 07:00:00 AM,79,50,29
10/12/2018 06:00:00 AM,30,22,8
10/12/2018 05:00:00 AM,14,10,4
10/12/2018 04:00:00 AM,0,0,0
10/12/2018 03:00:00 AM,1,1,0
10/12/2018 02:00:00 AM,2,0,2
10/12/2018 01:00:00 AM,2,2,0
10/12/2018 12:00:00 AM,7,2,5
10/11/2018 11:00:00 PM,4,2,2
10/11/2018 10:00:00 PM,10,7,3
10/11/2018 09:00:00 PM,19,11,8
10/11/2018 08:00:00 PM,10,3,7
10/11/2018 07:00:00 PM,40,20,20
10/11/2018 06:00:00 PM,98,47,51
10/11/2018 05:00:00 PM,220,87,133
10/11/2018 04:00:00 PM,150,50,100
10/11/2018 03:00:00 PM,67,22,45
10/11/2018 02:00:00 PM,41,20,21
10/11/2018 01:00:00 PM,31,12,19
10/11/2018 12:00:00 PM,34,15,19
10/11/2018 11:00:00 AM,49,28,21
10/11/2018 10:00:00 AM,36,14,22
10/11/2018 09:00:00 AM,75,32,43
10/11/2018 08:00:00 AM,152,72,80
10/11/2018 07:00:00 AM,110,61,49
10/11/2018 06:00:00 AM,36,17,19
10/11/2018 05:00:00 AM,17,16,1
10/11/2018 04:00:00 AM,1,1,0
10/11/2018 03:00:00 AM,4,2,2
10/11/2018 02:00:00 AM,0,0,0
10/11/2018 01:00:00 AM,0,0,0
10/11/2018 12:00:00 AM,4,4,0
10/10/2018 11:00:00 PM,9,1,8
10/10/2018 10:00:00 PM,10,4,6
10/10/2018 09:00:00 PM,15,6,9
10/10/2018 08:00:00 PM,23,9,14
10/10/2018 07:00:00 PM,48,18,30
10/10/2018 06:00:00 PM,112,40,72
10/10/2018 05:00:00 PM,225,82,143
10/10/2018 04:00:00 PM,152,52,100
10/10/2018 03:00:00 PM,78,25,53
10/10/2018 02:00:00 PM,46,22,24
10/10/2018 01:00:00 PM,35,16,19
10/10/2018 12:00:00 PM,43,15,28
10/10/2018 11:00:00 AM,39,20,19
10/10/2018 10:00:00 AM,47,11,36
10/10/2018 09:00:00 AM,80,31,49
10/10/2018 08:00:00 AM,158,82,76
10/10/2018 07:00:00 AM,103,63,40
10/10/2018 06:00:00 AM,40,18,22
10/10/2018 05:00:00 AM,16,13,3
10/10/2018 04:00:00 AM,4,2,2
10/10/2018 03:00:00 AM,1,0,1
10/10/2018 02:00:00 AM,0,0,0
10/10/2018 01:00:00 AM,2,2,0
10/10/2018 12:00:00 AM,2,0,2
10/09/2018 11:00:00 PM,4,3,1
10/09/2018 10:00:00 PM,12,4,8
10/09/2018 09:00:00 PM,15,8,7
10/09/2018 08:00:00 PM,15,8,7
10/09/2018 07:00:00 PM,37,17,20
10/09/2018 06:00:00 PM,99,39,60
10/09/2018 05:00:00 PM,177,68,109
10/09/2018 04:00:00 PM,138,57,81
10/09/2018 03:00:00 PM,60,14,46
10/09/2018 02:00:00 PM,42,22,20
10/09/2018 01:00:00 PM,27,14,13
10/09/2018 12:00:00 PM,36,21,15
10/09/2018 11:00:00 AM,43,19,24
10/09/2018 10:00:00 AM,32,13,19
10/09/2018 09:00:00 AM,82,34,48
10/09/2018 08:00:00 AM,142,78,64
10/09/2018 07:00:00 AM,89,54,35
10/09/2018 06:00:00 AM,34,18,16
10/09/2018 05:00:00 AM,13,8,5
10/09/2018 04:00:00 AM,2,1,1
10/09/2018 03:00:00 AM,2,0,2
10/09/2018 02:00:00 AM,0,0,0
10/09/2018 01:00:00 AM,1,1,0
10/09/2018 12:00:00 AM,0,0,0
10/08/2018 11:00:00 PM,4,2,2
10/08/2018 10:00:00 PM,10,6,4
10/08/2018 09:00:00 PM,23,17,6
10/08/2018 08:00:00 PM,9,3,6
10/08/2018 07:00:00 PM,33,19,14
10/08/2018 06:00:00 PM,87,33,54
10/08/2018 05:00:00 PM,153,51,102
10/08/2018 04:00:00 PM,91,29,62
10/08/2018 03:00:00 PM,44,10,34
10/08/2018 02:00:00 PM,28,10,18
10/08/2018 01:00:00 PM,24,12,12
10/08/2018 12:00:00 PM,23,14,9
10/08/2018 11:00:00 AM,28,12,16
10/08/2018 10:00:00 AM,32,15,17
10/08/2018 09:00:00 AM,65,29,36
10/08/2018 08:00:00 AM,115,63,52
10/08/2018 07:00:00 AM,71,38,33
10/08/2018 06:00:00 AM,29,18,11
10/08/2018 05:00:00 AM,12,8,4
10/08/2018 04:00:00 AM,1,0,1
10/08/2018 03:00:00 AM,1,0,1
10/08/2018 02:00:00 AM,0,0,0
10/08/2018 01:00:00 AM,0,0,0
10/08/2018 12:00:00 AM,3,3,0
10/07/2018 11:00:00 PM,4,3,1
10/07/2018 10:00:00 PM,5,3,2
10/07/2018 09:00:00 PM,4,1,3
10/07/2018 08:00:00 PM,4,2,2
10/07/2018 07:00:00 PM,22,12,10
10/07/2018 06:00:00 PM,20,12,8
10/07/2018 05:00:00 PM,51,36,15
10/07/2018 04:00:00 PM,35,25,10
10/07/2018 03:00:00 PM,18,8,10
10/07/2018 02:00:00 PM,14,7,7
10/07/2018 01:00:00 PM,16,5,11
10/07/2018 12:00:00 PM,30,14,16
10/07/2018 11:00:00 AM,22,10,12
10/07/2018 10:00:00 AM,9,6,3
10/07/2018 09:00:00 AM,19,8,11
10/07/2018 08:00:00 AM,8,3,5
10/07/2018 07:00:00 AM,5,2,3
10/07/2018 06:00:00 AM,2,2,0
10/07/2018 05:00:00 AM,1,0,1
10/07/2018 04:00:00 AM,0,0,0
10/07/2018 03:00:00 AM,1,1,0
10/07/2018 02:00:00 AM,2,2,0
10/07/2018 01:00:00 AM,4,3,1
10/07/2018 12:00:00 AM,6,3,3
10/06/2018 11:00:00 PM,5,1,4
10/06/2018 10:00:00 PM,8,1,7
10/06/2018 09:00:00 PM,12,5,7
10/06/2018 08:00:00 PM,12,6,6
10/06/2018 07:00:00 PM,8,3,5
10/06/2018 06:00:00 PM,25,14,11
10/06/2018 05:00:00 PM,22,8,14
10/06/2018 04:00:00 PM,28,14,14
10/06/2018 03:00:00 PM,25,12,13
10/06/2018 02:00:00 PM,41,13,28
10/06/2018 01:00:00 PM,21,6,15
10/06/2018 12:00:00 PM,35,26,9
10/06/2018 11:00:00 AM,20,9,11
10/06/2018 10:00:00 AM,7,4,3
10/06/2018 09:00:00 AM,18,8,10
10/06/2018 08:00:00 AM,14,4,10
10/06/2018 07:00:00 AM,10,6,4
10/06/2018 06:00:00 AM,5,2,3
10/06/2018 05:00:00 AM,1,0,1
10/06/2018 04:00:00 AM,1,1,0
10/06/2018 03:00:00 AM,0,0,0
10/06/2018 02:00:00 AM,0,0,0
10/06/2018 01:00:00 AM,4,3,1
10/06/2018 12:00:00 AM,2,1,1
10/05/2018 11:00:00 PM,4,1,3
10/05/2018 10:00:00 PM,6,3,3
10/05/2018 09:00:00 PM,13,5,8
10/05/2018 08:00:00 PM,9,5,4
10/05/2018 07:00:00 PM,32,16,16
10/05/2018 06:00:00 PM,45,18,27
10/05/2018 05:00:00 PM,97,29,68
10/05/2018 04:00:00 PM,86,31,55
10/05/2018 03:00:00 PM,49,16,33
10/05/2018 02:00:00 PM,43,18,25
10/05/2018 01:00:00 PM,29,16,13
10/05/2018 12:00:00 PM,30,20,10
10/05/2018 11:00:00 AM,26,12,14
10/05/2018 10:00:00 AM,20,11,9
10/05/2018 09:00:00 AM,54,24,30
10/05/2018 08:00:00 AM,106,51,55
10/05/2018 07:00:00 AM,63,43,20
10/05/2018 06:00:00 AM,16,9,7
10/05/2018 05:00:00 AM,10,6,4
10/05/2018 04:00:00 AM,0,0,0
10/05/2018 03:00:00 AM,1,1,0
10/05/2018 02:00:00 AM,2,1,1
10/05/2018 01:00:00 AM,6,3,3
10/05/2018 12:00:00 AM,25,21,4
10/04/2018 11:00:00 PM,3,2,1
10/04/2018 10:00:00 PM,9,4,5
10/04/2018 09:00:00 PM,15,7,8
10/04/2018 08:00:00 PM,36,18,18
10/04/2018 07:00:00 PM,74,33,41
10/04/2018 06:00:00 PM,129,55,74
10/04/2018 05:00:00 PM,231,61,170
10/04/2018 04:00:00 PM,155,64,91
10/04/2018 03:00:00 PM,76,28,48
10/04/2018 02:00:00 PM,54,23,31
10/04/2018 01:00:00 PM,39,20,19
10/04/2018 12:00:00 PM,31,17,14
10/04/2018 11:00:00 AM,41,24,17
10/04/2018 10:00:00 AM,41,18,23
10/04/2018 09:00:00 AM,93,43,50
10/04/2018 08:00:00 AM,146,65,81
10/04/2018 07:00:00 AM,93,56,37
10/04/2018 06:00:00 AM,35,13,22
10/04/2018 05:00:00 AM,21,17,4
10/04/2018 04:00:00 AM,3,1,2
10/04/2018 03:00:00 AM,2,1,1
10/04/2018 02:00:00 AM,1,0,1
10/04/2018 01:00:00 AM,0,0,0
10/04/2018 12:00:00 AM,2,1,1
10/03/2018 11:00:00 PM,8,4,4
10/03/2018 10:00:00 PM,15,3,12
10/03/2018 09:00:00 PM,11,4,7
10/03/2018 08:00:00 PM,19,6,13
10/03/2018 07:00:00 PM,31,12,19
10/03/2018 06:00:00 PM,104,37,67
10/03/2018 05:00:00 PM,235,91,144
10/03/2018 04:00:00 PM,144,50,94
10/03/2018 03:00:00 PM,77,31,46
10/03/2018 02:00:00 PM,40,13,27
10/03/2018 01:00:00 PM,39,17,22
10/03/2018 12:00:00 PM,37,16,21
10/03/2018 11:00:00 AM,33,20,13
10/03/2018 10:00:00 AM,36,15,21
10/03/2018 09:00:00 AM,82,39,43
10/03/2018 08:00:00 AM,146,78,68
10/03/2018 07:00:00 AM,112,56,56
10/03/2018 06:00:00 AM,52,28,24
10/03/2018 05:00:00 AM,19,14,5
10/03/2018 04:00:00 AM,3,2,1
10/03/2018 03:00:00 AM,2,1,1
10/03/2018 02:00:00 AM,1,1,0
10/03/2018 01:00:00 AM,2,1,1
10/03/2018 12:00:00 AM,1,0,1
10/02/2018 11:00:00 PM,3,1,2
10/02/2018 10:00:00 PM,5,0,5
10/02/2018 09:00:00 PM,11,5,6
10/02/2018 08:00:00 PM,9,5,4
10/02/2018 07:00:00 PM,28,12,16
10/02/2018 06:00:00 PM,79,31,48
10/02/2018 05:00:00 PM,206,85,121
10/02/2018 04:00:00 PM,138,52,86
10/02/2018 03:00:00 PM,82,31,51
10/02/2018 02:00:00 PM,38,14,24
10/02/2018 01:00:00 PM,21,10,11
10/02/2018 12:00:00 PM,48,28,20
10/02/2018 11:00:00 AM,36,18,18
10/02/2018 10:00:00 AM,35,10,25
10/02/2018 09:00:00 AM,83,37,46
10/02/2018 08:00:00 AM,156,80,76
10/02/2018 07:00:00 AM,85,47,38
10/02/2018 06:00:00 AM,44,22,22
10/02/2018 05:00:00 AM,22,19,3
10/02/2018 04:00:00 AM,1,0,1
10/02/2018 03:00:00 AM,1,0,1
10/02/2018 02:00:00 AM,3,3,0
10/02/2018 01:00:00 AM,0,0,0
10/02/2018 12:00:00 AM,0,0,0
10/01/2018 11:00:00 PM,3,2,1
10/01/2018 10:00:00 PM,6,1,5
10/01/2018 09:00:00 PM,7,3,4
10/01/2018 08:00:00 PM,15,5,10
10/01/2018 07:00:00 PM,28,11,17
10/01/2018 06:00:00 PM,75,32,43
10/01/2018 05:00:00 PM,160,43,117
10/01/2018 04:00:00 PM,111,41,70
10/01/2018 03:00:00 PM,49,12,37
10/01/2018 02:00:00 PM,34,13,21
10/01/2018 01:00:00 PM,25,13,12
10/01/2018 12:00:00 PM,36,20,16
10/01/2018 11:00:00 AM,15,7,8
10/01/2018 10:00:00 AM,33,15,18
10/01/2018 09:00:00 AM,80,41,39
10/01/2018 08:00:00 AM,152,78,74
10/01/2018 07:00:00 AM,86,53,33
10/01/2018 06:00:00 AM,33,16,17
10/01/2018 05:00:00 AM,11,8,3
10/01/2018 04:00:00 AM,3,2,1
10/01/2018 03:00:00 AM,0,0,0
10/01/2018 02:00:00 AM,0,0,0
10/01/2018 01:00:00 AM,1,1,0
10/01/2018 12:00:00 AM,3,0,3
09/30/2018 11:00:00 PM,1,1,0
09/30/2018 10:00:00 PM,5,2,3
09/30/2018 09:00:00 PM,9,5,4
09/30/2018 08:00:00 PM,9,4,5
09/30/2018 07:00:00 PM,14,6,8
09/30/2018 06:00:00 PM,22,9,13
09/30/2018 05:00:00 PM,27,12,15
09/30/2018 04:00:00 PM,31,16,15
09/30/2018 03:00:00 PM,19,12,7
09/30/2018 02:00:00 PM,24,9,15
09/30/2018 01:00:00 PM,31,12,19
09/30/2018 12:00:00 PM,33,14,19
09/30/2018 11:00:00 AM,37,13,24
09/30/2018 10:00:00 AM,16,10,6
09/30/2018 09:00:00 AM,20,8,12
09/30/2018 08:00:00 AM,9,5,4
09/30/2018 07:00:00 AM,6,3,3
09/30/2018 06:00:00 AM,3,3,0
09/30/2018 05:00:00 AM,1,1,0
09/30/2018 04:00:00 AM,1,0,1
09/30/2018 03:00:00 AM,3,1,2
09/30/2018 02:00:00 AM,4,2,2
09/30/2018 01:00:00 AM,4,4,0
09/30/2018 12:00:00 AM,5,2,3
09/29/2018 11:00:00 PM,6,2,4
09/29/2018 10:00:00 PM,10,1,9
09/29/2018 09:00:00 PM,9,3,6
09/29/2018 08:00:00 PM,8,7,1
09/29/2018 07:00:00 PM,13,5,8
09/29/2018 06:00:00 PM,34,13,21
09/29/2018 05:00:00 PM,32,10,22
09/29/2018 04:00:00 PM,51,30,21
09/29/2018 03:00:00 PM,105,75,30
09/29/2018 02:00:00 PM,32,21,11
09/29/2018 01:00:00 PM,62,27,35
09/29/2018 12:00:00 PM,86,15,71
09/29/2018 11:00:00 AM,60,20,40
09/29/2018 10:00:00 AM,27,15,12
09/29/2018 09:00:00 AM,23,11,12
09/29/2018 08:00:00 AM,17,9,8
09/29/2018 07:00:00 AM,6,4,2
09/29/2018 06:00:00 AM,4,4,0
09/29/2018 05:00:00 AM,2,1,1
09/29/2018 04:00:00 AM,1,0,1
09/29/2018 03:00:00 AM,2,1,1
09/29/2018 02:00:00 AM,1,0,1
09/29/2018 01:00:00 AM,13,7,6
09/29/2018 12:00:00 AM,10,5,5
09/28/2018 11:00:00 PM,19,14,5
09/28/2018 10:00:00 PM,19,8,11
09/28/2018 09:00:00 PM,17,12,5
09/28/2018 08:00:00 PM,17,7,10
09/28/2018 07:00:00 PM,49,21,28
09/28/2018 06:00:00 PM,93,32,61
09/28/2018 05:00:00 PM,180,73,107
09/28/2018 04:00:00 PM,156,51,105
09/28/2018 03:00:00 PM,100,35,65
09/28/2018 02:00:00 PM,74,37,37
09/28/2018 01:00:00 PM,57,26,31
09/28/2018 12:00:00 PM,67,42,25
09/28/2018 11:00:00 AM,50,26,24
09/28/2018 10:00:00 AM,41,20,21
09/28/2018 09:00:00 AM,101,42,59
09/28/2018 08:00:00 AM,158,76,82
09/28/2018 07:00:00 AM,91,49,42
09/28/2018 06:00:00 AM,42,24,18
09/28/2018 05:00:00 AM,13,8,5
09/28/2018 04:00:00 AM,4,2,2
09/28/2018 03:00:00 AM,0,0,0
09/28/2018 02:00:00 AM,2,1,1
09/28/2018 01:00:00 AM,7,4,3
09/28/2018 12:00:00 AM,4,2,2
09/27/2018 11:00:00 PM,7,2,5
09/27/2018 10:00:00 PM,12,8,4
09/27/2018 09:00:00 PM,10,4,6
09/27/2018 08:00:00 PM,22,10,12
09/27/2018 07:00:00 PM,45,17,28
09/27/2018 06:00:00 PM,119,44,75
09/27/2018 05:00:00 PM,249,106,143
09/27/2018 04:00:00 PM,164,64,100
09/27/2018 03:00:00 PM,76,34,42
09/27/2018 02:00:00 PM,46,20,26
09/27/2018 01:00:00 PM,43,22,21
09/27/2018 12:00:00 PM,66,39,27
09/27/2018 11:00:00 AM,51,19,32
09/27/2018 10:00:00 AM,33,12,21
09/27/2018 09:00:00 AM,99,38,61
09/27/2018 08:00:00 AM,154,86,68
09/27/2018 07:00:00 AM,101,55,46
09/27/2018 06:00:00 AM,48,20,28
09/27/2018 05:00:00 AM,18,13,5
09/27/2018 04:00:00 AM,0,0,0
09/27/2018 03:00:00 AM,3,1,2
09/27/2018 02:00:00 AM,3,3,0
09/27/2018 01:00:00 AM,1,0,1
09/27/2018 12:00:00 AM,1,1,0
09/26/2018 11:00:00 PM,7,3,4
09/26/2018 10:00:00 PM,11,8,3
09/26/2018 09:00:00 PM,22,11,11
09/26/2018 08:00:00 PM,22,11,11
09/26/2018 07:00:00 PM,33,14,19
09/26/2018 06:00:00 PM,116,41,75
09/26/2018 05:00:00 PM,224,81,143
09/26/2018 04:00:00 PM,163,52,111
09/26/2018 03:00:00 PM,74,31,43
09/26/2018 02:00:00 PM,50,19,31
09/26/2018 01:00:00 PM,52,23,29
09/26/2018 12:00:00 PM,41,22,19
09/26/2018 11:00:00 AM,51,22,29
09/26/2018 10:00:00 AM,47,23,24
09/26/2018 09:00:00 AM,108,55,53
09/26/2018 08:00:00 AM,166,83,83
09/26/2018 07:00:00 AM,101,55,46
09/26/2018 06:00:00 AM,42,20,22
09/26/2018 05:00:00 AM,18,13,5
09/26/2018 04:00:00 AM,2,2,0
09/26/2018 03:00:00 AM,2,1,1
09/26/2018 02:00:00 AM,1,1,0
09/26/2018 01:00:00 AM,1,1,0
09/26/2018 12:00:00 AM,3,2,1
09/25/2018 11:00:00 PM,11,8,3
09/25/2018 10:00:00 PM,13,7,6
09/25/2018 09:00:00 PM,12,2,10
09/25/2018 08:00:00 PM,20,7,13
09/25/2018 07:00:00 PM,32,6,26
09/25/2018 06:00:00 PM,127,55,72
09/25/2018 05:00:00 PM,259,105,154
09/25/2018 04:00:00 PM,165,62,103
09/25/2018 03:00:00 PM,80,26,54
09/25/2018 02:00:00 PM,40,19,21
09/25/2018 01:00:00 PM,50,27,23
09/25/2018 12:00:00 PM,57,26,31
09/25/2018 11:00:00 AM,62,30,32
09/25/2018 10:00:00 AM,44,21,23
09/25/2018 09:00:00 AM,95,42,53
09/25/2018 08:00:00 AM,180,82,98
09/25/2018 07:00:00 AM,111,64,47
09/25/2018 06:00:00 AM,52,23,29
09/25/2018 05:00:00 AM,15,12,3
09/25/2018 04:00:00 AM,1,1,0
09/25/2018 03:00:00 AM,3,2,1
09/25/2018 02:00:00 AM,0,0,0
09/25/2018 01:00:00 AM,1,0,1
09/25/2018 12:00:00 AM,6,2,4
09/24/2018 11:00:00 PM,9,4,5
09/24/2018 10:00:00 PM,20,11,9
09/24/2018 09:00:00 PM,20,15,5
09/24/2018 08:00:00 PM,28,16,12
09/24/2018 07:00:00 PM,42,21,21
09/24/2018 06:00:00 PM,112,44,68
09/24/2018 05:00:00 PM,261,86,175
09/24/2018 04:00:00 PM,155,64,91
09/24/2018 03:00:00 PM,75,33,42
09/24/2018 02:00:00 PM,47,15,32
09/24/2018 01:00:00 PM,37,23,14
09/24/2018 12:00:00 PM,40,17,23
09/24/2018 11:00:00 AM,39,22,17
09/24/2018 10:00:00 AM,61,30,31
09/24/2018 09:00:00 AM,101,53,48
09/24/2018 08:00:00 AM,197,95,102
09/24/2018 07:00:00 AM,102,54,48
09/24/2018 06:00:00 AM,52,26,26
09/24/2018 05:00:00 AM,18,12,6
09/24/2018 04:00:00 AM,2,1,1
09/24/2018 03:00:00 AM,1,1,0
09/24/2018 02:00:00 AM,1,0,1
09/24/2018 01:00:00 AM,1,1,0
09/24/2018 12:00:00 AM,2,0,2
09/23/2018 11:00:00 PM,1,0,1
09/23/2018 10:00:00 PM,9,4,5
09/23/2018 09:00:00 PM,12,8,4
09/23/2018 08:00:00 PM,1,0,1
09/23/2018 07:00:00 PM,21,14,7
09/23/2018 06:00:00 PM,30,17,13
09/23/2018 05:00:00 PM,42,25,17
09/23/2018 04:00:00 PM,67,45,22
09/23/2018 03:00:00 PM,34,19,15
09/23/2018 02:00:00 PM,32,20,12
09/23/2018 01:00:00 PM,29,12,17
09/23/2018 12:00:00 PM,41,12,29
09/23/2018 11:00:00 AM,53,12,41
09/23/2018 10:00:00 AM,26,13,13
09/23/2018 09:00:00 AM,28,8,20
09/23/2018 08:00:00 AM,14,7,7
09/23/2018 07:00:00 AM,8,2,6
09/23/2018 06:00:00 AM,5,3,2
09/23/2018 05:00:00 AM,1,1,0
09/23/2018 04:00:00 AM,0,0,0
09/23/2018 03:00:00 AM,0,0,0
09/23/2018 02:00:00 AM,3,2,1
09/23/2018 01:00:00 AM,1,1,0
09/23/2018 12:00:00 AM,8,2,6
09/22/2018 11:00:00 PM,21,9,12
09/22/2018 10:00:00 PM,12,3,9
09/22/2018 09:00:00 PM,7,4,3
09/22/2018 08:00:00 PM,13,3,10
09/22/2018 07:00:00 PM,23,10,13
09/22/2018 06:00:00 PM,25,9,16
09/22/2018 05:00:00 PM,38,22,16
09/22/2018 04:00:00 PM,50,30,20
09/22/2018 03:00:00 PM,32,14,18
09/22/2018 02:00:00 PM,33,13,20
09/22/2018 01:00:00 PM,32,16,16
09/22/2018 12:00:00 PM,29,16,13
09/22/2018 11:00:00 AM,17,11,6
09/22/2018 10:00:00 AM,22,18,4
09/22/2018 09:00:00 AM,16,6,10
09/22/2018 08:00:00 AM,14,6,8
09/22/2018 07:00:00 AM,9,7,2
09/22/2018 06:00:00 AM,4,2,2
09/22/2018 05:00:00 AM,2,2,0
09/22/2018 04:00:00 AM,3,1,2
09/22/2018 03:00:00 AM,2,2,0
09/22/2018 02:00:00 AM,8,3,5
09/22/2018 01:00:00 AM,2,1,1
09/22/2018 12:00:00 AM,6,2,4
09/21/2018 11:00:00 PM,6,4,2
09/21/2018 10:00:00 PM,10,5,5
09/21/2018 09:00:00 PM,17,10,7
09/21/2018 08:00:00 PM,21,8,13
09/21/2018 07:00:00 PM,35,9,26
09/21/2018 06:00:00 PM,88,35,53
09/21/2018 05:00:00 PM,177,64,113
09/21/2018 04:00:00 PM,135,50,85
09/21/2018 03:00:00 PM,122,50,72
09/21/2018 02:00:00 PM,55,21,34
09/21/2018 01:00:00 PM,58,30,28
09/21/2018 12:00:00 PM,56,24,32
09/21/2018 11:00:00 AM,42,21,21
09/21/2018 10:00:00 AM,37,14,23
09/21/2018 09:00:00 AM,96,35,61
09/21/2018 08:00:00 AM,133,57,76
09/21/2018 07:00:00 AM,87,49,38
09/21/2018 06:00:00 AM,34,16,18
09/21/2018 05:00:00 AM,14,10,4
09/21/2018 04:00:00 AM,3,3,0
09/21/2018 03:00:00 AM,1,1,0
09/21/2018 02:00:00 AM,4,1,3
09/21/2018 01:00:00 AM,2,0,2
09/21/2018 12:00:00 AM,3,2,1
09/20/2018 11:00:00 PM,9,6,3
09/20/2018 10:00:00 PM,9,2,7
09/20/2018 09:00:00 PM,13,7,6
09/20/2018 08:00:00 PM,24,11,13
09/20/2018 07:00:00 PM,62,31,31
09/20/2018 06:00:00 PM,99,40,59
09/20/2018 05:00:00 PM,185,73,112
09/20/2018 04:00:00 PM,145,47,98
09/20/2018 03:00:00 PM,75,30,45
09/20/2018 02:00:00 PM,48,23,25
09/20/2018 01:00:00 PM,56,29,27
09/20/2018 12:00:00 PM,47,26,21
09/20/2018 11:00:00 AM,39,18,21
09/20/2018 10:00:00 AM,38,21,17
09/20/2018 09:00:00 AM,86,32,54
09/20/2018 08:00:00 AM,136,68,68
09/20/2018 07:00:00 AM,86,45,41
09/20/2018 06:00:00 AM,40,23,17
09/20/2018 05:00:00 AM,14,10,4
09/20/2018 04:00:00 AM,1,1,0
09/20/2018 03:00:00 AM,3,1,2
09/20/2018 02:00:00 AM,0,0,0
09/20/2018 01:00:00 AM,1,1,0
09/20/2018 12:00:00 AM,6,4,2
09/19/2018 11:00:00 PM,9,3,6
09/19/2018 10:00:00 PM,57,42,15
09/19/2018 09:00:00 PM,16,11,5
09/19/2018 08:00:00 PM,26,12,14
09/19/2018 07:00:00 PM,86,29,57
09/19/2018 06:00:00 PM,121,39,82
09/19/2018 05:00:00 PM,241,81,160
09/19/2018 04:00:00 PM,171,59,112
09/19/2018 03:00:00 PM,61,22,39
09/19/2018 02:00:00 PM,46,18,28
09/19/2018 01:00:00 PM,39,20,19
09/19/2018 12:00:00 PM,38,20,18
09/19/2018 11:00:00 AM,43,20,23
09/19/2018 10:00:00 AM,47,23,24
09/19/2018 09:00:00 AM,103,40,63
09/19/2018 08:00:00 AM,161,80,81
09/19/2018 07:00:00 AM,107,58,49
09/19/2018 06:00:00 AM,29,15,14
09/19/2018 05:00:00 AM,10,9,1
09/19/2018 04:00:00 AM,1,1,0
09/19/2018 03:00:00 AM,2,0,2
09/19/2018 02:00:00 AM,0,0,0
09/19/2018 01:00:00 AM,6,4,2
09/19/2018 12:00:00 AM,1,1,0
09/18/2018 11:00:00 PM,3,1,2
09/18/2018 10:00:00 PM,16,3,13
09/18/2018 09:00:00 PM,24,12,12
09/18/2018 08:00:00 PM,23,12,11
09/18/2018 07:00:00 PM,37,11,26
09/18/2018 06:00:00 PM,123,57,66
09/18/2018 05:00:00 PM,221,85,136
09/18/2018 04:00:00 PM,182,70,112
09/18/2018 03:00:00 PM,81,28,53
09/18/2018 02:00:00 PM,58,24,34
09/18/2018 01:00:00 PM,53,27,26
09/18/2018 12:00:00 PM,45,28,17
09/18/2018 11:00:00 AM,40,18,22
09/18/2018 10:00:00 AM,39,19,20
09/18/2018 09:00:00 AM,104,56,48
09/18/2018 08:00:00 AM,184,84,100
09/18/2018 07:00:00 AM,108,57,51
09/18/2018 06:00:00 AM,50,25,25
09/18/2018 05:00:00 AM,18,13,5
09/18/2018 04:00:00 AM,3,2,1
09/18/2018 03:00:00 AM,1,0,1
09/18/2018 02:00:00 AM,2,0,2
09/18/2018 01:00:00 AM,2,1,1
09/18/2018 12:00:00 AM,0,0,0
09/17/2018 11:00:00 PM,2,0,2
09/17/2018 10:00:00 PM,2,2,0
09/17/2018 09:00:00 PM,10,5,5
09/17/2018 08:00:00 PM,18,8,10
09/17/2018 07:00:00 PM,50,25,25
09/17/2018 06:00:00 PM,115,42,73
09/17/2018 05:00:00 PM,221,80,141
09/17/2018 04:00:00 PM,166,57,109
09/17/2018 03:00:00 PM,94,32,62
09/17/2018 02:00:00 PM,40,13,27
09/17/2018 01:00:00 PM,45,27,18
09/17/2018 12:00:00 PM,31,13,18
09/17/2018 11:00:00 AM,49,23,26
09/17/2018 10:00:00 AM,44,22,22
09/17/2018 09:00:00 AM,109,57,52
09/17/2018 08:00:00 AM,173,77,96
09/17/2018 07:00:00 AM,114,59,55
09/17/2018 06:00:00 AM,43,25,18
09/17/2018 05:00:00 AM,13,11,2
09/17/2018 04:00:00 AM,2,1,1
09/17/2018 03:00:00 AM,1,1,0
09/17/2018 02:00:00 AM,1,1,0
09/17/2018 01:00:00 AM,2,1,1
09/17/2018 12:00:00 AM,0,0,0
09/16/2018 11:00:00 PM,2,1,1
09/16/2018 10:00:00 PM,7,2,5
09/16/2018 09:00:00 PM,4,1,3
09/16/2018 08:00:00 PM,8,5,3
09/16/2018 07:00:00 PM,10,2,8
09/16/2018 06:00:00 PM,23,15,8
09/16/2018 05:00:00 PM,35,13,22
09/16/2018 04:00:00 PM,14,5,9
09/16/2018 03:00:00 PM,24,12,12
09/16/2018 02:00:00 PM,15,9,6
09/16/2018 01:00:00 PM,18,12,6
09/16/2018 12:00:00 PM,22,12,10
09/16/2018 11:00:00 AM,13,6,7
09/16/2018 10:00:00 AM,7,4,3
09/16/2018 09:00:00 AM,5,2,3
09/16/2018 08:00:00 AM,10,4,6
09/16/2018 07:00:00 AM,3,2,1
09/16/2018 06:00:00 AM,2,2,0
09/16/2018 05:00:00 AM,0,0,0
09/16/2018 04:00:00 AM,1,0,1
09/16/2018 03:00:00 AM,1,1,0
09/16/2018 02:00:00 AM,3,1,2
09/16/2018 01:00:00 AM,6,3,3
09/16/2018 12:00:00 AM,5,2,3
09/15/2018 11:00:00 PM,6,1,5
09/15/2018 10:00:00 PM,16,7,9
09/15/2018 09:00:00 PM,8,4,4
09/15/2018 08:00:00 PM,5,3,2
09/15/2018 07:00:00 PM,17,6,11
09/15/2018 06:00:00 PM,16,5,11
09/15/2018 05:00:00 PM,22,8,14
09/15/2018 04:00:00 PM,37,25,12
09/15/2018 03:00:00 PM,37,16,21
09/15/2018 02:00:00 PM,34,17,17
09/15/2018 01:00:00 PM,25,13,12
09/15/2018 12:00:00 PM,24,14,10
09/15/2018 11:00:00 AM,27,17,10
09/15/2018 10:00:00 AM,22,11,11
09/15/2018 09:00:00 AM,14,2,12
09/15/2018 08:00:00 AM,18,9,9
09/15/2018 07:00:00 AM,7,5,2
09/15/2018 06:00:00 AM,0,0,0
09/15/2018 05:00:00 AM,3,1,2
09/15/2018 04:00:00 AM,1,1,0
09/15/2018 03:00:00 AM,0,0,0
09/15/2018 02:00:00 AM,4,4,0
09/15/2018 01:00:00 AM,7,3,4
09/15/2018 12:00:00 AM,14,9,5
09/14/2018 11:00:00 PM,17,10,7
09/14/2018 10:00:00 PM,19,7,12
09/14/2018 09:00:00 PM,7,2,5
09/14/2018 08:00:00 PM,17,3,14
09/14/2018 07:00:00 PM,37,17,20
09/14/2018 06:00:00 PM,68,24,44
09/14/2018 05:00:00 PM,130,47,83
09/14/2018 04:00:00 PM,119,48,71
09/14/2018 03:00:00 PM,68,21,47
09/14/2018 02:00:00 PM,46,29,17
09/14/2018 01:00:00 PM,49,16,33
09/14/2018 12:00:00 PM,41,17,24
09/14/2018 11:00:00 AM,28,16,12
09/14/2018 10:00:00 AM,34,11,23
09/14/2018 09:00:00 AM,61,25,36
09/14/2018 08:00:00 AM,81,36,45
09/14/2018 07:00:00 AM,55,36,19
09/14/2018 06:00:00 AM,28,17,11
09/14/2018 05:00:00 AM,9,6,3
09/14/2018 04:00:00 AM,4,3,1
09/14/2018 03:00:00 AM,3,3,0
09/14/2018 02:00:00 AM,0,0,0
09/14/2018 01:00:00 AM,1,0,1
09/14/2018 12:00:00 AM,8,5,3
09/13/2018 11:00:00 PM,10,7,3
09/13/2018 10:00:00 PM,9,3,6
09/13/2018 09:00:00 PM,6,2,4
09/13/2018 08:00:00 PM,24,11,13
09/13/2018 07:00:00 PM,41,22,19
09/13/2018 06:00:00 PM,104,43,61
09/13/2018 05:00:00 PM,185,76,109
09/13/2018 04:00:00 PM,127,49,78
09/13/2018 03:00:00 PM,88,26,62
09/13/2018 02:00:00 PM,44,19,25
09/13/2018 01:00:00 PM,43,17,26
09/13/2018 12:00:00 PM,34,19,15
09/13/2018 11:00:00 AM,32,14,18
09/13/2018 10:00:00 AM,43,23,20
09/13/2018 09:00:00 AM,85,40,45
09/13/2018 08:00:00 AM,151,71,80
09/13/2018 07:00:00 AM,79,49,30
09/13/2018 06:00:00 AM,37,21,16
09/13/2018 05:00:00 AM,15,12,3
09/13/2018 04:00:00 AM,3,1,2
09/13/2018 03:00:00 AM,2,2,0
09/13/2018 02:00:00 AM,0,0,0
09/13/2018 01:00:00 AM,1,0,1
09/13/2018 12:00:00 AM,5,2,3
09/12/2018 11:00:00 PM,5,2,3
09/12/2018 10:00:00 PM,13,8,5
09/12/2018 09:00:00 PM,16,6,10
09/12/2018 08:00:00 PM,36,12,24
09/12/2018 07:00:00 PM,57,31,26
09/12/2018 06:00:00 PM,119,50,69
09/12/2018 05:00:00 PM,183,68,115
09/12/2018 04:00:00 PM,130,44,86
09/12/2018 03:00:00 PM,62,21,41
09/12/2018 02:00:00 PM,38,12,26
09/12/2018 01:00:00 PM,44,23,21
09/12/2018 12:00:00 PM,44,23,21
09/12/2018 11:00:00 AM,44,24,20
09/12/2018 10:00:00 AM,34,22,12
09/12/2018 09:00:00 AM,89,33,56
09/12/2018 08:00:00 AM,159,70,89
09/12/2018 07:00:00 AM,102,57,45
09/12/2018 06:00:00 AM,35,18,17
09/12/2018 05:00:00 AM,17,13,4
09/12/2018 04:00:00 AM,3,2,1
09/12/2018 03:00:00 AM,1,1,0
09/12/2018 02:00:00 AM,1,0,1
09/12/2018 01:00:00 AM,3,2,1
09/12/2018 12:00:00 AM,0,0,0
09/11/2018 11:00:00 PM,5,4,1
09/11/2018 10:00:00 PM,16,9,7
09/11/2018 09:00:00 PM,19,8,11
09/11/2018 08:00:00 PM,30,12,18
09/11/2018 07:00:00 PM,34,17,17
09/11/2018 06:00:00 PM,130,51,79
09/11/2018 05:00:00 PM,216,78,138
09/11/2018 04:00:00 PM,120,44,76
09/11/2018 03:00:00 PM,71,20,51
09/11/2018 02:00:00 PM,37,20,17
09/11/2018 01:00:00 PM,49,27,22
09/11/2018 12:00:00 PM,42,17,25
09/11/2018 11:00:00 AM,32,15,17
09/11/2018 10:00:00 AM,49,24,25
09/11/2018 09:00:00 AM,90,44,46
09/11/2018 08:00:00 AM,167,91,76
09/11/2018 07:00:00 AM,89,48,41
09/11/2018 06:00:00 AM,42,19,23
09/11/2018 05:00:00 AM,13,12,1
09/11/2018 04:00:00 AM,3,1,2
09/11/2018 03:00:00 AM,1,0,1
09/11/2018 02:00:00 AM,1,1,0
09/11/2018 01:00:00 AM,5,4,1
09/11/2018 12:00:00 AM,2,0,2
09/10/2018 11:00:00 PM,5,3,2
09/10/2018 10:00:00 PM,8,3,5
09/10/2018 09:00:00 PM,13,5,8
09/10/2018 08:00:00 PM,20,9,11
09/10/2018 07:00:00 PM,39,23,16
09/10/2018 06:00:00 PM,108,37,71
09/10/2018 05:00:00 PM,194,68,126
09/10/2018 04:00:00 PM,140,44,96
09/10/2018 03:00:00 PM,65,20,45
09/10/2018 02:00:00 PM,43,19,24
09/10/2018 01:00:00 PM,33,14,19
09/10/2018 12:00:00 PM,26,15,11
09/10/2018 11:00:00 AM,30,10,20
09/10/2018 10:00:00 AM,34,19,15
09/10/2018 09:00:00 AM,104,38,66
09/10/2018 08:00:00 AM,157,81,76
09/10/2018 07:00:00 AM,83,51,32
09/10/2018 06:00:00 AM,41,22,19
09/10/2018 05:00:00 AM,14,12,2
09/10/2018 04:00:00 AM,4,3,1
09/10/2018 03:00:00 AM,2,1,1
09/10/2018 02:00:00 AM,1,0,1
09/10/2018 01:00:00 AM,0,0,0
09/10/2018 12:00:00 AM,4,4,0
09/09/2018 11:00:00 PM,1,1,0
09/09/2018 10:00:00 PM,8,4,4
09/09/2018 09:00:00 PM,3,0,3
09/09/2018 08:00:00 PM,7,5,2
09/09/2018 07:00:00 PM,19,8,11
09/09/2018 06:00:00 PM,23,14,9
09/09/2018 05:00:00 PM,41,23,18
09/09/2018 04:00:00 PM,46,31,15
09/09/2018 03:00:00 PM,37,12,25
09/09/2018 02:00:00 PM,44,20,24
09/09/2018 01:00:00 PM,35,13,22
09/09/2018 12:00:00 PM,30,12,18
09/09/2018 11:00:00 AM,42,10,32
09/09/2018 10:00:00 AM,43,15,28
09/09/2018 09:00:00 AM,15,7,8
09/09/2018 08:00:00 AM,8,2,6
09/09/2018 07:00:00 AM,8,7,1
09/09/2018 06:00:00 AM,3,1,2
09/09/2018 05:00:00 AM,1,1,0
09/09/2018 04:00:00 AM,0,0,0
09/09/2018 03:00:00 AM,0,0,0
09/09/2018 02:00:00 AM,4,1,3
09/09/2018 01:00:00 AM,4,3,1
09/09/2018 12:00:00 AM,9,5,4
09/08/2018 11:00:00 PM,9,7,2
09/08/2018 10:00:00 PM,11,5,6
09/08/2018 09:00:00 PM,41,26,15
09/08/2018 08:00:00 PM,23,13,10
09/08/2018 07:00:00 PM,17,5,12
09/08/2018 06:00:00 PM,34,10,24
09/08/2018 05:00:00 PM,44,13,31
09/08/2018 04:00:00 PM,57,23,34
09/08/2018 03:00:00 PM,57,21,36
09/08/2018 02:00:00 PM,54,32,22
09/08/2018 01:00:00 PM,41,22,19
09/08/2018 12:00:00 PM,38,21,17
09/08/2018 11:00:00 AM,32,13,19
09/08/2018 10:00:00 AM,27,10,17
09/08/2018 09:00:00 AM,18,8,10
09/08/2018 08:00:00 AM,7,4,3
09/08/2018 07:00:00 AM,16,7,9
09/08/2018 06:00:00 AM,3,1,2
09/08/2018 05:00:00 AM,3,0,3
09/08/2018 04:00:00 AM,1,1,0
09/08/2018 03:00:00 AM,0,0,0
09/08/2018 02:00:00 AM,4,2,2
09/08/2018 01:00:00 AM,10,5,5
09/08/2018 12:00:00 AM,11,6,5
09/07/2018 11:00:00 PM,7,4,3
09/07/2018 10:00:00 PM,14,14,0
09/07/2018 09:00:00 PM,24,8,16
09/07/2018 08:00:00 PM,15,8,7
09/07/2018 07:00:00 PM,30,12,18
09/07/2018 06:00:00 PM,97,32,65
09/07/2018 05:00:00 PM,207,82,125
09/07/2018 04:00:00 PM,169,56,113
09/07/2018 03:00:00 PM,110,50,60
09/07/2018 02:00:00 PM,54,23,31
09/07/2018 01:00:00 PM,51,17,34
09/07/2018 12:00:00 PM,66,28,38
09/07/2018 11:00:00 AM,46,30,16
09/07/2018 10:00:00 AM,51,21,30
09/07/2018 09:00:00 AM,95,42,53
09/07/2018 08:00:00 AM,164,74,90
09/07/2018 07:00:00 AM,60,32,28
09/07/2018 06:00:00 AM,42,22,20
09/07/2018 05:00:00 AM,15,12,3
09/07/2018 04:00:00 AM,5,3,2
09/07/2018 03:00:00 AM,0,0,0
09/07/2018 02:00:00 AM,2,1,1
09/07/2018 01:00:00 AM,4,3,1
09/07/2018 12:00:00 AM,5,3,2
09/06/2018 11:00:00 PM,3,1,2
09/06/2018 10:00:00 PM,7,3,4
09/06/2018 09:00:00 PM,31,20,11
09/06/2018 08:00:00 PM,33,21,12
09/06/2018 07:00:00 PM,61,26,35
09/06/2018 06:00:00 PM,125,47,78
09/06/2018 05:00:00 PM,242,92,150
09/06/2018 04:00:00 PM,192,63,129
09/06/2018 03:00:00 PM,79,28,51
09/06/2018 02:00:00 PM,55,23,32
09/06/2018 01:00:00 PM,59,25,34
09/06/2018 12:00:00 PM,57,28,29
09/06/2018 11:00:00 AM,69,34,35
09/06/2018 10:00:00 AM,48,26,22
09/06/2018 09:00:00 AM,97,48,49
09/06/2018 08:00:00 AM,189,84,105
09/06/2018 07:00:00 AM,118,68,50
09/06/2018 06:00:00 AM,44,20,24
09/06/2018 05:00:00 AM,16,14,2
09/06/2018 04:00:00 AM,4,1,3
09/06/2018 03:00:00 AM,2,1,1
09/06/2018 02:00:00 AM,1,1,0
09/06/2018 01:00:00 AM,1,0,1
09/06/2018 12:00:00 AM,2,2,0
09/05/2018 11:00:00 PM,9,3,6
09/05/2018 10:00:00 PM,23,14,9
09/05/2018 09:00:00 PM,12,5,7
09/05/2018 08:00:00 PM,26,15,11
09/05/2018 07:00:00 PM,52,21,31
09/05/2018 06:00:00 PM,131,41,90
09/05/2018 05:00:00 PM,255,90,165
09/05/2018 04:00:00 PM,185,66,119
09/05/2018 03:00:00 PM,79,32,47
09/05/2018 02:00:00 PM,57,23,34
09/05/2018 01:00:00 PM,46,27,19
09/05/2018 12:00:00 PM,43,17,26
09/05/2018 11:00:00 AM,76,36,40
09/05/2018 10:00:00 AM,47,27,20
09/05/2018 09:00:00 AM,113,54,59
09/05/2018 08:00:00 AM,188,89,99
09/05/2018 07:00:00 AM,117,58,59
09/05/2018 06:00:00 AM,54,27,27
09/05/2018 05:00:00 AM,13,10,3
09/05/2018 04:00:00 AM,4,2,2
09/05/2018 03:00:00 AM,0,0,0
09/05/2018 02:00:00 AM,1,0,1
09/05/2018 01:00:00 AM,6,3,3
09/05/2018 12:00:00 AM,3,1,2
09/04/2018 11:00:00 PM,8,8,0
09/04/2018 10:00:00 PM,14,3,11
09/04/2018 09:00:00 PM,24,10,14
09/04/2018 08:00:00 PM,15,8,7
09/04/2018 07:00:00 PM,46,17,29
09/04/2018 06:00:00 PM,120,39,81
09/04/2018 05:00:00 PM,244,98,146
09/04/2018 04:00:00 PM,159,57,102
09/04/2018 03:00:00 PM,71,20,51
09/04/2018 02:00:00 PM,58,20,38
09/04/2018 01:00:00 PM,43,20,23
09/04/2018 12:00:00 PM,43,25,18
09/04/2018 11:00:00 AM,43,24,19
09/04/2018 10:00:00 AM,38,22,16
09/04/2018 09:00:00 AM,108,52,56
09/04/2018 08:00:00 AM,177,88,89
09/04/2018 07:00:00 AM,112,55,57
09/04/2018 06:00:00 AM,42,24,18
09/04/2018 05:00:00 AM,14,9,5
09/04/2018 04:00:00 AM,3,1,2
09/04/2018 03:00:00 AM,0,0,0
09/04/2018 02:00:00 AM,0,0,0
09/04/2018 01:00:00 AM,2,0,2
09/04/2018 12:00:00 AM,2,2,0
09/03/2018 11:00:00 PM,6,1,5
09/03/2018 10:00:00 PM,3,1,2
09/03/2018 09:00:00 PM,26,19,7
09/03/2018 08:00:00 PM,13,9,4
09/03/2018 07:00:00 PM,31,18,13
09/03/2018 06:00:00 PM,35,17,18
09/03/2018 05:00:00 PM,46,19,27
09/03/2018 04:00:00 PM,61,22,39
09/03/2018 03:00:00 PM,34,15,19
09/03/2018 02:00:00 PM,51,25,26
09/03/2018 01:00:00 PM,47,16,31
09/03/2018 12:00:00 PM,29,14,15
09/03/2018 11:00:00 AM,31,11,20
09/03/2018 10:00:00 AM,24,13,11
09/03/2018 09:00:00 AM,25,15,10
09/03/2018 08:00:00 AM,14,9,5
09/03/2018 07:00:00 AM,3,1,2
09/03/2018 06:00:00 AM,5,3,2
09/03/2018 05:00:00 AM,6,4,2
09/03/2018 04:00:00 AM,0,0,0
09/03/2018 03:00:00 AM,2,0,2
09/03/2018 02:00:00 AM,2,1,1
09/03/2018 01:00:00 AM,1,1,0
09/03/2018 12:00:00 AM,4,2,2
09/02/2018 11:00:00 PM,11,3,8
09/02/2018 10:00:00 PM,10,7,3
09/02/2018 09:00:00 PM,12,5,7
09/02/2018 08:00:00 PM,16,7,9
09/02/2018 07:00:00 PM,25,8,17
09/02/2018 06:00:00 PM,41,20,21
09/02/2018 05:00:00 PM,31,14,17
09/02/2018 04:00:00 PM,33,17,16
09/02/2018 03:00:00 PM,30,12,18
09/02/2018 02:00:00 PM,35,18,17
09/02/2018 01:00:00 PM,28,17,11
09/02/2018 12:00:00 PM,31,11,20
09/02/2018 11:00:00 AM,47,13,34
09/02/2018 10:00:00 AM,20,7,13
09/02/2018 09:00:00 AM,16,9,7
09/02/2018 08:00:00 AM,10,9,1
09/02/2018 07:00:00 AM,7,6,1
09/02/2018 06:00:00 AM,1,1,0
09/02/2018 05:00:00 AM,1,0,1
09/02/2018 04:00:00 AM,0,0,0
09/02/2018 03:00:00 AM,5,4,1
09/02/2018 02:00:00 AM,0,0,0
09/02/2018 01:00:00 AM,6,3,3
09/02/2018 12:00:00 AM,9,6,3
09/01/2018 11:00:00 PM,39,23,16
09/01/2018 10:00:00 PM,5,1,4
09/01/2018 09:00:00 PM,10,4,6
09/01/2018 08:00:00 PM,24,13,11
09/01/2018 07:00:00 PM,42,12,30
09/01/2018 06:00:00 PM,37,13,24
09/01/2018 05:00:00 PM,45,20,25
09/01/2018 04:00:00 PM,64,35,29
09/01/2018 03:00:00 PM,65,45,20
09/01/2018 02:00:00 PM,33,15,18
09/01/2018 01:00:00 PM,43,23,20
09/01/2018 12:00:00 PM,73,13,60
09/01/2018 11:00:00 AM,37,11,26
09/01/2018 10:00:00 AM,22,11,11
09/01/2018 09:00:00 AM,22,9,13
09/01/2018 08:00:00 AM,16,11,5
09/01/2018 07:00:00 AM,8,5,3
09/01/2018 06:00:00 AM,2,1,1
09/01/2018 05:00:00 AM,1,1,0
09/01/2018 04:00:00 AM,2,1,1
09/01/2018 03:00:00 AM,2,1,1
09/01/2018 02:00:00 AM,10,2,8
09/01/2018 01:00:00 AM,6,2,4
09/01/2018 12:00:00 AM,7,5,2
08/31/2018 11:00:00 PM,21,6,15
08/31/2018 10:00:00 PM,10,5,5
08/31/2018 09:00:00 PM,13,4,9
08/31/2018 08:00:00 PM,23,11,12
08/31/2018 07:00:00 PM,31,16,15
08/31/2018 06:00:00 PM,71,23,48
08/31/2018 05:00:00 PM,158,50,108
08/31/2018 04:00:00 PM,156,56,100
08/31/2018 03:00:00 PM,100,36,64
08/31/2018 02:00:00 PM,62,23,39
08/31/2018 01:00:00 PM,64,23,41
08/31/2018 12:00:00 PM,56,25,31
08/31/2018 11:00:00 AM,54,32,22
08/31/2018 10:00:00 AM,46,24,22
08/31/2018 09:00:00 AM,72,32,40
08/31/2018 08:00:00 AM,114,62,52
08/31/2018 07:00:00 AM,62,39,23
08/31/2018 06:00:00 AM,24,15,9
08/31/2018 05:00:00 AM,8,7,1
08/31/2018 04:00:00 AM,3,1,2
08/31/2018 03:00:00 AM,3,1,2
08/31/2018 02:00:00 AM,2,2,0
08/31/2018 01:00:00 AM,5,3,2
08/31/2018 12:00:00 AM,5,3,2
08/30/2018 11:00:00 PM,14,11,3
08/30/2018 10:00:00 PM,28,20,8
08/30/2018 09:00:00 PM,33,23,10
08/30/2018 08:00:00 PM,29,16,13
08/30/2018 07:00:00 PM,56,30,26
08/30/2018 06:00:00 PM,155,54,101
08/30/2018 05:00:00 PM,218,61,157
08/30/2018 04:00:00 PM,144,53,91
08/30/2018 03:00:00 PM,66,20,46
08/30/2018 02:00:00 PM,46,20,26
08/30/2018 01:00:00 PM,67,33,34
08/30/2018 12:00:00 PM,44,27,17
08/30/2018 11:00:00 AM,49,24,25
08/30/2018 10:00:00 AM,36,20,16
08/30/2018 09:00:00 AM,109,42,67
08/30/2018 08:00:00 AM,134,61,73
08/30/2018 07:00:00 AM,83,46,37
08/30/2018 06:00:00 AM,27,14,13
08/30/2018 05:00:00 AM,15,10,5
08/30/2018 04:00:00 AM,3,1,2
08/30/2018 03:00:00 AM,2,1,1
08/30/2018 02:00:00 AM,1,1,0
08/30/2018 01:00:00 AM,1,1,0
08/30/2018 12:00:00 AM,2,1,1
08/29/2018 11:00:00 PM,7,3,4
08/29/2018 10:00:00 PM,5,1,4
08/29/2018 09:00:00 PM,19,4,15
08/29/2018 08:00:00 PM,27,15,12
08/29/2018 07:00:00 PM,50,20,30
08/29/2018 06:00:00 PM,134,52,82
08/29/2018 05:00:00 PM,218,76,142
08/29/2018 04:00:00 PM,145,49,96
08/29/2018 03:00:00 PM,91,32,59
08/29/2018 02:00:00 PM,40,19,21
08/29/2018 01:00:00 PM,48,24,24
08/29/2018 12:00:00 PM,44,27,17
08/29/2018 11:00:00 AM,54,21,33
08/29/2018 10:00:00 AM,61,27,34
08/29/2018 09:00:00 AM,105,50,55
08/29/2018 08:00:00 AM,160,77,83
08/29/2018 07:00:00 AM,105,56,49
08/29/2018 06:00:00 AM,47,20,27
08/29/2018 05:00:00 AM,14,9,5
08/29/2018 04:00:00 AM,4,2,2
08/29/2018 03:00:00 AM,3,2,1
08/29/2018 02:00:00 AM,3,2,1
08/29/2018 01:00:00 AM,2,1,1
08/29/2018 12:00:00 AM,5,3,2
08/28/2018 11:00:00 PM,5,2,3
08/28/2018 10:00:00 PM,17,5,12
08/28/2018 09:00:00 PM,17,7,10
08/28/2018 08:00:00 PM,34,22,12
08/28/2018 07:00:00 PM,55,26,29
08/28/2018 06:00:00 PM,132,50,82
08/28/2018 05:00:00 PM,251,105,146
08/28/2018 04:00:00 PM,179,72,107
08/28/2018 03:00:00 PM,80,27,53
08/28/2018 02:00:00 PM,52,20,32
08/28/2018 01:00:00 PM,32,11,21
08/28/2018 12:00:00 PM,40,25,15
08/28/2018 11:00:00 AM,50,27,23
08/28/2018 10:00:00 AM,54,24,30
08/28/2018 09:00:00 AM,112,44,68
08/28/2018 08:00:00 AM,190,95,95
08/28/2018 07:00:00 AM,120,62,58
08/28/2018 06:00:00 AM,42,18,24
08/28/2018 05:00:00 AM,14,11,3
08/28/2018 04:00:00 AM,3,1,2
08/28/2018 03:00:00 AM,2,2,0
08/28/2018 02:00:00 AM,1,1,0
08/28/2018 01:00:00 AM,1,1,0
08/28/2018 12:00:00 AM,2,0,2
08/27/2018 11:00:00 PM,2,2,0
08/27/2018 10:00:00 PM,5,3,2
08/27/2018 09:00:00 PM,17,10,7
08/27/2018 08:00:00 PM,20,7,13
08/27/2018 07:00:00 PM,57,30,27
08/27/2018 06:00:00 PM,112,40,72
08/27/2018 05:00:00 PM,208,78,130
08/27/2018 04:00:00 PM,163,59,104
08/27/2018 03:00:00 PM,69,27,42
08/27/2018 02:00:00 PM,50,19,31
08/27/2018 01:00:00 PM,24,10,14
08/27/2018 12:00:00 PM,50,32,18
08/27/2018 11:00:00 AM,39,18,21
08/27/2018 10:00:00 AM,41,16,25
08/27/2018 09:00:00 AM,105,59,46
08/27/2018 08:00:00 AM,167,79,88
08/27/2018 07:00:00 AM,89,48,41
08/27/2018 06:00:00 AM,33,16,17
08/27/2018 05:00:00 AM,14,10,4
08/27/2018 04:00:00 AM,4,2,2
08/27/2018 03:00:00 AM,1,1,0
08/27/2018 02:00:00 AM,4,2,2
08/27/2018 01:00:00 AM,1,1,0
08/27/2018 12:00:00 AM,2,2,0
08/26/2018 11:00:00 PM,0,0,0
08/26/2018 10:00:00 PM,6,2,4
08/26/2018 09:00:00 PM,5,2,3
08/26/2018 08:00:00 PM,10,2,8
08/26/2018 07:00:00 PM,12,7,5
08/26/2018 06:00:00 PM,25,14,11
08/26/2018 05:00:00 PM,25,9,16
08/26/2018 04:00:00 PM,27,9,18
08/26/2018 03:00:00 PM,39,21,18
08/26/2018 02:00:00 PM,25,12,13
08/26/2018 01:00:00 PM,18,8,10
08/26/2018 12:00:00 PM,27,17,10
08/26/2018 11:00:00 AM,28,9,19
08/26/2018 10:00:00 AM,18,12,6
08/26/2018 09:00:00 AM,12,5,7
08/26/2018 08:00:00 AM,10,8,2
08/26/2018 07:00:00 AM,9,3,6
08/26/2018 06:00:00 AM,5,0,5
08/26/2018 05:00:00 AM,3,0,3
08/26/2018 04:00:00 AM,0,0,0
08/26/2018 03:00:00 AM,1,1,0
08/26/2018 02:00:00 AM,4,2,2
08/26/2018 01:00:00 AM,5,2,3
08/26/2018 12:00:00 AM,12,7,5
08/25/2018 11:00:00 PM,24,14,10
08/25/2018 10:00:00 PM,10,4,6
08/25/2018 09:00:00 PM,7,3,4
08/25/2018 08:00:00 PM,16,9,7
08/25/2018 07:00:00 PM,26,9,17
08/25/2018 06:00:00 PM,42,18,24
08/25/2018 05:00:00 PM,42,20,22
08/25/2018 04:00:00 PM,30,12,18
08/25/2018 03:00:00 PM,34,21,13
08/25/2018 02:00:00 PM,61,24,37
08/25/2018 01:00:00 PM,28,8,20
08/25/2018 12:00:00 PM,25,9,16
08/25/2018 11:00:00 AM,18,4,14
08/25/2018 10:00:00 AM,16,9,7
08/25/2018 09:00:00 AM,17,10,7
08/25/2018 08:00:00 AM,16,7,9
08/25/2018 07:00:00 AM,4,3,1
08/25/2018 06:00:00 AM,0,0,0
08/25/2018 05:00:00 AM,3,1,2
08/25/2018 04:00:00 AM,1,1,0
08/25/2018 03:00:00 AM,2,1,1
08/25/2018 02:00:00 AM,5,4,1
08/25/2018 01:00:00 AM,7,5,2
08/25/2018 12:00:00 AM,4,1,3
08/24/2018 11:00:00 PM,11,4,7
08/24/2018 10:00:00 PM,13,5,8
08/24/2018 09:00:00 PM,10,5,5
08/24/2018 08:00:00 PM,30,10,20
08/24/2018 07:00:00 PM,34,12,22
08/24/2018 06:00:00 PM,70,32,38
08/24/2018 05:00:00 PM,146,43,103
08/24/2018 04:00:00 PM,150,60,90
08/24/2018 03:00:00 PM,86,28,58
08/24/2018 02:00:00 PM,66,33,33
08/24/2018 01:00:00 PM,44,25,19
08/24/2018 12:00:00 PM,53,27,26
08/24/2018 11:00:00 AM,51,21,30
08/24/2018 10:00:00 AM,50,27,23
08/24/2018 09:00:00 AM,88,39,49
08/24/2018 08:00:00 AM,139,57,82
08/24/2018 07:00:00 AM,73,41,32
08/24/2018 06:00:00 AM,34,19,15
08/24/2018 05:00:00 AM,9,5,4
08/24/2018 04:00:00 AM,3,3,0
08/24/2018 03:00:00 AM,2,1,1
08/24/2018 02:00:00 AM,2,2,0
08/24/2018 01:00:00 AM,2,1,1
08/24/2018 12:00:00 AM,4,2,2
08/23/2018 11:00:00 PM,8,4,4
08/23/2018 10:00:00 PM,15,6,9
08/23/2018 09:00:00 PM,16,11,5
08/23/2018 08:00:00 PM,33,16,17
08/23/2018 07:00:00 PM,45,19,26
08/23/2018 06:00:00 PM,76,25,51
08/23/2018 05:00:00 PM,184,72,112
08/23/2018 04:00:00 PM,117,49,68
08/23/2018 03:00:00 PM,58,25,33
08/23/2018 02:00:00 PM,38,17,21
08/23/2018 01:00:00 PM,45,19,26
08/23/2018 12:00:00 PM,45,21,24
08/23/2018 11:00:00 AM,52,25,27
08/23/2018 10:00:00 AM,29,8,21
08/23/2018 09:00:00 AM,78,32,46
08/23/2018 08:00:00 AM,96,45,51
08/23/2018 07:00:00 AM,67,36,31
08/23/2018 06:00:00 AM,24,13,11
08/23/2018 05:00:00 AM,9,6,3
08/23/2018 04:00:00 AM,2,1,1
08/23/2018 03:00:00 AM,2,2,0
08/23/2018 02:00:00 AM,1,0,1
08/23/2018 01:00:00 AM,3,1,2
08/23/2018 12:00:00 AM,2,1,1
08/22/2018 11:00:00 PM,6,2,4
08/22/2018 10:00:00 PM,6,3,3
08/22/2018 09:00:00 PM,5,3,2
08/22/2018 08:00:00 PM,19,9,10
08/22/2018 07:00:00 PM,28,10,18
08/22/2018 06:00:00 PM,64,32,32
08/22/2018 05:00:00 PM,145,62,83
08/22/2018 04:00:00 PM,116,52,64
08/22/2018 03:00:00 PM,52,14,38
08/22/2018 02:00:00 PM,37,20,17
08/22/2018 01:00:00 PM,49,12,37
08/22/2018 12:00:00 PM,53,17,36
08/22/2018 11:00:00 AM,37,19,18
08/22/2018 10:00:00 AM,37,19,18
08/22/2018 09:00:00 AM,63,31,32
08/22/2018 08:00:00 AM,93,51,42
08/22/2018 07:00:00 AM,60,34,26
08/22/2018 06:00:00 AM,30,12,18
08/22/2018 05:00:00 AM,12,12,0
08/22/2018 04:00:00 AM,1,1,0
08/22/2018 03:00:00 AM,4,3,1
08/22/2018 02:00:00 AM,1,0,1
08/22/2018 01:00:00 AM,3,0,3
08/22/2018 12:00:00 AM,1,1,0
08/21/2018 11:00:00 PM,12,6,6
08/21/2018 10:00:00 PM,17,11,6
08/21/2018 09:00:00 PM,16,11,5
08/21/2018 08:00:00 PM,18,8,10
08/21/2018 07:00:00 PM,31,10,21
08/21/2018 06:00:00 PM,80,37,43
08/21/2018 05:00:00 PM,125,39,86
08/21/2018 04:00:00 PM,112,33,79
08/21/2018 03:00:00 PM,57,17,40
08/21/2018 02:00:00 PM,32,10,22
08/21/2018 01:00:00 PM,38,21,17
08/21/2018 12:00:00 PM,44,25,19
08/21/2018 11:00:00 AM,34,16,18
08/21/2018 10:00:00 AM,35,18,17
08/21/2018 09:00:00 AM,66,30,36
08/21/2018 08:00:00 AM,97,43,54
08/21/2018 07:00:00 AM,49,31,18
08/21/2018 06:00:00 AM,26,12,14
08/21/2018 05:00:00 AM,8,5,3
08/21/2018 04:00:00 AM,0,0,0
08/21/2018 03:00:00 AM,4,1,3
08/21/2018 02:00:00 AM,0,0,0
08/21/2018 01:00:00 AM,1,1,0
08/21/2018 12:00:00 AM,5,2,3
08/20/2018 11:00:00 PM,5,3,2
08/20/2018 10:00:00 PM,24,20,4
08/20/2018 09:00:00 PM,18,6,12
08/20/2018 08:00:00 PM,18,13,5
08/20/2018 07:00:00 PM,32,15,17
08/20/2018 06:00:00 PM,79,29,50
08/20/2018 05:00:00 PM,164,62,102
08/20/2018 04:00:00 PM,117,43,74
08/20/2018 03:00:00 PM,57,17,40
08/20/2018 02:00:00 PM,39,13,26
08/20/2018 01:00:00 PM,35,22,13
08/20/2018 12:00:00 PM,46,19,27
08/20/2018 11:00:00 AM,39,19,20
08/20/2018 10:00:00 AM,31,10,21
08/20/2018 09:00:00 AM,58,22,36
08/20/2018 08:00:00 AM,121,55,66
08/20/2018 07:00:00 AM,76,40,36
08/20/2018 06:00:00 AM,33,15,18
08/20/2018 05:00:00 AM,20,11,9
08/20/2018 04:00:00 AM,3,1,2
08/20/2018 03:00:00 AM,2,2,0
08/20/2018 02:00:00 AM,2,0,2
08/20/2018 01:00:00 AM,2,1,1
08/20/2018 12:00:00 AM,0,0,0
08/19/2018 11:00:00 PM,7,2,5
08/19/2018 10:00:00 PM,9,3,6
08/19/2018 09:00:00 PM,9,2,7
08/19/2018 08:00:00 PM,17,10,7
08/19/2018 07:00:00 PM,27,18,9
08/19/2018 06:00:00 PM,34,15,19
08/19/2018 05:00:00 PM,32,14,18
08/19/2018 04:00:00 PM,40,23,17
08/19/2018 03:00:00 PM,45,27,18
08/19/2018 02:00:00 PM,39,20,19
08/19/2018 01:00:00 PM,40,15,25
08/19/2018 12:00:00 PM,46,21,25
08/19/2018 11:00:00 AM,42,16,26
08/19/2018 10:00:00 AM,37,12,25
08/19/2018 09:00:00 AM,26,13,13
08/19/2018 08:00:00 AM,8,4,4
08/19/2018 07:00:00 AM,8,5,3
08/19/2018 06:00:00 AM,3,1,2
08/19/2018 05:00:00 AM,1,0,1
08/19/2018 04:00:00 AM,2,1,1
08/19/2018 03:00:00 AM,3,3,0
08/19/2018 02:00:00 AM,6,3,3
08/19/2018 01:00:00 AM,1,1,0
08/19/2018 12:00:00 AM,9,6,3
08/18/2018 11:00:00 PM,24,18,6
08/18/2018 10:00:00 PM,21,10,11
08/18/2018 09:00:00 PM,12,5,7
08/18/2018 08:00:00 PM,24,10,14
08/18/2018 07:00:00 PM,33,12,21
08/18/2018 06:00:00 PM,33,7,26
08/18/2018 05:00:00 PM,48,25,23
08/18/2018 04:00:00 PM,53,30,23
08/18/2018 03:00:00 PM,106,86,20
08/18/2018 02:00:00 PM,46,15,31
08/18/2018 01:00:00 PM,56,14,42
08/18/2018 12:00:00 PM,114,16,98
08/18/2018 11:00:00 AM,53,12,41
08/18/2018 10:00:00 AM,20,6,14
08/18/2018 09:00:00 AM,19,9,10
08/18/2018 08:00:00 AM,13,9,4
08/18/2018 07:00:00 AM,8,5,3
08/18/2018 06:00:00 AM,7,4,3
08/18/2018 05:00:00 AM,1,1,0
08/18/2018 04:00:00 AM,0,0,0
08/18/2018 03:00:00 AM,2,1,1
08/18/2018 02:00:00 AM,7,5,2
08/18/2018 01:00:00 AM,7,2,5
08/18/2018 12:00:00 AM,6,2,4
08/17/2018 11:00:00 PM,21,9,12
08/17/2018 10:00:00 PM,24,16,8
08/17/2018 09:00:00 PM,38,25,13
08/17/2018 08:00:00 PM,23,10,13
08/17/2018 07:00:00 PM,51,24,27
08/17/2018 06:00:00 PM,102,26,76
08/17/2018 05:00:00 PM,176,69,107
08/17/2018 04:00:00 PM,165,65,100
08/17/2018 03:00:00 PM,99,34,65
08/17/2018 02:00:00 PM,74,30,44
08/17/2018 01:00:00 PM,67,34,33
08/17/2018 12:00:00 PM,64,36,28
08/17/2018 11:00:00 AM,43,23,20
08/17/2018 10:00:00 AM,46,20,26
08/17/2018 09:00:00 AM,85,34,51
08/17/2018 08:00:00 AM,135,64,71
08/17/2018 07:00:00 AM,73,37,36
08/17/2018 06:00:00 AM,35,21,14
08/17/2018 05:00:00 AM,16,10,6
08/17/2018 04:00:00 AM,1,1,0
08/17/2018 03:00:00 AM,4,2,2
08/17/2018 02:00:00 AM,3,0,3
08/17/2018 01:00:00 AM,4,1,3
08/17/2018 12:00:00 AM,3,2,1
08/16/2018 11:00:00 PM,4,4,0
08/16/2018 10:00:00 PM,13,11,2
08/16/2018 09:00:00 PM,17,6,11
08/16/2018 08:00:00 PM,32,17,15
08/16/2018 07:00:00 PM,48,19,29
08/16/2018 06:00:00 PM,127,59,68
08/16/2018 05:00:00 PM,194,82,112
08/16/2018 04:00:00 PM,141,42,99
08/16/2018 03:00:00 PM,93,31,62
08/16/2018 02:00:00 PM,56,19,37
08/16/2018 01:00:00 PM,61,27,34
08/16/2018 12:00:00 PM,35,20,15
08/16/2018 11:00:00 AM,51,26,25
08/16/2018 10:00:00 AM,46,21,25
08/16/2018 09:00:00 AM,83,39,44
08/16/2018 08:00:00 AM,138,63,75
08/16/2018 07:00:00 AM,98,51,47
08/16/2018 06:00:00 AM,45,20,25
08/16/2018 05:00:00 AM,14,10,4
08/16/2018 04:00:00 AM,1,1,0
08/16/2018 03:00:00 AM,5,2,3
08/16/2018 02:00:00 AM,2,2,0
08/16/2018 01:00:00 AM,0,0,0
08/16/2018 12:00:00 AM,3,2,1
08/15/2018 11:00:00 PM,2,1,1
08/15/2018 10:00:00 PM,8,3,5
08/15/2018 09:00:00 PM,24,12,12
08/15/2018 08:00:00 PM,35,14,21
08/15/2018 07:00:00 PM,41,15,26
08/15/2018 06:00:00 PM,113,38,75
08/15/2018 05:00:00 PM,229,98,131
08/15/2018 04:00:00 PM,135,46,89
08/15/2018 03:00:00 PM,79,26,53
08/15/2018 02:00:00 PM,51,25,26
08/15/2018 01:00:00 PM,45,21,24
08/15/2018 12:00:00 PM,56,19,37
08/15/2018 11:00:00 AM,48,27,21
08/15/2018 10:00:00 AM,43,15,28
08/15/2018 09:00:00 AM,93,43,50
08/15/2018 08:00:00 AM,152,72,80
08/15/2018 07:00:00 AM,115,54,61
08/15/2018 06:00:00 AM,48,23,25
08/15/2018 05:00:00 AM,13,9,4
08/15/2018 04:00:00 AM,2,2,0
08/15/2018 03:00:00 AM,1,0,1
08/15/2018 02:00:00 AM,2,0,2
08/15/2018 01:00:00 AM,1,0,1
08/15/2018 12:00:00 AM,5,4,1
08/14/2018 11:00:00 PM,5,0,5
08/14/2018 10:00:00 PM,13,9,4
08/14/2018 09:00:00 PM,16,8,8
08/14/2018 08:00:00 PM,19,9,10
08/14/2018 07:00:00 PM,47,18,29
08/14/2018 06:00:00 PM,101,41,60
08/14/2018 05:00:00 PM,269,99,170
08/14/2018 04:00:00 PM,160,57,103
08/14/2018 03:00:00 PM,88,29,59
08/14/2018 02:00:00 PM,53,26,27
08/14/2018 01:00:00 PM,55,30,25
08/14/2018 12:00:00 PM,35,18,17
08/14/2018 11:00:00 AM,38,17,21
08/14/2018 10:00:00 AM,41,19,22
08/14/2018 09:00:00 AM,114,48,66
08/14/2018 08:00:00 AM,147,58,89
08/14/2018 07:00:00 AM,122,75,47
08/14/2018 06:00:00 AM,54,27,27
08/14/2018 05:00:00 AM,20,11,9
08/14/2018 04:00:00 AM,4,4,0
08/14/2018 03:00:00 AM,3,1,2
08/14/2018 02:00:00 AM,2,1,1
08/14/2018 01:00:00 AM,1,1,0
08/14/2018 12:00:00 AM,3,1,2
08/13/2018 11:00:00 PM,18,15,3
08/13/2018 10:00:00 PM,11,6,5
08/13/2018 09:00:00 PM,13,9,4
08/13/2018 08:00:00 PM,29,14,15
08/13/2018 07:00:00 PM,59,26,33
08/13/2018 06:00:00 PM,112,41,71
08/13/2018 05:00:00 PM,245,85,160
08/13/2018 04:00:00 PM,168,56,112
08/13/2018 03:00:00 PM,83,28,55
08/13/2018 02:00:00 PM,43,21,22
08/13/2018 01:00:00 PM,44,25,19
08/13/2018 12:00:00 PM,47,22,25
08/13/2018 11:00:00 AM,28,19,9
08/13/2018 10:00:00 AM,44,20,24
08/13/2018 09:00:00 AM,113,52,61
08/13/2018 08:00:00 AM,177,93,84
08/13/2018 07:00:00 AM,114,60,54
08/13/2018 06:00:00 AM,57,26,31
08/13/2018 05:00:00 AM,20,14,6
08/13/2018 04:00:00 AM,4,2,2
08/13/2018 03:00:00 AM,3,2,1
08/13/2018 02:00:00 AM,0,0,0
08/13/2018 01:00:00 AM,6,2,4
08/13/2018 12:00:00 AM,2,0,2
08/12/2018 11:00:00 PM,7,5,2
08/12/2018 10:00:00 PM,11,11,0
08/12/2018 09:00:00 PM,39,35,4
08/12/2018 08:00:00 PM,18,10,8
08/12/2018 07:00:00 PM,27,13,14
08/12/2018 06:00:00 PM,45,12,33
08/12/2018 05:00:00 PM,47,21,26
08/12/2018 04:00:00 PM,33,22,11
08/12/2018 03:00:00 PM,37,18,19
08/12/2018 02:00:00 PM,28,17,11
08/12/2018 01:00:00 PM,24,14,10
08/12/2018 12:00:00 PM,22,11,11
08/12/2018 11:00:00 AM,8,6,2
08/12/2018 10:00:00 AM,24,11,13
08/12/2018 09:00:00 AM,24,12,12
08/12/2018 08:00:00 AM,11,6,5
08/12/2018 07:00:00 AM,6,2,4
08/12/2018 06:00:00 AM,5,3,2
08/12/2018 05:00:00 AM,2,1,1
08/12/2018 04:00:00 AM,0,0,0
08/12/2018 03:00:00 AM,4,3,1
08/12/2018 02:00:00 AM,7,5,2
08/12/2018 01:00:00 AM,6,3,3
08/12/2018 12:00:00 AM,8,6,2
08/11/2018 11:00:00 PM,19,12,7
08/11/2018 10:00:00 PM,28,20,8
08/11/2018 09:00:00 PM,6,4,2
08/11/2018 08:00:00 PM,16,9,7
08/11/2018 07:00:00 PM,48,14,34
08/11/2018 06:00:00 PM,46,14,32
08/11/2018 05:00:00 PM,41,18,23
08/11/2018 04:00:00 PM,50,19,31
08/11/2018 03:00:00 PM,47,16,31
08/11/2018 02:00:00 PM,47,12,35
08/11/2018 01:00:00 PM,35,15,20
08/11/2018 12:00:00 PM,39,10,29
08/11/2018 11:00:00 AM,47,25,22
08/11/2018 10:00:00 AM,24,14,10
08/11/2018 09:00:00 AM,18,8,10
08/11/2018 08:00:00 AM,24,7,17
08/11/2018 07:00:00 AM,19,11,8
08/11/2018 06:00:00 AM,5,0,5
08/11/2018 05:00:00 AM,0,0,0
08/11/2018 04:00:00 AM,0,0,0
08/11/2018 03:00:00 AM,3,0,3
08/11/2018 02:00:00 AM,7,4,3
08/11/2018 01:00:00 AM,14,5,9
08/11/2018 12:00:00 AM,57,45,12
08/10/2018 11:00:00 PM,26,16,10
08/10/2018 10:00:00 PM,14,3,11
08/10/2018 09:00:00 PM,26,9,17
08/10/2018 08:00:00 PM,33,15,18
08/10/2018 07:00:00 PM,59,27,32
08/10/2018 06:00:00 PM,112,41,71
08/10/2018 05:00:00 PM,227,74,153
08/10/2018 04:00:00 PM,180,62,118
08/10/2018 03:00:00 PM,110,35,75
08/10/2018 02:00:00 PM,65,33,32
08/10/2018 01:00:00 PM,63,29,34
08/10/2018 12:00:00 PM,59,30,29
08/10/2018 11:00:00 AM,43,23,20
08/10/2018 10:00:00 AM,55,28,27
08/10/2018 09:00:00 AM,86,31,55
08/10/2018 08:00:00 AM,130,65,65
08/10/2018 07:00:00 AM,114,57,57
08/10/2018 06:00:00 AM,42,23,19
08/10/2018 05:00:00 AM,16,9,7
08/10/2018 04:00:00 AM,1,1,0
08/10/2018 03:00:00 AM,2,2,0
08/10/2018 02:00:00 AM,2,0,2
08/10/2018 01:00:00 AM,5,3,2
08/10/2018 12:00:00 AM,6,3,3
08/09/2018 11:00:00 PM,17,8,9
08/09/2018 10:00:00 PM,29,20,9
08/09/2018 09:00:00 PM,32,15,17
08/09/2018 08:00:00 PM,45,26,19
08/09/2018 07:00:00 PM,73,33,40
08/09/2018 06:00:00 PM,174,65,109
08/09/2018 05:00:00 PM,275,94,181
08/09/2018 04:00:00 PM,150,39,111
08/09/2018 03:00:00 PM,101,41,60
08/09/2018 02:00:00 PM,71,36,35
08/09/2018 01:00:00 PM,56,26,30
08/09/2018 12:00:00 PM,59,26,33
08/09/2018 11:00:00 AM,40,20,20
08/09/2018 10:00:00 AM,49,25,24
08/09/2018 09:00:00 AM,105,51,54
08/09/2018 08:00:00 AM,173,82,91
08/09/2018 07:00:00 AM,111,58,53
08/09/2018 06:00:00 AM,50,31,19
08/09/2018 05:00:00 AM,16,12,4
08/09/2018 04:00:00 AM,0,0,0
08/09/2018 03:00:00 AM,3,3,0
08/09/2018 02:00:00 AM,2,1,1
08/09/2018 01:00:00 AM,2,2,0
08/09/2018 12:00:00 AM,71,55,16
08/08/2018 11:00:00 PM,35,28,7
08/08/2018 10:00:00 PM,23,15,8
08/08/2018 09:00:00 PM,20,10,10
08/08/2018 08:00:00 PM,40,15,25
08/08/2018 07:00:00 PM,76,22,54
08/08/2018 06:00:00 PM,184,63,121
08/08/2018 05:00:00 PM,254,87,167
08/08/2018 04:00:00 PM,192,67,125
08/08/2018 03:00:00 PM,99,32,67
08/08/2018 02:00:00 PM,59,34,25
08/08/2018 01:00:00 PM,51,20,31
08/08/2018 12:00:00 PM,56,35,21
08/08/2018 11:00:00 AM,49,22,27
08/08/2018 10:00:00 AM,49,25,24
08/08/2018 09:00:00 AM,127,49,78
08/08/2018 08:00:00 AM,178,77,101
08/08/2018 07:00:00 AM,120,60,60
08/08/2018 06:00:00 AM,62,33,29
08/08/2018 05:00:00 AM,24,14,10
08/08/2018 04:00:00 AM,1,1,0
08/08/2018 03:00:00 AM,0,0,0
08/08/2018 02:00:00 AM,1,1,0
08/08/2018 01:00:00 AM,0,0,0
08/08/2018 12:00:00 AM,4,3,1
08/07/2018 11:00:00 PM,10,5,5
08/07/2018 10:00:00 PM,10,2,8
08/07/2018 09:00:00 PM,22,7,15
08/07/2018 08:00:00 PM,33,17,16
08/07/2018 07:00:00 PM,60,21,39
08/07/2018 06:00:00 PM,141,60,81
08/07/2018 05:00:00 PM,279,111,168
08/07/2018 04:00:00 PM,166,46,120
08/07/2018 03:00:00 PM,77,31,46
08/07/2018 02:00:00 PM,44,13,31
08/07/2018 01:00:00 PM,45,19,26
08/07/2018 12:00:00 PM,52,29,23
08/07/2018 11:00:00 AM,53,28,25
08/07/2018 10:00:00 AM,46,22,24
08/07/2018 09:00:00 AM,120,58,62
08/07/2018 08:00:00 AM,200,96,104
08/07/2018 07:00:00 AM,118,68,50
08/07/2018 06:00:00 AM,52,33,19
08/07/2018 05:00:00 AM,18,15,3
08/07/2018 04:00:00 AM,2,2,0
08/07/2018 03:00:00 AM,0,0,0
08/07/2018 02:00:00 AM,2,1,1
08/07/2018 01:00:00 AM,0,0,0
08/07/2018 12:00:00 AM,4,1,3
08/06/2018 11:00:00 PM,4,2,2
08/06/2018 10:00:00 PM,8,3,5
08/06/2018 09:00:00 PM,23,13,10
08/06/2018 08:00:00 PM,19,9,10
08/06/2018 07:00:00 PM,60,30,30
08/06/2018 06:00:00 PM,122,50,72
08/06/2018 05:00:00 PM,241,72,169
08/06/2018 04:00:00 PM,175,63,112
08/06/2018 03:00:00 PM,72,26,46
08/06/2018 02:00:00 PM,49,26,23
08/06/2018 01:00:00 PM,44,26,18
08/06/2018 12:00:00 PM,56,27,29
08/06/2018 11:00:00 AM,39,17,22
08/06/2018 10:00:00 AM,57,23,34
08/06/2018 09:00:00 AM,97,50,47
08/06/2018 08:00:00 AM,175,79,96
08/06/2018 07:00:00 AM,126,64,62
08/06/2018 06:00:00 AM,55,31,24
08/06/2018 05:00:00 AM,20,15,5
08/06/2018 04:00:00 AM,2,2,0
08/06/2018 03:00:00 AM,0,0,0
08/06/2018 02:00:00 AM,5,1,4
08/06/2018 01:00:00 AM,2,1,1
08/06/2018 12:00:00 AM,7,5,2
08/05/2018 11:00:00 PM,4,1,3
08/05/2018 10:00:00 PM,6,3,3
08/05/2018 09:00:00 PM,10,4,6
08/05/2018 08:00:00 PM,16,8,8
08/05/2018 07:00:00 PM,29,12,17
08/05/2018 06:00:00 PM,22,10,12
08/05/2018 05:00:00 PM,34,19,15
08/05/2018 04:00:00 PM,57,36,21
08/05/2018 03:00:00 PM,41,23,18
08/05/2018 02:00:00 PM,43,24,19
08/05/2018 01:00:00 PM,39,15,24
08/05/2018 12:00:00 PM,58,18,40
08/05/2018 11:00:00 AM,52,16,36
08/05/2018 10:00:00 AM,28,10,18
08/05/2018 09:00:00 AM,25,12,13
08/05/2018 08:00:00 AM,17,12,5
08/05/2018 07:00:00 AM,10,4,6
08/05/2018 06:00:00 AM,8,3,5
08/05/2018 05:00:00 AM,0,0,0
08/05/2018 04:00:00 AM,0,0,0
08/05/2018 03:00:00 AM,2,1,1
08/05/2018 02:00:00 AM,13,10,3
08/05/2018 01:00:00 AM,17,9,8
08/05/2018 12:00:00 AM,11,7,4
08/04/2018 11:00:00 PM,19,10,9
08/04/2018 10:00:00 PM,42,26,16
08/04/2018 09:00:00 PM,22,11,11
08/04/2018 08:00:00 PM,18,10,8
08/04/2018 07:00:00 PM,43,24,19
08/04/2018 06:00:00 PM,50,13,37
08/04/2018 05:00:00 PM,61,28,33
08/04/2018 04:00:00 PM,95,35,60
08/04/2018 03:00:00 PM,85,28,57
08/04/2018 02:00:00 PM,70,23,47
08/04/2018 01:00:00 PM,71,28,43
08/04/2018 12:00:00 PM,50,11,39
08/04/2018 11:00:00 AM,36,12,24
08/04/2018 10:00:00 AM,32,18,14
08/04/2018 09:00:00 AM,16,9,7
08/04/2018 08:00:00 AM,13,7,6
08/04/2018 07:00:00 AM,14,8,6
08/04/2018 06:00:00 AM,5,4,1
08/04/2018 05:00:00 AM,1,1,0
08/04/2018 04:00:00 AM,0,0,0
08/04/2018 03:00:00 AM,1,1,0
08/04/2018 02:00:00 AM,1,0,1
08/04/2018 01:00:00 AM,3,2,1
08/04/2018 12:00:00 AM,9,3,6
08/03/2018 11:00:00 PM,15,9,6
08/03/2018 10:00:00 PM,24,15,9
08/03/2018 09:00:00 PM,30,21,9
08/03/2018 08:00:00 PM,31,18,13
08/03/2018 07:00:00 PM,50,18,32
08/03/2018 06:00:00 PM,109,41,68
08/03/2018 05:00:00 PM,168,66,102
08/03/2018 04:00:00 PM,167,57,110
08/03/2018 03:00:00 PM,87,36,51
08/03/2018 02:00:00 PM,75,26,49
08/03/2018 01:00:00 PM,58,32,26
08/03/2018 12:00:00 PM,64,31,33
08/03/2018 11:00:00 AM,58,32,26
08/03/2018 10:00:00 AM,31,14,17
08/03/2018 09:00:00 AM,94,44,50
08/03/2018 08:00:00 AM,111,50,61
08/03/2018 07:00:00 AM,64,41,23
08/03/2018 06:00:00 AM,38,18,20
08/03/2018 05:00:00 AM,12,11,1
08/03/2018 04:00:00 AM,5,5,0
08/03/2018 03:00:00 AM,1,0,1
08/03/2018 02:00:00 AM,4,2,2
08/03/2018 01:00:00 AM,1,0,1
08/03/2018 12:00:00 AM,4,2,2
08/02/2018 11:00:00 PM,8,5,3
08/02/2018 10:00:00 PM,35,21,14
08/02/2018 09:00:00 PM,48,32,16
08/02/2018 08:00:00 PM,26,12,14
08/02/2018 07:00:00 PM,62,20,42
08/02/2018 06:00:00 PM,145,41,104
08/02/2018 05:00:00 PM,242,79,163
08/02/2018 04:00:00 PM,176,70,106
08/02/2018 03:00:00 PM,84,28,56
08/02/2018 02:00:00 PM,47,21,26
08/02/2018 01:00:00 PM,47,23,24
08/02/2018 12:00:00 PM,53,31,22
08/02/2018 11:00:00 AM,60,19,41
08/02/2018 10:00:00 AM,47,24,23
08/02/2018 09:00:00 AM,113,54,59
08/02/2018 08:00:00 AM,152,55,97
08/02/2018 07:00:00 AM,90,43,47
08/02/2018 06:00:00 AM,32,15,17
08/02/2018 05:00:00 AM,11,10,1
08/02/2018 04:00:00 AM,2,1,1
08/02/2018 03:00:00 AM,2,1,1
08/02/2018 02:00:00 AM,2,1,1
08/02/2018 01:00:00 AM,2,1,1
08/02/2018 12:00:00 AM,4,1,3
08/01/2018 11:00:00 PM,4,1,3
08/01/2018 10:00:00 PM,15,5,10
08/01/2018 09:00:00 PM,20,10,10
08/01/2018 08:00:00 PM,32,17,15
08/01/2018 07:00:00 PM,64,26,38
08/01/2018 06:00:00 PM,144,60,84
08/01/2018 05:00:00 PM,245,90,155
08/01/2018 04:00:00 PM,183,84,99
08/01/2018 03:00:00 PM,96,43,53
08/01/2018 02:00:00 PM,57,21,36
08/01/2018 01:00:00 PM,60,18,42
08/01/2018 12:00:00 PM,88,32,56
08/01/2018 11:00:00 AM,59,24,35
08/01/2018 10:00:00 AM,47,25,22
08/01/2018 09:00:00 AM,127,54,73
08/01/2018 08:00:00 AM,152,65,87
08/01/2018 07:00:00 AM,117,57,60
08/01/2018 06:00:00 AM,65,23,42
08/01/2018 05:00:00 AM,15,12,3
08/01/2018 04:00:00 AM,6,4,2
08/01/2018 03:00:00 AM,2,1,1
08/01/2018 02:00:00 AM,1,0,1
08/01/2018 01:00:00 AM,1,0,1
08/01/2018 12:00:00 AM,2,2,0
07/31/2018 11:00:00 PM,8,4,4
07/31/2018 10:00:00 PM,30,21,9
07/31/2018 09:00:00 PM,27,13,14
07/31/2018 08:00:00 PM,35,17,18
07/31/2018 07:00:00 PM,65,34,31
07/31/2018 06:00:00 PM,145,50,95
07/31/2018 05:00:00 PM,258,90,168
07/31/2018 04:00:00 PM,187,67,120
07/31/2018 03:00:00 PM,81,25,56
07/31/2018 02:00:00 PM,56,15,41
07/31/2018 01:00:00 PM,42,25,17
07/31/2018 12:00:00 PM,65,43,22
07/31/2018 11:00:00 AM,37,14,23
07/31/2018 10:00:00 AM,48,19,29
07/31/2018 09:00:00 AM,110,53,57
07/31/2018 08:00:00 AM,195,91,104
07/31/2018 07:00:00 AM,121,66,55
07/31/2018 06:00:00 AM,62,29,33
07/31/2018 05:00:00 AM,22,14,8
07/31/2018 04:00:00 AM,2,2,0
07/31/2018 03:00:00 AM,3,1,2
07/31/2018 02:00:00 AM,2,0,2
07/31/2018 01:00:00 AM,3,2,1
07/31/2018 12:00:00 AM,3,2,1
07/30/2018 11:00:00 PM,5,2,3
07/30/2018 10:00:00 PM,31,26,5
07/30/2018 09:00:00 PM,32,23,9
07/30/2018 08:00:00 PM,32,12,20
07/30/2018 07:00:00 PM,62,28,34
07/30/2018 06:00:00 PM,135,40,95
07/30/2018 05:00:00 PM,223,79,144
07/30/2018 04:00:00 PM,174,51,123
07/30/2018 03:00:00 PM,85,33,52
07/30/2018 02:00:00 PM,49,18,31
07/30/2018 01:00:00 PM,50,29,21
07/30/2018 12:00:00 PM,46,24,22
07/30/2018 11:00:00 AM,30,15,15
07/30/2018 10:00:00 AM,41,16,25
07/30/2018 09:00:00 AM,116,54,62
07/30/2018 08:00:00 AM,165,80,85
07/30/2018 07:00:00 AM,120,57,63
07/30/2018 06:00:00 AM,54,33,21
07/30/2018 05:00:00 AM,19,14,5
07/30/2018 04:00:00 AM,7,5,2
07/30/2018 03:00:00 AM,2,0,2
07/30/2018 02:00:00 AM,1,1,0
07/30/2018 01:00:00 AM,2,1,1
07/30/2018 12:00:00 AM,1,1,0
07/29/2018 11:00:00 PM,3,1,2
07/29/2018 10:00:00 PM,21,9,12
07/29/2018 09:00:00 PM,16,9,7
07/29/2018 08:00:00 PM,17,4,13
07/29/2018 07:00:00 PM,32,15,17
07/29/2018 06:00:00 PM,21,10,11
07/29/2018 05:00:00 PM,43,23,20
07/29/2018 04:00:00 PM,84,67,17
07/29/2018 03:00:00 PM,34,24,10
07/29/2018 02:00:00 PM,40,19,21
07/29/2018 01:00:00 PM,66,16,50
07/29/2018 12:00:00 PM,54,15,39
07/29/2018 11:00:00 AM,48,17,31
07/29/2018 10:00:00 AM,24,7,17
07/29/2018 09:00:00 AM,14,5,9
07/29/2018 08:00:00 AM,12,5,7
07/29/2018 07:00:00 AM,10,5,5
07/29/2018 06:00:00 AM,6,3,3
07/29/2018 05:00:00 AM,2,0,2
07/29/2018 04:00:00 AM,1,0,1
07/29/2018 03:00:00 AM,5,5,0
07/29/2018 02:00:00 AM,4,3,1
07/29/2018 01:00:00 AM,4,3,1
07/29/2018 12:00:00 AM,7,3,4
07/28/2018 11:00:00 PM,7,3,4
07/28/2018 10:00:00 PM,19,8,11
07/28/2018 09:00:00 PM,12,8,4
07/28/2018 08:00:00 PM,18,10,8
07/28/2018 07:00:00 PM,26,15,11
07/28/2018 06:00:00 PM,30,18,12
07/28/2018 05:00:00 PM,42,25,17
07/28/2018 04:00:00 PM,60,34,26
07/28/2018 03:00:00 PM,35,12,23
07/28/2018 02:00:00 PM,52,29,23
07/28/2018 01:00:00 PM,50,24,26
07/28/2018 12:00:00 PM,58,21,37
07/28/2018 11:00:00 AM,29,12,17
07/28/2018 10:00:00 AM,42,16,26
07/28/2018 09:00:00 AM,26,12,14
07/28/2018 08:00:00 AM,23,9,14
07/28/2018 07:00:00 AM,18,11,7
07/28/2018 06:00:00 AM,1,1,0
07/28/2018 05:00:00 AM,4,3,1
07/28/2018 04:00:00 AM,2,2,0
07/28/2018 03:00:00 AM,3,3,0
07/28/2018 02:00:00 AM,4,2,2
07/28/2018 01:00:00 AM,4,2,2
07/28/2018 12:00:00 AM,9,6,3
07/27/2018 11:00:00 PM,17,8,9
07/27/2018 10:00:00 PM,17,8,9
07/27/2018 09:00:00 PM,20,8,12
07/27/2018 08:00:00 PM,23,9,14
07/27/2018 07:00:00 PM,48,14,34
07/27/2018 06:00:00 PM,106,42,64
07/27/2018 05:00:00 PM,175,75,100
07/27/2018 04:00:00 PM,190,61,129
07/27/2018 03:00:00 PM,113,46,67
07/27/2018 02:00:00 PM,64,24,40
07/27/2018 01:00:00 PM,63,31,32
07/27/2018 12:00:00 PM,57,33,24
07/27/2018 11:00:00 AM,58,28,30
07/27/2018 10:00:00 AM,49,15,34
07/27/2018 09:00:00 AM,98,42,56
07/27/2018 08:00:00 AM,168,65,103
07/27/2018 07:00:00 AM,101,52,49
07/27/2018 06:00:00 AM,55,29,26
07/27/2018 05:00:00 AM,12,9,3
07/27/2018 04:00:00 AM,3,3,0
07/27/2018 03:00:00 AM,3,1,2
07/27/2018 02:00:00 AM,2,0,2
07/27/2018 01:00:00 AM,3,2,1
07/27/2018 12:00:00 AM,5,2,3
07/26/2018 11:00:00 PM,9,3,6
07/26/2018 10:00:00 PM,19,7,12
07/26/2018 09:00:00 PM,33,15,18
07/26/2018 08:00:00 PM,31,16,15
07/26/2018 07:00:00 PM,56,30,26
07/26/2018 06:00:00 PM,128,53,75
07/26/2018 05:00:00 PM,275,104,171
07/26/2018 04:00:00 PM,171,65,106
07/26/2018 03:00:00 PM,90,26,64
07/26/2018 02:00:00 PM,60,22,38
07/26/2018 01:00:00 PM,65,42,23
07/26/2018 12:00:00 PM,68,32,36
07/26/2018 11:00:00 AM,68,25,43
07/26/2018 10:00:00 AM,40,26,14
07/26/2018 09:00:00 AM,126,56,70
07/26/2018 08:00:00 AM,160,74,86
07/26/2018 07:00:00 AM,123,75,48
07/26/2018 06:00:00 AM,59,33,26
07/26/2018 05:00:00 AM,22,13,9
07/26/2018 04:00:00 AM,2,1,1
07/26/2018 03:00:00 AM,2,0,2
07/26/2018 02:00:00 AM,5,3,2
07/26/2018 01:00:00 AM,1,0,1
07/26/2018 12:00:00 AM,4,0,4
07/25/2018 11:00:00 PM,5,1,4
07/25/2018 10:00:00 PM,13,6,7
07/25/2018 09:00:00 PM,25,13,12
07/25/2018 08:00:00 PM,20,10,10
07/25/2018 07:00:00 PM,62,27,35
07/25/2018 06:00:00 PM,140,47,93
07/25/2018 05:00:00 PM,258,98,160
07/25/2018 04:00:00 PM,230,101,129
07/25/2018 03:00:00 PM,101,43,58
07/25/2018 02:00:00 PM,58,22,36
07/25/2018 01:00:00 PM,54,19,35
07/25/2018 12:00:00 PM,104,32,72
07/25/2018 11:00:00 AM,66,22,44
07/25/2018 10:00:00 AM,52,21,31
07/25/2018 09:00:00 AM,120,48,72
07/25/2018 08:00:00 AM,163,79,84
07/25/2018 07:00:00 AM,125,67,58
07/25/2018 06:00:00 AM,62,29,33
07/25/2018 05:00:00 AM,23,17,6
07/25/2018 04:00:00 AM,6,5,1
07/25/2018 03:00:00 AM,0,0,0
07/25/2018 02:00:00 AM,0,0,0
07/25/2018 01:00:00 AM,1,1,0
07/25/2018 12:00:00 AM,7,2,5
07/24/2018 11:00:00 PM,9,5,4
07/24/2018 10:00:00 PM,48,42,6
07/24/2018 09:00:00 PM,38,24,14
07/24/2018 08:00:00 PM,29,12,17
07/24/2018 07:00:00 PM,63,21,42
07/24/2018 06:00:00 PM,166,46,120
07/24/2018 05:00:00 PM,291,97,194
07/24/2018 04:00:00 PM,190,66,124
07/24/2018 03:00:00 PM,76,20,56
07/24/2018 02:00:00 PM,52,25,27
07/24/2018 01:00:00 PM,65,35,30
07/24/2018 12:00:00 PM,73,37,36
07/24/2018 11:00:00 AM,36,20,16
07/24/2018 10:00:00 AM,31,24,7
07/24/2018 09:00:00 AM,114,59,55
07/24/2018 08:00:00 AM,183,86,97
07/24/2018 07:00:00 AM,129,73,56
07/24/2018 06:00:00 AM,67,33,34
07/24/2018 05:00:00 AM,26,20,6
07/24/2018 04:00:00 AM,2,2,0
07/24/2018 03:00:00 AM,3,1,2
07/24/2018 02:00:00 AM,1,0,1
07/24/2018 01:00:00 AM,0,0,0
07/24/2018 12:00:00 AM,4,2,2
07/23/2018 11:00:00 PM,7,7,0
07/23/2018 10:00:00 PM,11,6,5
07/23/2018 09:00:00 PM,18,7,11
07/23/2018 08:00:00 PM,15,9,6
07/23/2018 07:00:00 PM,50,27,23
07/23/2018 06:00:00 PM,143,56,87
07/23/2018 05:00:00 PM,229,80,149
07/23/2018 04:00:00 PM,162,53,109
07/23/2018 03:00:00 PM,92,38,54
07/23/2018 02:00:00 PM,41,16,25
07/23/2018 01:00:00 PM,42,23,19
07/23/2018 12:00:00 PM,47,24,23
07/23/2018 11:00:00 AM,38,19,19
07/23/2018 10:00:00 AM,36,18,18
07/23/2018 09:00:00 AM,111,52,59
07/23/2018 08:00:00 AM,166,74,92
07/23/2018 07:00:00 AM,121,75,46
07/23/2018 06:00:00 AM,63,27,36
07/23/2018 05:00:00 AM,24,15,9
07/23/2018 04:00:00 AM,2,1,1
07/23/2018 03:00:00 AM,2,2,0
07/23/2018 02:00:00 AM,1,1,0
07/23/2018 01:00:00 AM,5,3,2
07/23/2018 12:00:00 AM,4,1,3
07/22/2018 11:00:00 PM,6,4,2
07/22/2018 10:00:00 PM,10,3,7
07/22/2018 09:00:00 PM,20,10,10
07/22/2018 08:00:00 PM,9,2,7
07/22/2018 07:00:00 PM,22,9,13
07/22/2018 06:00:00 PM,27,17,10
07/22/2018 05:00:00 PM,38,15,23
07/22/2018 04:00:00 PM,55,33,22
07/22/2018 03:00:00 PM,38,18,20
07/22/2018 02:00:00 PM,36,17,19
07/22/2018 01:00:00 PM,27,12,15
07/22/2018 12:00:00 PM,42,12,30
07/22/2018 11:00:00 AM,24,8,16
07/22/2018 10:00:00 AM,26,14,12
07/22/2018 09:00:00 AM,15,7,8
07/22/2018 08:00:00 AM,14,10,4
07/22/2018 07:00:00 AM,3,1,2
07/22/2018 06:00:00 AM,8,4,4
07/22/2018 05:00:00 AM,0,0,0
07/22/2018 04:00:00 AM,2,0,2
07/22/2018 03:00:00 AM,3,2,1
07/22/2018 02:00:00 AM,6,2,4
07/22/2018 01:00:00 AM,5,2,3
07/22/2018 12:00:00 AM,3,1,2
07/21/2018 11:00:00 PM,10,3,7
07/21/2018 10:00:00 PM,19,14,5
07/21/2018 09:00:00 PM,15,8,7
07/21/2018 08:00:00 PM,15,10,5
07/21/2018 07:00:00 PM,22,9,13
07/21/2018 06:00:00 PM,37,13,24
07/21/2018 05:00:00 PM,55,16,39
07/21/2018 04:00:00 PM,54,24,30
07/21/2018 03:00:00 PM,92,63,29
07/21/2018 02:00:00 PM,50,27,23
07/21/2018 01:00:00 PM,60,29,31
07/21/2018 12:00:00 PM,100,28,72
07/21/2018 11:00:00 AM,56,15,41
07/21/2018 10:00:00 AM,34,14,20
07/21/2018 09:00:00 AM,16,10,6
07/21/2018 08:00:00 AM,19,6,13
07/21/2018 07:00:00 AM,16,11,5
07/21/2018 06:00:00 AM,8,1,7
07/21/2018 05:00:00 AM,4,3,1
07/21/2018 04:00:00 AM,2,1,1
07/21/2018 03:00:00 AM,4,3,1
07/21/2018 02:00:00 AM,6,1,5
07/21/2018 01:00:00 AM,3,1,2
07/21/2018 12:00:00 AM,8,4,4
07/20/2018 11:00:00 PM,10,4,6
07/20/2018 10:00:00 PM,32,27,5
07/20/2018 09:00:00 PM,25,15,10
07/20/2018 08:00:00 PM,30,16,14
07/20/2018 07:00:00 PM,52,19,33
07/20/2018 06:00:00 PM,130,30,100
07/20/2018 05:00:00 PM,214,65,149
07/20/2018 04:00:00 PM,167,52,115
07/20/2018 03:00:00 PM,98,30,68
07/20/2018 02:00:00 PM,62,21,41
07/20/2018 01:00:00 PM,64,33,31
07/20/2018 12:00:00 PM,65,25,40
07/20/2018 11:00:00 AM,48,25,23
07/20/2018 10:00:00 AM,43,23,20
07/20/2018 09:00:00 AM,99,45,54
07/20/2018 08:00:00 AM,141,63,78
07/20/2018 07:00:00 AM,97,56,41
07/20/2018 06:00:00 AM,42,27,15
07/20/2018 05:00:00 AM,13,10,3
07/20/2018 04:00:00 AM,3,1,2
07/20/2018 03:00:00 AM,0,0,0
07/20/2018 02:00:00 AM,3,2,1
07/20/2018 01:00:00 AM,1,0,1
07/20/2018 12:00:00 AM,8,7,1
07/19/2018 11:00:00 PM,12,5,7
07/19/2018 10:00:00 PM,35,22,13
07/19/2018 09:00:00 PM,33,17,16
07/19/2018 08:00:00 PM,42,22,20
07/19/2018 07:00:00 PM,62,27,35
07/19/2018 06:00:00 PM,149,39,110
07/19/2018 05:00:00 PM,260,96,164
07/19/2018 04:00:00 PM,175,68,107
07/19/2018 03:00:00 PM,88,26,62
07/19/2018 02:00:00 PM,63,23,40
07/19/2018 01:00:00 PM,50,21,29
07/19/2018 12:00:00 PM,48,23,25
07/19/2018 11:00:00 AM,46,23,23
07/19/2018 10:00:00 AM,42,25,17
07/19/2018 09:00:00 AM,113,41,72
07/19/2018 08:00:00 AM,174,77,97
07/19/2018 07:00:00 AM,114,53,61
07/19/2018 06:00:00 AM,58,33,25
07/19/2018 05:00:00 AM,18,14,4
07/19/2018 04:00:00 AM,3,2,1
07/19/2018 03:00:00 AM,1,0,1
07/19/2018 02:00:00 AM,1,1,0
07/19/2018 01:00:00 AM,4,4,0
07/19/2018 12:00:00 AM,6,4,2
07/18/2018 11:00:00 PM,10,4,6
07/18/2018 10:00:00 PM,17,11,6
07/18/2018 09:00:00 PM,30,16,14
07/18/2018 08:00:00 PM,39,17,22
07/18/2018 07:00:00 PM,54,27,27
07/18/2018 06:00:00 PM,153,52,101
07/18/2018 05:00:00 PM,261,103,158
07/18/2018 04:00:00 PM,159,57,102
07/18/2018 03:00:00 PM,86,34,52
07/18/2018 02:00:00 PM,58,25,33
07/18/2018 01:00:00 PM,58,31,27
07/18/2018 12:00:00 PM,71,41,30
07/18/2018 11:00:00 AM,64,35,29
07/18/2018 10:00:00 AM,38,19,19
07/18/2018 09:00:00 AM,138,67,71
07/18/2018 08:00:00 AM,177,86,91
07/18/2018 07:00:00 AM,116,57,59
07/18/2018 06:00:00 AM,66,33,33
07/18/2018 05:00:00 AM,20,15,5
07/18/2018 04:00:00 AM,1,0,1
07/18/2018 03:00:00 AM,1,0,1
07/18/2018 02:00:00 AM,2,2,0
07/18/2018 01:00:00 AM,1,1,0
07/18/2018 12:00:00 AM,4,2,2
07/17/2018 11:00:00 PM,9,2,7
07/17/2018 10:00:00 PM,10,6,4
07/17/2018 09:00:00 PM,23,12,11
07/17/2018 08:00:00 PM,28,9,19
07/17/2018 07:00:00 PM,44,12,32
07/17/2018 06:00:00 PM,153,58,95
07/17/2018 05:00:00 PM,245,93,152
07/17/2018 04:00:00 PM,177,58,119
07/17/2018 03:00:00 PM,94,39,55
07/17/2018 02:00:00 PM,60,27,33
07/17/2018 01:00:00 PM,55,19,36
07/17/2018 12:00:00 PM,50,26,24
07/17/2018 11:00:00 AM,56,19,37
07/17/2018 10:00:00 AM,49,24,25
07/17/2018 09:00:00 AM,125,49,76
07/17/2018 08:00:00 AM,183,86,97
07/17/2018 07:00:00 AM,123,66,57
07/17/2018 06:00:00 AM,61,31,30
07/17/2018 05:00:00 AM,26,17,9
07/17/2018 04:00:00 AM,4,2,2
07/17/2018 03:00:00 AM,2,1,1
07/17/2018 02:00:00 AM,2,2,0
07/17/2018 01:00:00 AM,1,1,0
07/17/2018 12:00:00 AM,4,2,2
07/16/2018 11:00:00 PM,4,1,3
07/16/2018 10:00:00 PM,10,6,4
07/16/2018 09:00:00 PM,14,11,3
07/16/2018 08:00:00 PM,35,12,23
07/16/2018 07:00:00 PM,36,19,17
07/16/2018 06:00:00 PM,158,49,109
07/16/2018 05:00:00 PM,237,89,148
07/16/2018 04:00:00 PM,151,55,96
07/16/2018 03:00:00 PM,72,21,51
07/16/2018 02:00:00 PM,42,12,30
07/16/2018 01:00:00 PM,52,24,28
07/16/2018 12:00:00 PM,51,25,26
07/16/2018 11:00:00 AM,38,21,17
07/16/2018 10:00:00 AM,38,14,24
07/16/2018 09:00:00 AM,113,54,59
07/16/2018 08:00:00 AM,172,78,94
07/16/2018 07:00:00 AM,121,65,56
07/16/2018 06:00:00 AM,54,30,24
07/16/2018 05:00:00 AM,16,10,6
07/16/2018 04:00:00 AM,2,1,1
07/16/2018 03:00:00 AM,1,0,1
07/16/2018 02:00:00 AM,5,3,2
07/16/2018 01:00:00 AM,7,5,2
07/16/2018 12:00:00 AM,3,0,3
07/15/2018 11:00:00 PM,3,2,1
07/15/2018 10:00:00 PM,2,1,1
07/15/2018 09:00:00 PM,16,4,12
07/15/2018 08:00:00 PM,6,4,2
07/15/2018 07:00:00 PM,20,8,12
07/15/2018 06:00:00 PM,21,14,7
07/15/2018 05:00:00 PM,21,8,13
07/15/2018 04:00:00 PM,28,10,18
07/15/2018 03:00:00 PM,23,13,10
07/15/2018 02:00:00 PM,36,19,17
07/15/2018 01:00:00 PM,31,15,16
07/15/2018 12:00:00 PM,31,13,18
07/15/2018 11:00:00 AM,32,14,18
07/15/2018 10:00:00 AM,20,9,11
07/15/2018 09:00:00 AM,18,9,9
07/15/2018 08:00:00 AM,15,7,8
07/15/2018 07:00:00 AM,10,5,5
07/15/2018 06:00:00 AM,2,1,1
07/15/2018 05:00:00 AM,2,2,0
07/15/2018 04:00:00 AM,1,0,1
07/15/2018 03:00:00 AM,1,1,0
07/15/2018 02:00:00 AM,1,1,0
07/15/2018 01:00:00 AM,7,6,1
07/15/2018 12:00:00 AM,7,3,4
07/14/2018 11:00:00 PM,8,6,2
07/14/2018 10:00:00 PM,10,5,5
07/14/2018 09:00:00 PM,11,5,6
07/14/2018 08:00:00 PM,28,12,16
07/14/2018 07:00:00 PM,16,9,7
07/14/2018 06:00:00 PM,32,10,22
07/14/2018 05:00:00 PM,32,15,17
07/14/2018 04:00:00 PM,59,29,30
07/14/2018 03:00:00 PM,41,14,27
07/14/2018 02:00:00 PM,40,25,15
07/14/2018 01:00:00 PM,44,15,29
07/14/2018 12:00:00 PM,22,10,12
07/14/2018 11:00:00 AM,22,7,15
07/14/2018 10:00:00 AM,40,17,23
07/14/2018 09:00:00 AM,14,7,7
07/14/2018 08:00:00 AM,22,10,12
07/14/2018 07:00:00 AM,9,6,3
07/14/2018 06:00:00 AM,3,1,2
07/14/2018 05:00:00 AM,5,0,5
07/14/2018 04:00:00 AM,6,1,5
07/14/2018 03:00:00 AM,3,2,1
07/14/2018 02:00:00 AM,1,1,0
07/14/2018 01:00:00 AM,2,1,1
07/14/2018 12:00:00 AM,10,4,6
07/13/2018 11:00:00 PM,10,6,4
07/13/2018 10:00:00 PM,16,7,9
07/13/2018 09:00:00 PM,18,9,9
07/13/2018 08:00:00 PM,25,15,10
07/13/2018 07:00:00 PM,54,22,32
07/13/2018 06:00:00 PM,98,42,56
07/13/2018 05:00:00 PM,196,69,127
07/13/2018 04:00:00 PM,163,62,101
07/13/2018 03:00:00 PM,90,25,65
07/13/2018 02:00:00 PM,54,15,39
07/13/2018 01:00:00 PM,69,38,31
07/13/2018 12:00:00 PM,52,25,27
07/13/2018 11:00:00 AM,54,26,28
07/13/2018 10:00:00 AM,42,20,22
07/13/2018 09:00:00 AM,109,41,68
07/13/2018 08:00:00 AM,170,69,101
07/13/2018 07:00:00 AM,91,48,43
07/13/2018 06:00:00 AM,36,22,14
07/13/2018 05:00:00 AM,16,10,6
07/13/2018 04:00:00 AM,2,2,0
07/13/2018 03:00:00 AM,1,0,1
07/13/2018 02:00:00 AM,1,0,1
07/13/2018 01:00:00 AM,2,0,2
07/13/2018 12:00:00 AM,3,2,1
07/12/2018 11:00:00 PM,9,3,6
07/12/2018 10:00:00 PM,15,4,11
07/12/2018 09:00:00 PM,17,10,7
07/12/2018 08:00:00 PM,39,15,24
07/12/2018 07:00:00 PM,48,20,28
07/12/2018 06:00:00 PM,150,50,100
07/12/2018 05:00:00 PM,273,99,174
07/12/2018 04:00:00 PM,176,82,94
07/12/2018 03:00:00 PM,99,36,63
07/12/2018 02:00:00 PM,72,28,44
07/12/2018 01:00:00 PM,59,26,33
07/12/2018 12:00:00 PM,53,19,34
07/12/2018 11:00:00 AM,57,26,31
07/12/2018 10:00:00 AM,51,27,24
07/12/2018 09:00:00 AM,112,49,63
07/12/2018 08:00:00 AM,182,87,95
07/12/2018 07:00:00 AM,99,45,54
07/12/2018 06:00:00 AM,67,35,32
07/12/2018 05:00:00 AM,16,11,5
07/12/2018 04:00:00 AM,6,5,1
07/12/2018 03:00:00 AM,2,1,1
07/12/2018 02:00:00 AM,2,2,0
07/12/2018 01:00:00 AM,0,0,0
07/12/2018 12:00:00 AM,5,3,2
07/11/2018 11:00:00 PM,6,4,2
07/11/2018 10:00:00 PM,11,5,6
07/11/2018 09:00:00 PM,22,11,11
07/11/2018 08:00:00 PM,16,6,10
07/11/2018 07:00:00 PM,44,21,23
07/11/2018 06:00:00 PM,151,59,92
07/11/2018 05:00:00 PM,264,97,167
07/11/2018 04:00:00 PM,163,61,102
07/11/2018 03:00:00 PM,92,39,53
07/11/2018 02:00:00 PM,64,19,45
07/11/2018 01:00:00 PM,62,33,29
07/11/2018 12:00:00 PM,67,32,35
07/11/2018 11:00:00 AM,57,24,33
07/11/2018 10:00:00 AM,52,28,24
07/11/2018 09:00:00 AM,114,42,72
07/11/2018 08:00:00 AM,168,72,96
07/11/2018 07:00:00 AM,125,61,64
07/11/2018 06:00:00 AM,53,30,23
07/11/2018 05:00:00 AM,19,11,8
07/11/2018 04:00:00 AM,11,5,6
07/11/2018 03:00:00 AM,1,1,0
07/11/2018 02:00:00 AM,0,0,0
07/11/2018 01:00:00 AM,4,1,3
07/11/2018 12:00:00 AM,7,3,4
07/10/2018 11:00:00 PM,6,1,5
07/10/2018 10:00:00 PM,9,4,5
07/10/2018 09:00:00 PM,16,9,7
07/10/2018 08:00:00 PM,38,17,21
07/10/2018 07:00:00 PM,48,19,29
07/10/2018 06:00:00 PM,147,52,95
07/10/2018 05:00:00 PM,252,87,165
07/10/2018 04:00:00 PM,166,55,111
07/10/2018 03:00:00 PM,107,37,70
07/10/2018 02:00:00 PM,57,21,36
07/10/2018 01:00:00 PM,49,26,23
07/10/2018 12:00:00 PM,41,15,26
07/10/2018 11:00:00 AM,46,20,26
07/10/2018 10:00:00 AM,44,17,27
07/10/2018 09:00:00 AM,104,44,60
07/10/2018 08:00:00 AM,184,84,100
07/10/2018 07:00:00 AM,106,58,48
07/10/2018 06:00:00 AM,51,25,26
07/10/2018 05:00:00 AM,18,11,7
07/10/2018 04:00:00 AM,3,1,2
07/10/2018 03:00:00 AM,2,1,1
07/10/2018 02:00:00 AM,0,0,0
07/10/2018 01:00:00 AM,0,0,0
07/10/2018 12:00:00 AM,3,2,1
07/09/2018 11:00:00 PM,5,2,3
07/09/2018 10:00:00 PM,4,2,2
07/09/2018 09:00:00 PM,15,5,10
07/09/2018 08:00:00 PM,22,7,15
07/09/2018 07:00:00 PM,36,15,21
07/09/2018 06:00:00 PM,135,64,71
07/09/2018 05:00:00 PM,260,97,163
07/09/2018 04:00:00 PM,171,53,118
07/09/2018 03:00:00 PM,73,19,54
07/09/2018 02:00:00 PM,46,14,32
07/09/2018 01:00:00 PM,45,21,24
07/09/2018 12:00:00 PM,48,26,22
07/09/2018 11:00:00 AM,43,19,24
07/09/2018 10:00:00 AM,28,14,14
07/09/2018 09:00:00 AM,107,41,66
07/09/2018 08:00:00 AM,199,97,102
07/09/2018 07:00:00 AM,132,67,65
07/09/2018 06:00:00 AM,57,29,28
07/09/2018 05:00:00 AM,22,16,6
07/09/2018 04:00:00 AM,5,2,3
07/09/2018 03:00:00 AM,1,1,0
07/09/2018 02:00:00 AM,0,0,0
07/09/2018 01:00:00 AM,1,1,0
07/09/2018 12:00:00 AM,4,1,3
07/08/2018 11:00:00 PM,10,3,7
07/08/2018 10:00:00 PM,5,0,5
07/08/2018 09:00:00 PM,11,6,5
07/08/2018 08:00:00 PM,18,4,14
07/08/2018 07:00:00 PM,21,8,13
07/08/2018 06:00:00 PM,33,15,18
07/08/2018 05:00:00 PM,39,17,22
07/08/2018 04:00:00 PM,34,18,16
07/08/2018 03:00:00 PM,42,19,23
07/08/2018 02:00:00 PM,41,17,24
07/08/2018 01:00:00 PM,40,18,22
07/08/2018 12:00:00 PM,67,27,40
07/08/2018 11:00:00 AM,38,12,26
07/08/2018 10:00:00 AM,25,7,18
07/08/2018 09:00:00 AM,18,7,11
07/08/2018 08:00:00 AM,21,9,12
07/08/2018 07:00:00 AM,5,2,3
07/08/2018 06:00:00 AM,4,1,3
07/08/2018 05:00:00 AM,0,0,0
07/08/2018 04:00:00 AM,2,1,1
07/08/2018 03:00:00 AM,0,0,0
07/08/2018 02:00:00 AM,4,1,3
07/08/2018 01:00:00 AM,4,4,0
07/08/2018 12:00:00 AM,16,8,8
07/07/2018 11:00:00 PM,29,17,12
07/07/2018 10:00:00 PM,13,9,4
07/07/2018 09:00:00 PM,25,10,15
07/07/2018 08:00:00 PM,33,15,18
07/07/2018 07:00:00 PM,32,16,16
07/07/2018 06:00:00 PM,39,15,24
07/07/2018 05:00:00 PM,37,15,22
07/07/2018 04:00:00 PM,81,51,30
07/07/2018 03:00:00 PM,52,25,27
07/07/2018 02:00:00 PM,49,32,17
07/07/2018 01:00:00 PM,44,15,29
07/07/2018 12:00:00 PM,80,20,60
07/07/2018 11:00:00 AM,45,7,38
07/07/2018 10:00:00 AM,35,8,27
07/07/2018 09:00:00 AM,24,11,13
07/07/2018 08:00:00 AM,23,8,15
07/07/2018 07:00:00 AM,17,5,12
07/07/2018 06:00:00 AM,6,3,3
07/07/2018 05:00:00 AM,0,0,0
07/07/2018 04:00:00 AM,1,0,1
07/07/2018 03:00:00 AM,2,2,0
07/07/2018 02:00:00 AM,4,4,0
07/07/2018 01:00:00 AM,3,2,1
07/07/2018 12:00:00 AM,11,6,5
07/06/2018 11:00:00 PM,15,10,5
07/06/2018 10:00:00 PM,26,19,7
07/06/2018 09:00:00 PM,19,10,9
07/06/2018 08:00:00 PM,16,8,8
07/06/2018 07:00:00 PM,37,13,24
07/06/2018 06:00:00 PM,98,31,67
07/06/2018 05:00:00 PM,149,49,100
07/06/2018 04:00:00 PM,140,55,85
07/06/2018 03:00:00 PM,82,30,52
07/06/2018 02:00:00 PM,64,20,44
07/06/2018 01:00:00 PM,55,25,30
07/06/2018 12:00:00 PM,57,29,28
07/06/2018 11:00:00 AM,55,22,33
07/06/2018 10:00:00 AM,31,14,17
07/06/2018 09:00:00 AM,90,35,55
07/06/2018 08:00:00 AM,133,59,74
07/06/2018 07:00:00 AM,77,49,28
07/06/2018 06:00:00 AM,32,15,17
07/06/2018 05:00:00 AM,12,9,3
07/06/2018 04:00:00 AM,3,1,2
07/06/2018 03:00:00 AM,1,1,0
07/06/2018 02:00:00 AM,1,0,1
07/06/2018 01:00:00 AM,2,1,1
07/06/2018 12:00:00 AM,5,1,4
07/05/2018 11:00:00 PM,15,8,7
07/05/2018 10:00:00 PM,20,15,5
07/05/2018 09:00:00 PM,12,7,5
07/05/2018 08:00:00 PM,60,39,21
07/05/2018 07:00:00 PM,69,24,45
07/05/2018 06:00:00 PM,135,40,95
07/05/2018 05:00:00 PM,212,70,142
07/05/2018 04:00:00 PM,137,47,90
07/05/2018 03:00:00 PM,88,35,53
07/05/2018 02:00:00 PM,60,19,41
07/05/2018 01:00:00 PM,54,27,27
07/05/2018 12:00:00 PM,47,24,23
07/05/2018 11:00:00 AM,45,22,23
07/05/2018 10:00:00 AM,36,14,22
07/05/2018 09:00:00 AM,86,39,47
07/05/2018 08:00:00 AM,141,72,69
07/05/2018 07:00:00 AM,87,47,40
07/05/2018 06:00:00 AM,35,20,15
07/05/2018 05:00:00 AM,6,4,2
07/05/2018 04:00:00 AM,3,1,2
07/05/2018 03:00:00 AM,1,1,0
07/05/2018 02:00:00 AM,1,1,0
07/05/2018 01:00:00 AM,3,1,2
07/05/2018 12:00:00 AM,10,3,7
07/04/2018 11:00:00 PM,34,6,28
07/04/2018 10:00:00 PM,4,2,2
07/04/2018 09:00:00 PM,8,4,4
07/04/2018 08:00:00 PM,7,4,3
07/04/2018 07:00:00 PM,20,15,5
07/04/2018 06:00:00 PM,29,15,14
07/04/2018 05:00:00 PM,42,27,15
07/04/2018 04:00:00 PM,55,35,20
07/04/2018 03:00:00 PM,35,17,18
07/04/2018 02:00:00 PM,55,34,21
07/04/2018 01:00:00 PM,46,18,28
07/04/2018 12:00:00 PM,60,26,34
07/04/2018 11:00:00 AM,34,13,21
07/04/2018 10:00:00 AM,43,13,30
07/04/2018 09:00:00 AM,27,4,23
07/04/2018 08:00:00 AM,7,3,4
07/04/2018 07:00:00 AM,16,9,7
07/04/2018 06:00:00 AM,3,0,3
07/04/2018 05:00:00 AM,2,1,1
07/04/2018 04:00:00 AM,3,1,2
07/04/2018 03:00:00 AM,4,2,2
07/04/2018 02:00:00 AM,2,0,2
07/04/2018 01:00:00 AM,1,1,0
07/04/2018 12:00:00 AM,4,2,2
07/03/2018 11:00:00 PM,11,4,7
07/03/2018 10:00:00 PM,36,23,13
07/03/2018 09:00:00 PM,38,22,16
07/03/2018 08:00:00 PM,26,17,9
07/03/2018 07:00:00 PM,57,21,36
07/03/2018 06:00:00 PM,142,40,102
07/03/2018 05:00:00 PM,232,83,149
07/03/2018 04:00:00 PM,171,51,120
07/03/2018 03:00:00 PM,117,36,81
07/03/2018 02:00:00 PM,74,30,44
07/03/2018 01:00:00 PM,50,25,25
07/03/2018 12:00:00 PM,60,33,27
07/03/2018 11:00:00 AM,48,22,26
07/03/2018 10:00:00 AM,44,17,27
07/03/2018 09:00:00 AM,106,54,52
07/03/2018 08:00:00 AM,157,71,86
07/03/2018 07:00:00 AM,96,50,46
07/03/2018 06:00:00 AM,56,21,35
07/03/2018 05:00:00 AM,17,10,7
07/03/2018 04:00:00 AM,0,0,0
07/03/2018 03:00:00 AM,2,2,0
07/03/2018 02:00:00 AM,2,2,0
07/03/2018 01:00:00 AM,0,0,0
07/03/2018 12:00:00 AM,1,0,1
07/02/2018 11:00:00 PM,8,8,0
07/02/2018 10:00:00 PM,11,4,7
07/02/2018 09:00:00 PM,22,14,8
07/02/2018 08:00:00 PM,15,7,8
07/02/2018 07:00:00 PM,49,22,27
07/02/2018 06:00:00 PM,105,37,68
07/02/2018 05:00:00 PM,238,120,118
07/02/2018 04:00:00 PM,161,60,101
07/02/2018 03:00:00 PM,84,22,62
07/02/2018 02:00:00 PM,43,20,23
07/02/2018 01:00:00 PM,48,28,20
07/02/2018 12:00:00 PM,57,24,33
07/02/2018 11:00:00 AM,49,23,26
07/02/2018 10:00:00 AM,38,12,26
07/02/2018 09:00:00 AM,118,62,56
07/02/2018 08:00:00 AM,172,67,105
07/02/2018 07:00:00 AM,94,44,50
07/02/2018 06:00:00 AM,35,14,21
07/02/2018 05:00:00 AM,21,13,8
07/02/2018 04:00:00 AM,2,2,0
07/02/2018 03:00:00 AM,1,1,0
07/02/2018 02:00:00 AM,4,3,1
07/02/2018 01:00:00 AM,2,1,1
07/02/2018 12:00:00 AM,1,1,0
07/01/2018 11:00:00 PM,6,3,3
07/01/2018 10:00:00 PM,5,2,3
07/01/2018 09:00:00 PM,10,2,8
07/01/2018 08:00:00 PM,17,5,12
07/01/2018 07:00:00 PM,25,14,11
07/01/2018 06:00:00 PM,28,12,16
07/01/2018 05:00:00 PM,35,14,21
07/01/2018 04:00:00 PM,43,24,19
07/01/2018 03:00:00 PM,45,29,16
07/01/2018 02:00:00 PM,40,15,25
07/01/2018 01:00:00 PM,23,10,13
07/01/2018 12:00:00 PM,20,10,10
07/01/2018 11:00:00 AM,19,4,15
07/01/2018 10:00:00 AM,17,7,10
07/01/2018 09:00:00 AM,15,6,9
07/01/2018 08:00:00 AM,19,4,15
07/01/2018 07:00:00 AM,8,5,3
07/01/2018 06:00:00 AM,5,1,4
07/01/2018 05:00:00 AM,0,0,0
07/01/2018 04:00:00 AM,0,0,0
07/01/2018 03:00:00 AM,2,1,1
07/01/2018 02:00:00 AM,0,0,0
07/01/2018 01:00:00 AM,2,0,2
07/01/2018 12:00:00 AM,4,2,2
06/30/2018 11:00:00 PM,18,7,11
06/30/2018 10:00:00 PM,19,13,6
06/30/2018 09:00:00 PM,19,8,11
06/30/2018 08:00:00 PM,12,7,5
06/30/2018 07:00:00 PM,20,9,11
06/30/2018 06:00:00 PM,42,16,26
06/30/2018 05:00:00 PM,26,14,12
06/30/2018 04:00:00 PM,81,51,30
06/30/2018 03:00:00 PM,52,40,12
06/30/2018 02:00:00 PM,39,19,20
06/30/2018 01:00:00 PM,77,18,59
06/30/2018 12:00:00 PM,71,16,55
06/30/2018 11:00:00 AM,36,16,20
06/30/2018 10:00:00 AM,35,9,26
06/30/2018 09:00:00 AM,23,8,15
06/30/2018 08:00:00 AM,21,11,10
06/30/2018 07:00:00 AM,14,4,10
06/30/2018 06:00:00 AM,2,1,1
06/30/2018 05:00:00 AM,1,1,0
06/30/2018 04:00:00 AM,1,0,1
06/30/2018 03:00:00 AM,1,1,0
06/30/2018 02:00:00 AM,1,1,0
06/30/2018 01:00:00 AM,4,1,3
06/30/2018 12:00:00 AM,10,1,9
06/29/2018 11:00:00 PM,14,6,8
06/29/2018 10:00:00 PM,19,15,4
06/29/2018 09:00:00 PM,20,13,7
06/29/2018 08:00:00 PM,23,15,8
06/29/2018 07:00:00 PM,38,17,21
06/29/2018 06:00:00 PM,105,37,68
06/29/2018 05:00:00 PM,201,67,134
06/29/2018 04:00:00 PM,158,54,104
06/29/2018 03:00:00 PM,81,29,52
06/29/2018 02:00:00 PM,57,28,29
06/29/2018 01:00:00 PM,49,21,28
06/29/2018 12:00:00 PM,68,39,29
06/29/2018 11:00:00 AM,39,19,20
06/29/2018 10:00:00 AM,38,17,21
06/29/2018 09:00:00 AM,79,38,41
06/29/2018 08:00:00 AM,134,57,77
06/29/2018 07:00:00 AM,88,46,42
06/29/2018 06:00:00 AM,36,16,20
06/29/2018 05:00:00 AM,17,13,4
06/29/2018 04:00:00 AM,4,4,0
06/29/2018 03:00:00 AM,2,2,0
06/29/2018 02:00:00 AM,4,3,1
06/29/2018 01:00:00 AM,2,2,0
06/29/2018 12:00:00 AM,4,4,0
06/28/2018 11:00:00 PM,3,2,1
06/28/2018 10:00:00 PM,8,4,4
06/28/2018 09:00:00 PM,24,14,10
06/28/2018 08:00:00 PM,30,14,16
06/28/2018 07:00:00 PM,54,24,30
06/28/2018 06:00:00 PM,113,38,75
06/28/2018 05:00:00 PM,231,77,154
06/28/2018 04:00:00 PM,155,61,94
06/28/2018 03:00:00 PM,85,28,57
06/28/2018 02:00:00 PM,56,21,35
06/28/2018 01:00:00 PM,64,35,29
06/28/2018 12:00:00 PM,47,24,23
06/28/2018 11:00:00 AM,46,25,21
06/28/2018 10:00:00 AM,54,28,26
06/28/2018 09:00:00 AM,95,43,52
06/28/2018 08:00:00 AM,166,71,95
06/28/2018 07:00:00 AM,93,48,45
06/28/2018 06:00:00 AM,42,24,18
06/28/2018 05:00:00 AM,19,15,4
06/28/2018 04:00:00 AM,2,0,2
06/28/2018 03:00:00 AM,4,2,2
06/28/2018 02:00:00 AM,1,1,0
06/28/2018 01:00:00 AM,2,0,2
06/28/2018 12:00:00 AM,2,1,1
06/27/2018 11:00:00 PM,3,1,2
06/27/2018 10:00:00 PM,4,3,1
06/27/2018 09:00:00 PM,17,7,10
06/27/2018 08:00:00 PM,30,15,15
06/27/2018 07:00:00 PM,50,21,29
06/27/2018 06:00:00 PM,121,40,81
06/27/2018 05:00:00 PM,229,86,143
06/27/2018 04:00:00 PM,134,48,86
06/27/2018 03:00:00 PM,93,35,58
06/27/2018 02:00:00 PM,55,21,34
06/27/2018 01:00:00 PM,49,25,24
06/27/2018 12:00:00 PM,42,24,18
06/27/2018 11:00:00 AM,51,20,31
06/27/2018 10:00:00 AM,51,25,26
06/27/2018 09:00:00 AM,96,40,56
06/27/2018 08:00:00 AM,183,81,102
06/27/2018 07:00:00 AM,118,65,53
06/27/2018 06:00:00 AM,56,20,36
06/27/2018 05:00:00 AM,24,14,10
06/27/2018 04:00:00 AM,4,2,2
06/27/2018 03:00:00 AM,5,2,3
06/27/2018 02:00:00 AM,0,0,0
06/27/2018 01:00:00 AM,0,0,0
06/27/2018 12:00:00 AM,3,0,3
06/26/2018 11:00:00 PM,4,4,0
06/26/2018 10:00:00 PM,11,6,5
06/26/2018 09:00:00 PM,14,10,4
06/26/2018 08:00:00 PM,35,12,23
06/26/2018 07:00:00 PM,63,36,27
06/26/2018 06:00:00 PM,109,45,64
06/26/2018 05:00:00 PM,194,73,121
06/26/2018 04:00:00 PM,178,58,120
06/26/2018 03:00:00 PM,69,16,53
06/26/2018 02:00:00 PM,51,23,28
06/26/2018 01:00:00 PM,48,17,31
06/26/2018 12:00:00 PM,44,20,24
06/26/2018 11:00:00 AM,38,16,22
06/26/2018 10:00:00 AM,34,14,20
06/26/2018 09:00:00 AM,83,35,48
06/26/2018 08:00:00 AM,129,42,87
06/26/2018 07:00:00 AM,88,44,44
06/26/2018 06:00:00 AM,34,11,23
06/26/2018 05:00:00 AM,17,10,7
06/26/2018 04:00:00 AM,1,0,1
06/26/2018 03:00:00 AM,2,1,1
06/26/2018 02:00:00 AM,1,1,0
06/26/2018 01:00:00 AM,3,3,0
06/26/2018 12:00:00 AM,4,2,2
06/25/2018 11:00:00 PM,4,3,1
06/25/2018 10:00:00 PM,7,3,4
06/25/2018 09:00:00 PM,12,4,8
06/25/2018 08:00:00 PM,19,8,11
06/25/2018 07:00:00 PM,42,21,21
06/25/2018 06:00:00 PM,89,36,53
06/25/2018 05:00:00 PM,196,76,120
06/25/2018 04:00:00 PM,130,43,87
06/25/2018 03:00:00 PM,62,19,43
06/25/2018 02:00:00 PM,41,17,24
06/25/2018 01:00:00 PM,34,21,13
06/25/2018 12:00:00 PM,27,13,14
06/25/2018 11:00:00 AM,28,16,12
06/25/2018 10:00:00 AM,34,12,22
06/25/2018 09:00:00 AM,89,38,51
06/25/2018 08:00:00 AM,120,49,71
06/25/2018 07:00:00 AM,77,36,41
06/25/2018 06:00:00 AM,33,20,13
06/25/2018 05:00:00 AM,16,10,6
06/25/2018 04:00:00 AM,0,0,0
06/25/2018 03:00:00 AM,1,1,0
06/25/2018 02:00:00 AM,1,1,0
06/25/2018 01:00:00 AM,0,0,0
06/25/2018 12:00:00 AM,2,0,2
06/24/2018 11:00:00 PM,6,4,2
06/24/2018 10:00:00 PM,2,1,1
06/24/2018 09:00:00 PM,9,3,6
06/24/2018 08:00:00 PM,7,2,5
06/24/2018 07:00:00 PM,23,8,15
06/24/2018 06:00:00 PM,35,15,20
06/24/2018 05:00:00 PM,39,18,21
06/24/2018 04:00:00 PM,53,17,36
06/24/2018 03:00:00 PM,60,26,34
06/24/2018 02:00:00 PM,42,24,18
06/24/2018 01:00:00 PM,49,22,27
06/24/2018 12:00:00 PM,21,12,9
06/24/2018 11:00:00 AM,43,26,17
06/24/2018 10:00:00 AM,14,7,7
06/24/2018 09:00:00 AM,17,10,7
06/24/2018 08:00:00 AM,11,6,5
06/24/2018 07:00:00 AM,9,2,7
06/24/2018 06:00:00 AM,2,0,2
06/24/2018 05:00:00 AM,2,1,1
06/24/2018 04:00:00 AM,1,0,1
06/24/2018 03:00:00 AM,3,2,1
06/24/2018 02:00:00 AM,1,1,0
06/24/2018 01:00:00 AM,9,7,2
06/24/2018 12:00:00 AM,7,4,3
06/23/2018 11:00:00 PM,12,5,7
06/23/2018 10:00:00 PM,18,7,11
06/23/2018 09:00:00 PM,57,45,12
06/23/2018 08:00:00 PM,17,10,7
06/23/2018 07:00:00 PM,27,11,16
06/23/2018 06:00:00 PM,72,13,59
06/23/2018 05:00:00 PM,68,18,50
06/23/2018 04:00:00 PM,47,10,37
06/23/2018 03:00:00 PM,37,11,26
06/23/2018 02:00:00 PM,37,16,21
06/23/2018 01:00:00 PM,36,16,20
06/23/2018 12:00:00 PM,33,13,20
06/23/2018 11:00:00 AM,26,13,13
06/23/2018 10:00:00 AM,18,9,9
06/23/2018 09:00:00 AM,22,5,17
06/23/2018 08:00:00 AM,17,7,10
06/23/2018 07:00:00 AM,15,5,10
06/23/2018 06:00:00 AM,4,1,3
06/23/2018 05:00:00 AM,0,0,0
06/23/2018 04:00:00 AM,0,0,0
06/23/2018 03:00:00 AM,2,1,1
06/23/2018 02:00:00 AM,5,3,2
06/23/2018 01:00:00 AM,1,0,1
06/23/2018 12:00:00 AM,3,3,0
06/22/2018 11:00:00 PM,7,3,4
06/22/2018 10:00:00 PM,11,7,4
06/22/2018 09:00:00 PM,10,7,3
06/22/2018 08:00:00 PM,15,2,13
06/22/2018 07:00:00 PM,40,22,18
06/22/2018 06:00:00 PM,99,42,57
06/22/2018 05:00:00 PM,155,66,89
06/22/2018 04:00:00 PM,141,41,100
06/22/2018 03:00:00 PM,99,42,57
06/22/2018 02:00:00 PM,60,26,34
06/22/2018 01:00:00 PM,43,18,25
06/22/2018 12:00:00 PM,44,24,20
06/22/2018 11:00:00 AM,42,20,22
06/22/2018 10:00:00 AM,37,11,26
06/22/2018 09:00:00 AM,87,35,52
06/22/2018 08:00:00 AM,149,58,91
06/22/2018 07:00:00 AM,74,33,41
06/22/2018 06:00:00 AM,35,15,20
06/22/2018 05:00:00 AM,17,9,8
06/22/2018 04:00:00 AM,3,2,1
06/22/2018 03:00:00 AM,3,3,0
06/22/2018 02:00:00 AM,0,0,0
06/22/2018 01:00:00 AM,4,1,3
06/22/2018 12:00:00 AM,8,5,3
06/21/2018 11:00:00 PM,3,0,3
06/21/2018 10:00:00 PM,16,7,9
06/21/2018 09:00:00 PM,21,10,11
06/21/2018 08:00:00 PM,28,15,13
06/21/2018 07:00:00 PM,65,28,37
06/21/2018 06:00:00 PM,108,44,64
06/21/2018 05:00:00 PM,228,95,133
06/21/2018 04:00:00 PM,161,63,98
06/21/2018 03:00:00 PM,70,20,50
06/21/2018 02:00:00 PM,53,19,34
06/21/2018 01:00:00 PM,40,19,21
06/21/2018 12:00:00 PM,40,19,21
06/21/2018 11:00:00 AM,34,18,16
06/21/2018 10:00:00 AM,51,21,30
06/21/2018 09:00:00 AM,112,40,72
06/21/2018 08:00:00 AM,160,57,103
06/21/2018 07:00:00 AM,91,38,53
06/21/2018 06:00:00 AM,38,10,28
06/21/2018 05:00:00 AM,18,10,8
06/21/2018 04:00:00 AM,1,0,1
06/21/2018 03:00:00 AM,3,2,1
06/21/2018 02:00:00 AM,3,1,2
06/21/2018 01:00:00 AM,1,1,0
06/21/2018 12:00:00 AM,2,1,1
06/20/2018 11:00:00 PM,13,8,5
06/20/2018 10:00:00 PM,12,5,7
06/20/2018 09:00:00 PM,25,10,15
06/20/2018 08:00:00 PM,29,15,14
06/20/2018 07:00:00 PM,74,32,42
06/20/2018 06:00:00 PM,129,56,73
06/20/2018 05:00:00 PM,249,98,151
06/20/2018 04:00:00 PM,162,62,100
06/20/2018 03:00:00 PM,117,39,78
06/20/2018 02:00:00 PM,53,26,27
06/20/2018 01:00:00 PM,45,18,27
06/20/2018 12:00:00 PM,58,29,29
06/20/2018 11:00:00 AM,54,29,25
06/20/2018 10:00:00 AM,35,13,22
06/20/2018 09:00:00 AM,101,40,61
06/20/2018 08:00:00 AM,184,78,106
06/20/2018 07:00:00 AM,137,63,74
06/20/2018 06:00:00 AM,58,34,24
06/20/2018 05:00:00 AM,18,12,6
06/20/2018 04:00:00 AM,3,3,0
06/20/2018 03:00:00 AM,2,2,0
06/20/2018 02:00:00 AM,1,0,1
06/20/2018 01:00:00 AM,2,1,1
06/20/2018 12:00:00 AM,2,1,1
06/19/2018 11:00:00 PM,3,1,2
06/19/2018 10:00:00 PM,13,4,9
06/19/2018 09:00:00 PM,16,4,12
06/19/2018 08:00:00 PM,20,11,9
06/19/2018 07:00:00 PM,55,20,35
06/19/2018 06:00:00 PM,99,47,52
06/19/2018 05:00:00 PM,256,93,163
06/19/2018 04:00:00 PM,201,79,122
06/19/2018 03:00:00 PM,98,19,79
06/19/2018 02:00:00 PM,42,14,28
06/19/2018 01:00:00 PM,45,19,26
06/19/2018 12:00:00 PM,61,26,35
06/19/2018 11:00:00 AM,44,19,25
06/19/2018 10:00:00 AM,26,8,18
06/19/2018 09:00:00 AM,120,58,62
06/19/2018 08:00:00 AM,189,81,108
06/19/2018 07:00:00 AM,134,64,70
06/19/2018 06:00:00 AM,51,26,25
06/19/2018 05:00:00 AM,22,15,7
06/19/2018 04:00:00 AM,2,1,1
06/19/2018 03:00:00 AM,3,2,1
06/19/2018 02:00:00 AM,0,0,0
06/19/2018 01:00:00 AM,3,1,2
06/19/2018 12:00:00 AM,2,1,1
06/18/2018 11:00:00 PM,4,2,2
06/18/2018 10:00:00 PM,9,7,2
06/18/2018 09:00:00 PM,17,6,11
06/18/2018 08:00:00 PM,26,12,14
06/18/2018 07:00:00 PM,50,21,29
06/18/2018 06:00:00 PM,142,62,80
06/18/2018 05:00:00 PM,267,117,150
06/18/2018 04:00:00 PM,172,57,115
06/18/2018 03:00:00 PM,74,23,51
06/18/2018 02:00:00 PM,55,18,37
06/18/2018 01:00:00 PM,41,24,17
06/18/2018 12:00:00 PM,51,20,31
06/18/2018 11:00:00 AM,45,21,24
06/18/2018 10:00:00 AM,28,13,15
06/18/2018 09:00:00 AM,111,45,66
06/18/2018 08:00:00 AM,203,94,109
06/18/2018 07:00:00 AM,120,55,65
06/18/2018 06:00:00 AM,55,24,31
06/18/2018 05:00:00 AM,24,17,7
06/18/2018 04:00:00 AM,4,3,1
06/18/2018 03:00:00 AM,1,1,0
06/18/2018 02:00:00 AM,1,1,0
06/18/2018 01:00:00 AM,3,3,0
06/18/2018 12:00:00 AM,5,3,2
06/17/2018 11:00:00 PM,3,2,1
06/17/2018 10:00:00 PM,4,1,3
06/17/2018 09:00:00 PM,20,11,9
06/17/2018 08:00:00 PM,12,5,7
06/17/2018 07:00:00 PM,28,9,19
06/17/2018 06:00:00 PM,32,17,15
06/17/2018 05:00:00 PM,46,20,26
06/17/2018 04:00:00 PM,50,30,20
06/17/2018 03:00:00 PM,33,16,17
06/17/2018 02:00:00 PM,35,20,15
06/17/2018 01:00:00 PM,34,12,22
06/17/2018 12:00:00 PM,39,19,20
06/17/2018 11:00:00 AM,35,9,26
06/17/2018 10:00:00 AM,28,8,20
06/17/2018 09:00:00 AM,19,9,10
06/17/2018 08:00:00 AM,14,8,6
06/17/2018 07:00:00 AM,5,3,2
06/17/2018 06:00:00 AM,4,2,2
06/17/2018 05:00:00 AM,1,0,1
06/17/2018 04:00:00 AM,1,0,1
06/17/2018 03:00:00 AM,3,1,2
06/17/2018 02:00:00 AM,4,3,1
06/17/2018 01:00:00 AM,1,0,1
06/17/2018 12:00:00 AM,17,8,9
06/16/2018 11:00:00 PM,14,5,9
06/16/2018 10:00:00 PM,9,4,5
06/16/2018 09:00:00 PM,27,11,16
06/16/2018 08:00:00 PM,50,39,11
06/16/2018 07:00:00 PM,33,15,18
06/16/2018 06:00:00 PM,45,22,23
06/16/2018 05:00:00 PM,43,8,35
06/16/2018 04:00:00 PM,53,16,37
06/16/2018 03:00:00 PM,64,10,54
06/16/2018 02:00:00 PM,39,18,21
06/16/2018 01:00:00 PM,44,34,10
06/16/2018 12:00:00 PM,42,22,20
06/16/2018 11:00:00 AM,24,13,11
06/16/2018 10:00:00 AM,31,21,10
06/16/2018 09:00:00 AM,27,11,16
06/16/2018 08:00:00 AM,22,13,9
06/16/2018 07:00:00 AM,10,6,4
06/16/2018 06:00:00 AM,5,3,2
06/16/2018 05:00:00 AM,2,2,0
06/16/2018 04:00:00 AM,0,0,0
06/16/2018 03:00:00 AM,2,2,0
06/16/2018 02:00:00 AM,3,2,1
06/16/2018 01:00:00 AM,3,1,2
06/16/2018 12:00:00 AM,8,4,4
06/15/2018 11:00:00 PM,41,23,18
06/15/2018 10:00:00 PM,37,20,17
06/15/2018 09:00:00 PM,18,11,7
06/15/2018 08:00:00 PM,21,12,9
06/15/2018 07:00:00 PM,55,22,33
06/15/2018 06:00:00 PM,136,53,83
06/15/2018 05:00:00 PM,224,73,151
06/15/2018 04:00:00 PM,165,50,115
06/15/2018 03:00:00 PM,99,37,62
06/15/2018 02:00:00 PM,68,24,44
06/15/2018 01:00:00 PM,42,28,14
06/15/2018 12:00:00 PM,48,22,26
06/15/2018 11:00:00 AM,47,19,28
06/15/2018 10:00:00 AM,49,17,32
06/15/2018 09:00:00 AM,84,33,51
06/15/2018 08:00:00 AM,148,63,85
06/15/2018 07:00:00 AM,104,52,52
06/15/2018 06:00:00 AM,54,23,31
06/15/2018 05:00:00 AM,12,8,4
06/15/2018 04:00:00 AM,0,0,0
06/15/2018 03:00:00 AM,1,1,0
06/15/2018 02:00:00 AM,2,1,1
06/15/2018 01:00:00 AM,2,1,1
06/15/2018 12:00:00 AM,4,2,2
06/14/2018 11:00:00 PM,6,3,3
06/14/2018 10:00:00 PM,32,19,13
06/14/2018 09:00:00 PM,26,14,12
06/14/2018 08:00:00 PM,24,9,15
06/14/2018 07:00:00 PM,55,25,30
06/14/2018 06:00:00 PM,164,60,104
06/14/2018 05:00:00 PM,208,77,131
06/14/2018 04:00:00 PM,153,48,105
06/14/2018 03:00:00 PM,74,23,51
06/14/2018 02:00:00 PM,54,25,29
06/14/2018 01:00:00 PM,47,23,24
06/14/2018 12:00:00 PM,38,20,18
06/14/2018 11:00:00 AM,52,22,30
06/14/2018 10:00:00 AM,35,11,24
06/14/2018 09:00:00 AM,96,40,56
06/14/2018 08:00:00 AM,160,60,100
06/14/2018 07:00:00 AM,89,53,36
06/14/2018 06:00:00 AM,46,22,24
06/14/2018 05:00:00 AM,17,12,5
06/14/2018 04:00:00 AM,8,5,3
06/14/2018 03:00:00 AM,2,2,0
06/14/2018 02:00:00 AM,2,1,1
06/14/2018 01:00:00 AM,1,1,0
06/14/2018 12:00:00 AM,2,1,1
06/13/2018 11:00:00 PM,6,0,6
06/13/2018 10:00:00 PM,7,3,4
06/13/2018 09:00:00 PM,16,7,9
06/13/2018 08:00:00 PM,19,10,9
06/13/2018 07:00:00 PM,24,9,15
06/13/2018 06:00:00 PM,84,32,52
06/13/2018 05:00:00 PM,148,52,96
06/13/2018 04:00:00 PM,104,36,68
06/13/2018 03:00:00 PM,58,16,42
06/13/2018 02:00:00 PM,41,14,27
06/13/2018 01:00:00 PM,40,15,25
06/13/2018 12:00:00 PM,59,26,33
06/13/2018 11:00:00 AM,45,22,23
06/13/2018 10:00:00 AM,33,13,20
06/13/2018 09:00:00 AM,79,33,46
06/13/2018 08:00:00 AM,89,39,50
06/13/2018 07:00:00 AM,59,31,28
06/13/2018 06:00:00 AM,27,17,10
06/13/2018 05:00:00 AM,23,15,8
06/13/2018 04:00:00 AM,3,0,3
06/13/2018 03:00:00 AM,6,3,3
06/13/2018 02:00:00 AM,1,1,0
06/13/2018 01:00:00 AM,0,0,0
06/13/2018 12:00:00 AM,3,3,0
06/12/2018 11:00:00 PM,2,1,1
06/12/2018 10:00:00 PM,25,20,5
06/12/2018 09:00:00 PM,23,12,11
06/12/2018 08:00:00 PM,39,18,21
06/12/2018 07:00:00 PM,63,17,46
06/12/2018 06:00:00 PM,142,57,85
06/12/2018 05:00:00 PM,269,96,173
06/12/2018 04:00:00 PM,190,67,123
06/12/2018 03:00:00 PM,83,20,63
06/12/2018 02:00:00 PM,57,20,37
06/12/2018 01:00:00 PM,61,26,35
06/12/2018 12:00:00 PM,56,22,34
06/12/2018 11:00:00 AM,39,17,22
06/12/2018 10:00:00 AM,33,16,17
06/12/2018 09:00:00 AM,129,59,70
06/12/2018 08:00:00 AM,192,84,108
06/12/2018 07:00:00 AM,129,60,69
06/12/2018 06:00:00 AM,62,30,32
06/12/2018 05:00:00 AM,21,19,2
06/12/2018 04:00:00 AM,4,3,1
06/12/2018 03:00:00 AM,2,2,0
06/12/2018 02:00:00 AM,2,0,2
06/12/2018 01:00:00 AM,0,0,0
06/12/2018 12:00:00 AM,4,2,2
06/11/2018 11:00:00 PM,4,4,0
06/11/2018 10:00:00 PM,13,8,5
06/11/2018 09:00:00 PM,31,11,20
06/11/2018 08:00:00 PM,28,13,15
06/11/2018 07:00:00 PM,50,26,24
06/11/2018 06:00:00 PM,165,53,112
06/11/2018 05:00:00 PM,251,87,164
06/11/2018 04:00:00 PM,166,54,112
06/11/2018 03:00:00 PM,82,25,57
06/11/2018 02:00:00 PM,35,16,19
06/11/2018 01:00:00 PM,35,16,19
06/11/2018 12:00:00 PM,48,22,26
06/11/2018 11:00:00 AM,36,12,24
06/11/2018 10:00:00 AM,36,15,21
06/11/2018 09:00:00 AM,100,50,50
06/11/2018 08:00:00 AM,170,68,102
06/11/2018 07:00:00 AM,119,57,62
06/11/2018 06:00:00 AM,53,27,26
06/11/2018 05:00:00 AM,19,14,5
06/11/2018 04:00:00 AM,2,1,1
06/11/2018 03:00:00 AM,0,0,0
06/11/2018 02:00:00 AM,3,2,1
06/11/2018 01:00:00 AM,1,1,0
06/11/2018 12:00:00 AM,0,0,0
06/10/2018 11:00:00 PM,3,1,2
06/10/2018 10:00:00 PM,8,4,4
06/10/2018 09:00:00 PM,7,4,3
06/10/2018 08:00:00 PM,5,3,2
06/10/2018 07:00:00 PM,9,5,4
06/10/2018 06:00:00 PM,9,5,4
06/10/2018 05:00:00 PM,15,10,5
06/10/2018 04:00:00 PM,12,3,9
06/10/2018 03:00:00 PM,22,8,14
06/10/2018 02:00:00 PM,27,16,11
06/10/2018 01:00:00 PM,29,12,17
06/10/2018 12:00:00 PM,23,9,14
06/10/2018 11:00:00 AM,17,7,10
06/10/2018 10:00:00 AM,22,9,13
06/10/2018 09:00:00 AM,12,6,6
06/10/2018 08:00:00 AM,12,6,6
06/10/2018 07:00:00 AM,7,4,3
06/10/2018 06:00:00 AM,7,4,3
06/10/2018 05:00:00 AM,2,1,1
06/10/2018 04:00:00 AM,0,0,0
06/10/2018 03:00:00 AM,0,0,0
06/10/2018 02:00:00 AM,5,4,1
06/10/2018 01:00:00 AM,4,3,1
06/10/2018 12:00:00 AM,6,3,3
06/09/2018 11:00:00 PM,5,2,3
06/09/2018 10:00:00 PM,4,2,2
06/09/2018 09:00:00 PM,21,15,6
06/09/2018 08:00:00 PM,13,5,8
06/09/2018 07:00:00 PM,5,3,2
06/09/2018 06:00:00 PM,46,16,30
06/09/2018 05:00:00 PM,31,11,20
06/09/2018 04:00:00 PM,31,11,20
06/09/2018 03:00:00 PM,37,14,23
06/09/2018 02:00:00 PM,33,13,20
06/09/2018 01:00:00 PM,32,14,18
06/09/2018 12:00:00 PM,27,10,17
06/09/2018 11:00:00 AM,26,14,12
06/09/2018 10:00:00 AM,21,10,11
06/09/2018 09:00:00 AM,12,6,6
06/09/2018 08:00:00 AM,14,6,8
06/09/2018 07:00:00 AM,7,5,2
06/09/2018 06:00:00 AM,2,0,2
06/09/2018 05:00:00 AM,1,0,1
06/09/2018 04:00:00 AM,0,0,0
06/09/2018 03:00:00 AM,1,1,0
06/09/2018 02:00:00 AM,4,3,1
06/09/2018 01:00:00 AM,1,0,1
06/09/2018 12:00:00 AM,8,2,6
06/08/2018 11:00:00 PM,4,1,3
06/08/2018 10:00:00 PM,5,5,0
06/08/2018 09:00:00 PM,8,3,5
06/08/2018 08:00:00 PM,15,8,7
06/08/2018 07:00:00 PM,27,15,12
06/08/2018 06:00:00 PM,58,22,36
06/08/2018 05:00:00 PM,127,50,77
06/08/2018 04:00:00 PM,108,29,79
06/08/2018 03:00:00 PM,59,16,43
06/08/2018 02:00:00 PM,41,14,27
06/08/2018 01:00:00 PM,40,17,23
06/08/2018 12:00:00 PM,28,8,20
06/08/2018 11:00:00 AM,42,22,20
06/08/2018 10:00:00 AM,38,14,24
06/08/2018 09:00:00 AM,74,38,36
06/08/2018 08:00:00 AM,99,46,53
06/08/2018 07:00:00 AM,77,39,38
06/08/2018 06:00:00 AM,61,36,25
06/08/2018 05:00:00 AM,17,12,5
06/08/2018 04:00:00 AM,1,1,0
06/08/2018 03:00:00 AM,2,1,1
06/08/2018 02:00:00 AM,2,0,2
06/08/2018 01:00:00 AM,1,0,1
06/08/2018 12:00:00 AM,0,0,0
06/07/2018 11:00:00 PM,10,6,4
06/07/2018 10:00:00 PM,19,13,6
06/07/2018 09:00:00 PM,28,8,20
06/07/2018 08:00:00 PM,43,20,23
06/07/2018 07:00:00 PM,80,34,46
06/07/2018 06:00:00 PM,150,39,111
06/07/2018 05:00:00 PM,252,84,168
06/07/2018 04:00:00 PM,187,70,117
06/07/2018 03:00:00 PM,84,21,63
06/07/2018 02:00:00 PM,35,8,27
06/07/2018 01:00:00 PM,43,20,23
06/07/2018 12:00:00 PM,44,27,17
06/07/2018 11:00:00 AM,49,20,29
06/07/2018 10:00:00 AM,57,28,29
06/07/2018 09:00:00 AM,89,38,51
06/07/2018 08:00:00 AM,177,76,101
06/07/2018 07:00:00 AM,105,47,58
06/07/2018 06:00:00 AM,44,24,20
06/07/2018 05:00:00 AM,19,14,5
06/07/2018 04:00:00 AM,2,1,1
06/07/2018 03:00:00 AM,1,0,1
06/07/2018 02:00:00 AM,3,2,1
06/07/2018 01:00:00 AM,2,2,0
06/07/2018 12:00:00 AM,4,3,1
06/06/2018 11:00:00 PM,6,5,1
06/06/2018 10:00:00 PM,14,3,11
06/06/2018 09:00:00 PM,20,5,15
06/06/2018 08:00:00 PM,42,24,18
06/06/2018 07:00:00 PM,41,14,27
06/06/2018 06:00:00 PM,138,48,90
06/06/2018 05:00:00 PM,261,93,168
06/06/2018 04:00:00 PM,154,51,103
06/06/2018 03:00:00 PM,95,30,65
06/06/2018 02:00:00 PM,46,25,21
06/06/2018 01:00:00 PM,60,35,25
06/06/2018 12:00:00 PM,49,25,24
06/06/2018 11:00:00 AM,58,26,32
06/06/2018 10:00:00 AM,58,26,32
06/06/2018 09:00:00 AM,141,57,84
06/06/2018 08:00:00 AM,177,87,90
06/06/2018 07:00:00 AM,135,56,79
06/06/2018 06:00:00 AM,51,22,29
06/06/2018 05:00:00 AM,23,15,8
06/06/2018 04:00:00 AM,3,2,1
06/06/2018 03:00:00 AM,2,0,2
06/06/2018 02:00:00 AM,1,1,0
06/06/2018 01:00:00 AM,2,1,1
06/06/2018 12:00:00 AM,0,0,0
06/05/2018 11:00:00 PM,7,1,6
06/05/2018 10:00:00 PM,14,3,11
06/05/2018 09:00:00 PM,15,4,11
06/05/2018 08:00:00 PM,25,12,13
06/05/2018 07:00:00 PM,66,25,41
06/05/2018 06:00:00 PM,128,51,77
06/05/2018 05:00:00 PM,232,80,152
06/05/2018 04:00:00 PM,170,54,116
06/05/2018 03:00:00 PM,92,31,61
06/05/2018 02:00:00 PM,50,25,25
06/05/2018 01:00:00 PM,44,14,30
06/05/2018 12:00:00 PM,42,18,24
06/05/2018 11:00:00 AM,35,17,18
06/05/2018 10:00:00 AM,35,13,22
06/05/2018 09:00:00 AM,75,46,29
06/05/2018 08:00:00 AM,132,70,62
06/05/2018 07:00:00 AM,114,62,52
06/05/2018 06:00:00 AM,66,27,39
06/05/2018 05:00:00 AM,16,11,5
06/05/2018 04:00:00 AM,1,1,0
06/05/2018 03:00:00 AM,2,0,2
06/05/2018 02:00:00 AM,1,1,0
06/05/2018 01:00:00 AM,5,3,2
06/05/2018 12:00:00 AM,1,0,1
06/04/2018 11:00:00 PM,7,2,5
06/04/2018 10:00:00 PM,10,4,6
06/04/2018 09:00:00 PM,6,2,4
06/04/2018 08:00:00 PM,18,9,9
06/04/2018 07:00:00 PM,30,14,16
06/04/2018 06:00:00 PM,112,49,63
06/04/2018 05:00:00 PM,207,77,130
06/04/2018 04:00:00 PM,142,44,98
06/04/2018 03:00:00 PM,61,20,41
06/04/2018 02:00:00 PM,32,8,24
06/04/2018 01:00:00 PM,37,22,15
06/04/2018 12:00:00 PM,37,17,20
06/04/2018 11:00:00 AM,30,10,20
06/04/2018 10:00:00 AM,21,9,12
06/04/2018 09:00:00 AM,81,33,48
06/04/2018 08:00:00 AM,126,58,68
06/04/2018 07:00:00 AM,103,56,47
06/04/2018 06:00:00 AM,54,27,27
06/04/2018 05:00:00 AM,16,12,4
06/04/2018 04:00:00 AM,2,1,1
06/04/2018 03:00:00 AM,2,1,1
06/04/2018 02:00:00 AM,2,0,2
06/04/2018 01:00:00 AM,0,0,0
06/04/2018 12:00:00 AM,7,2,5
06/03/2018 11:00:00 PM,7,6,1
06/03/2018 10:00:00 PM,6,3,3
06/03/2018 09:00:00 PM,9,5,4
06/03/2018 08:00:00 PM,12,7,5
06/03/2018 07:00:00 PM,8,1,7
06/03/2018 06:00:00 PM,11,5,6
06/03/2018 05:00:00 PM,27,9,18
06/03/2018 04:00:00 PM,25,14,11
06/03/2018 03:00:00 PM,18,10,8
06/03/2018 02:00:00 PM,29,11,18
06/03/2018 01:00:00 PM,41,22,19
06/03/2018 12:00:00 PM,39,14,25
06/03/2018 11:00:00 AM,34,12,22
06/03/2018 10:00:00 AM,21,10,11
06/03/2018 09:00:00 AM,10,4,6
06/03/2018 08:00:00 AM,14,5,9
06/03/2018 07:00:00 AM,8,5,3
06/03/2018 06:00:00 AM,4,2,2
06/03/2018 05:00:00 AM,1,0,1
06/03/2018 04:00:00 AM,1,0,1
06/03/2018 03:00:00 AM,0,0,0
06/03/2018 02:00:00 AM,2,2,0
06/03/2018 01:00:00 AM,8,7,1
06/03/2018 12:00:00 AM,10,6,4
06/02/2018 11:00:00 PM,15,9,6
06/02/2018 10:00:00 PM,32,20,12
06/02/2018 09:00:00 PM,15,5,10
06/02/2018 08:00:00 PM,21,6,15
06/02/2018 07:00:00 PM,46,11,35
06/02/2018 06:00:00 PM,56,21,35
06/02/2018 05:00:00 PM,43,17,26
06/02/2018 04:00:00 PM,69,30,39
06/02/2018 03:00:00 PM,50,19,31
06/02/2018 02:00:00 PM,50,24,26
06/02/2018 01:00:00 PM,49,20,29
06/02/2018 12:00:00 PM,45,18,27
06/02/2018 11:00:00 AM,38,17,21
06/02/2018 10:00:00 AM,36,11,25
06/02/2018 09:00:00 AM,13,5,8
06/02/2018 08:00:00 AM,24,7,17
06/02/2018 07:00:00 AM,12,7,5
06/02/2018 06:00:00 AM,4,3,1
06/02/2018 05:00:00 AM,2,1,1
06/02/2018 04:00:00 AM,1,1,0
06/02/2018 03:00:00 AM,2,1,1
06/02/2018 02:00:00 AM,11,5,6
06/02/2018 01:00:00 AM,9,7,2
06/02/2018 12:00:00 AM,10,6,4
06/01/2018 11:00:00 PM,15,9,6
06/01/2018 10:00:00 PM,10,6,4
06/01/2018 09:00:00 PM,24,11,13
06/01/2018 08:00:00 PM,36,16,20
06/01/2018 07:00:00 PM,55,15,40
06/01/2018 06:00:00 PM,120,44,76
06/01/2018 05:00:00 PM,201,76,125
06/01/2018 04:00:00 PM,187,66,121
06/01/2018 03:00:00 PM,89,29,60
06/01/2018 02:00:00 PM,65,25,40
06/01/2018 01:00:00 PM,46,25,21
06/01/2018 12:00:00 PM,45,21,24
06/01/2018 11:00:00 AM,46,20,26
06/01/2018 10:00:00 AM,36,15,21
06/01/2018 09:00:00 AM,85,40,45
06/01/2018 08:00:00 AM,141,59,82
06/01/2018 07:00:00 AM,109,64,45
06/01/2018 06:00:00 AM,41,25,16
06/01/2018 05:00:00 AM,11,8,3
06/01/2018 04:00:00 AM,2,2,0
06/01/2018 03:00:00 AM,2,0,2
06/01/2018 02:00:00 AM,2,1,1
06/01/2018 01:00:00 AM,3,2,1
06/01/2018 12:00:00 AM,4,2,2
05/31/2018 11:00:00 PM,8,4,4
05/31/2018 10:00:00 PM,13,6,7
05/31/2018 09:00:00 PM,15,7,8
05/31/2018 08:00:00 PM,30,9,21
05/31/2018 07:00:00 PM,57,18,39
05/31/2018 06:00:00 PM,123,42,81
05/31/2018 05:00:00 PM,228,89,139
05/31/2018 04:00:00 PM,155,51,104
05/31/2018 03:00:00 PM,93,26,67
05/31/2018 02:00:00 PM,41,13,28
05/31/2018 01:00:00 PM,34,18,16
05/31/2018 12:00:00 PM,44,22,22
05/31/2018 11:00:00 AM,64,35,29
05/31/2018 10:00:00 AM,37,19,18
05/31/2018 09:00:00 AM,102,46,56
05/31/2018 08:00:00 AM,176,79,97
05/31/2018 07:00:00 AM,127,76,51
05/31/2018 06:00:00 AM,65,30,35
05/31/2018 05:00:00 AM,14,8,6
05/31/2018 04:00:00 AM,3,2,1
05/31/2018 03:00:00 AM,2,0,2
05/31/2018 02:00:00 AM,0,0,0
05/31/2018 01:00:00 AM,0,0,0
05/31/2018 12:00:00 AM,4,2,2
05/30/2018 11:00:00 PM,10,4,6
05/30/2018 10:00:00 PM,24,18,6
05/30/2018 09:00:00 PM,17,10,7
05/30/2018 08:00:00 PM,21,10,11
05/30/2018 07:00:00 PM,47,18,29
05/30/2018 06:00:00 PM,124,33,91
05/30/2018 05:00:00 PM,247,72,175
05/30/2018 04:00:00 PM,172,54,118
05/30/2018 03:00:00 PM,89,26,63
05/30/2018 02:00:00 PM,60,25,35
05/30/2018 01:00:00 PM,39,19,20
05/30/2018 12:00:00 PM,48,23,25
05/30/2018 11:00:00 AM,45,17,28
05/30/2018 10:00:00 AM,37,15,22
05/30/2018 09:00:00 AM,105,43,62
05/30/2018 08:00:00 AM,174,83,91
05/30/2018 07:00:00 AM,137,66,71
05/30/2018 06:00:00 AM,59,33,26
05/30/2018 05:00:00 AM,16,12,4
05/30/2018 04:00:00 AM,3,2,1
05/30/2018 03:00:00 AM,1,1,0
05/30/2018 02:00:00 AM,2,1,1
05/30/2018 01:00:00 AM,2,1,1
05/30/2018 12:00:00 AM,2,0,2
05/29/2018 11:00:00 PM,5,4,1
05/29/2018 10:00:00 PM,8,7,1
05/29/2018 09:00:00 PM,13,7,6
05/29/2018 08:00:00 PM,19,9,10
05/29/2018 07:00:00 PM,39,17,22
05/29/2018 06:00:00 PM,132,42,90
05/29/2018 05:00:00 PM,226,82,144
05/29/2018 04:00:00 PM,170,55,115
05/29/2018 03:00:00 PM,79,19,60
05/29/2018 02:00:00 PM,43,15,28
05/29/2018 01:00:00 PM,28,12,16
05/29/2018 12:00:00 PM,48,25,23
05/29/2018 11:00:00 AM,37,18,19
05/29/2018 10:00:00 AM,35,17,18
05/29/2018 09:00:00 AM,87,41,46
05/29/2018 08:00:00 AM,172,76,96
05/29/2018 07:00:00 AM,126,64,62
05/29/2018 06:00:00 AM,63,32,31
05/29/2018 05:00:00 AM,15,10,5
05/29/2018 04:00:00 AM,2,1,1
05/29/2018 03:00:00 AM,0,0,0
05/29/2018 02:00:00 AM,2,1,1
05/29/2018 01:00:00 AM,1,0,1
05/29/2018 12:00:00 AM,1,0,1
05/28/2018 11:00:00 PM,7,4,3
05/28/2018 10:00:00 PM,11,5,6
05/28/2018 09:00:00 PM,11,2,9
05/28/2018 08:00:00 PM,16,7,9
05/28/2018 07:00:00 PM,18,7,11
05/28/2018 06:00:00 PM,26,19,7
05/28/2018 05:00:00 PM,36,19,17
05/28/2018 04:00:00 PM,64,35,29
05/28/2018 03:00:00 PM,37,16,21
05/28/2018 02:00:00 PM,53,19,34
05/28/2018 01:00:00 PM,50,20,30
05/28/2018 12:00:00 PM,28,10,18
05/28/2018 11:00:00 AM,35,17,18
05/28/2018 10:00:00 AM,26,11,15
05/28/2018 09:00:00 AM,14,3,11
05/28/2018 08:00:00 AM,15,6,9
05/28/2018 07:00:00 AM,5,3,2
05/28/2018 06:00:00 AM,5,3,2
05/28/2018 05:00:00 AM,3,2,1
05/28/2018 04:00:00 AM,0,0,0
05/28/2018 03:00:00 AM,3,2,1
05/28/2018 02:00:00 AM,0,0,0
05/28/2018 01:00:00 AM,1,0,1
05/28/2018 12:00:00 AM,7,3,4
05/27/2018 11:00:00 PM,9,4,5
05/27/2018 10:00:00 PM,5,1,4
05/27/2018 09:00:00 PM,13,7,6
05/27/2018 08:00:00 PM,21,12,9
05/27/2018 07:00:00 PM,27,14,13
05/27/2018 06:00:00 PM,35,15,20
05/27/2018 05:00:00 PM,37,19,18
05/27/2018 04:00:00 PM,44,30,14
05/27/2018 03:00:00 PM,51,26,25
05/27/2018 02:00:00 PM,42,22,20
05/27/2018 01:00:00 PM,43,9,34
05/27/2018 12:00:00 PM,33,8,25
05/27/2018 11:00:00 AM,30,10,20
05/27/2018 10:00:00 AM,27,10,17
05/27/2018 09:00:00 AM,21,4,17
05/27/2018 08:00:00 AM,11,7,4
05/27/2018 07:00:00 AM,7,2,5
05/27/2018 06:00:00 AM,0,0,0
05/27/2018 05:00:00 AM,1,1,0
05/27/2018 04:00:00 AM,0,0,0
05/27/2018 03:00:00 AM,3,2,1
05/27/2018 02:00:00 AM,0,0,0
05/27/2018 01:00:00 AM,7,4,3
05/27/2018 12:00:00 AM,4,2,2
05/26/2018 11:00:00 PM,15,11,4
05/26/2018 10:00:00 PM,15,6,9
05/26/2018 09:00:00 PM,21,10,11
05/26/2018 08:00:00 PM,31,14,17
05/26/2018 07:00:00 PM,21,8,13
05/26/2018 06:00:00 PM,37,11,26
05/26/2018 05:00:00 PM,31,15,16
05/26/2018 04:00:00 PM,82,52,30
05/26/2018 03:00:00 PM,43,11,32
05/26/2018 02:00:00 PM,30,13,17
05/26/2018 01:00:00 PM,91,27,64
05/26/2018 12:00:00 PM,55,15,40
05/26/2018 11:00:00 AM,43,13,30
05/26/2018 10:00:00 AM,34,12,22
05/26/2018 09:00:00 AM,21,8,13
05/26/2018 08:00:00 AM,14,11,3
05/26/2018 07:00:00 AM,7,5,2
05/26/2018 06:00:00 AM,2,1,1
05/26/2018 05:00:00 AM,0,0,0
05/26/2018 04:00:00 AM,1,0,1
05/26/2018 03:00:00 AM,3,2,1
05/26/2018 02:00:00 AM,2,0,2
05/26/2018 01:00:00 AM,1,1,0
05/26/2018 12:00:00 AM,5,2,3
05/25/2018 11:00:00 PM,9,2,7
05/25/2018 10:00:00 PM,16,11,5
05/25/2018 09:00:00 PM,20,10,10
05/25/2018 08:00:00 PM,27,15,12
05/25/2018 07:00:00 PM,38,10,28
05/25/2018 06:00:00 PM,88,22,66
05/25/2018 05:00:00 PM,150,53,97
05/25/2018 04:00:00 PM,164,58,106
05/25/2018 03:00:00 PM,98,35,63
05/25/2018 02:00:00 PM,64,28,36
05/25/2018 01:00:00 PM,53,17,36
05/25/2018 12:00:00 PM,59,29,30
05/25/2018 11:00:00 AM,36,12,24
05/25/2018 10:00:00 AM,33,11,22
05/25/2018 09:00:00 AM,78,35,43
05/25/2018 08:00:00 AM,150,69,81
05/25/2018 07:00:00 AM,98,57,41
05/25/2018 06:00:00 AM,42,20,22
05/25/2018 05:00:00 AM,14,9,5
05/25/2018 04:00:00 AM,3,2,1
05/25/2018 03:00:00 AM,0,0,0
05/25/2018 02:00:00 AM,4,1,3
05/25/2018 01:00:00 AM,4,1,3
05/25/2018 12:00:00 AM,1,0,1
05/24/2018 11:00:00 PM,11,5,6
05/24/2018 10:00:00 PM,7,3,4
05/24/2018 09:00:00 PM,19,8,11
05/24/2018 08:00:00 PM,29,16,13
05/24/2018 07:00:00 PM,57,22,35
05/24/2018 06:00:00 PM,117,48,69
05/24/2018 05:00:00 PM,226,83,143
05/24/2018 04:00:00 PM,156,50,106
05/24/2018 03:00:00 PM,88,27,61
05/24/2018 02:00:00 PM,55,21,34
05/24/2018 01:00:00 PM,42,25,17
05/24/2018 12:00:00 PM,46,19,27
05/24/2018 11:00:00 AM,48,27,21
05/24/2018 10:00:00 AM,36,18,18
05/24/2018 09:00:00 AM,87,35,52
05/24/2018 08:00:00 AM,200,91,109
05/24/2018 07:00:00 AM,103,57,46
05/24/2018 06:00:00 AM,59,28,31
05/24/2018 05:00:00 AM,20,11,9
05/24/2018 04:00:00 AM,3,3,0
05/24/2018 03:00:00 AM,1,0,1
05/24/2018 02:00:00 AM,2,1,1
05/24/2018 01:00:00 AM,3,1,2
05/24/2018 12:00:00 AM,4,2,2
05/23/2018 11:00:00 PM,13,5,8
05/23/2018 10:00:00 PM,13,3,10
05/23/2018 09:00:00 PM,21,5,16
05/23/2018 08:00:00 PM,32,17,15
05/23/2018 07:00:00 PM,50,21,29
05/23/2018 06:00:00 PM,134,44,90
05/23/2018 05:00:00 PM,295,110,185
05/23/2018 04:00:00 PM,182,76,106
05/23/2018 03:00:00 PM,87,34,53
05/23/2018 02:00:00 PM,56,19,37
05/23/2018 01:00:00 PM,61,21,40
05/23/2018 12:00:00 PM,48,25,23
05/23/2018 11:00:00 AM,51,26,25
05/23/2018 10:00:00 AM,32,12,20
05/23/2018 09:00:00 AM,100,35,65
05/23/2018 08:00:00 AM,190,91,99
05/23/2018 07:00:00 AM,129,66,63
05/23/2018 06:00:00 AM,59,31,28
05/23/2018 05:00:00 AM,20,12,8
05/23/2018 04:00:00 AM,7,3,4
05/23/2018 03:00:00 AM,0,0,0
05/23/2018 02:00:00 AM,2,0,2
05/23/2018 01:00:00 AM,3,2,1
05/23/2018 12:00:00 AM,6,4,2
05/22/2018 11:00:00 PM,37,26,11
05/22/2018 10:00:00 PM,23,16,7
05/22/2018 09:00:00 PM,19,10,9
05/22/2018 08:00:00 PM,28,11,17
05/22/2018 07:00:00 PM,65,24,41
05/22/2018 06:00:00 PM,175,61,114
05/22/2018 05:00:00 PM,282,111,171
05/22/2018 04:00:00 PM,208,80,128
05/22/2018 03:00:00 PM,110,32,78
05/22/2018 02:00:00 PM,50,28,22
05/22/2018 01:00:00 PM,51,29,22
05/22/2018 12:00:00 PM,64,36,28
05/22/2018 11:00:00 AM,60,31,29
05/22/2018 10:00:00 AM,36,16,20
05/22/2018 09:00:00 AM,102,35,67
05/22/2018 08:00:00 AM,209,87,122
05/22/2018 07:00:00 AM,147,72,75
05/22/2018 06:00:00 AM,62,28,34
05/22/2018 05:00:00 AM,15,11,4
05/22/2018 04:00:00 AM,2,2,0
05/22/2018 03:00:00 AM,0,0,0
05/22/2018 02:00:00 AM,1,0,1
05/22/2018 01:00:00 AM,2,1,1
05/22/2018 12:00:00 AM,8,4,4
05/21/2018 11:00:00 PM,10,3,7
05/21/2018 10:00:00 PM,13,5,8
05/21/2018 09:00:00 PM,19,6,13
05/21/2018 08:00:00 PM,25,13,12
05/21/2018 07:00:00 PM,43,18,25
05/21/2018 06:00:00 PM,121,39,82
05/21/2018 05:00:00 PM,262,96,166
05/21/2018 04:00:00 PM,177,62,115
05/21/2018 03:00:00 PM,85,34,51
05/21/2018 02:00:00 PM,46,21,25
05/21/2018 01:00:00 PM,40,20,20
05/21/2018 12:00:00 PM,37,23,14
05/21/2018 11:00:00 AM,31,16,15
05/21/2018 10:00:00 AM,33,16,17
05/21/2018 09:00:00 AM,105,41,64
05/21/2018 08:00:00 AM,210,100,110
05/21/2018 07:00:00 AM,122,62,60
05/21/2018 06:00:00 AM,62,32,30
05/21/2018 05:00:00 AM,16,12,4
05/21/2018 04:00:00 AM,1,1,0
05/21/2018 03:00:00 AM,1,1,0
05/21/2018 02:00:00 AM,2,2,0
05/21/2018 01:00:00 AM,0,0,0
05/21/2018 12:00:00 AM,1,0,1
05/20/2018 11:00:00 PM,8,4,4
05/20/2018 10:00:00 PM,7,1,6
05/20/2018 09:00:00 PM,3,1,2
05/20/2018 08:00:00 PM,14,9,5
05/20/2018 07:00:00 PM,14,6,8
05/20/2018 06:00:00 PM,30,12,18
05/20/2018 05:00:00 PM,42,30,12
05/20/2018 04:00:00 PM,38,20,18
05/20/2018 03:00:00 PM,33,14,19
05/20/2018 02:00:00 PM,56,31,25
05/20/2018 01:00:00 PM,29,10,19
05/20/2018 12:00:00 PM,38,13,25
05/20/2018 11:00:00 AM,26,17,9
05/20/2018 10:00:00 AM,26,14,12
05/20/2018 09:00:00 AM,14,8,6
05/20/2018 08:00:00 AM,11,6,5
05/20/2018 07:00:00 AM,14,7,7
05/20/2018 06:00:00 AM,0,0,0
05/20/2018 05:00:00 AM,0,0,0
05/20/2018 04:00:00 AM,1,1,0
05/20/2018 03:00:00 AM,2,2,0
05/20/2018 02:00:00 AM,1,1,0
05/20/2018 01:00:00 AM,1,1,0
05/20/2018 12:00:00 AM,6,4,2
05/19/2018 11:00:00 PM,10,6,4
05/19/2018 10:00:00 PM,11,4,7
05/19/2018 09:00:00 PM,29,21,8
05/19/2018 08:00:00 PM,6,6,0
05/19/2018 07:00:00 PM,14,7,7
05/19/2018 06:00:00 PM,34,16,18
05/19/2018 05:00:00 PM,41,13,28
05/19/2018 04:00:00 PM,64,23,41
05/19/2018 03:00:00 PM,41,13,28
05/19/2018 02:00:00 PM,42,12,30
05/19/2018 01:00:00 PM,49,19,30
05/19/2018 12:00:00 PM,52,18,34
05/19/2018 11:00:00 AM,37,16,21
05/19/2018 10:00:00 AM,19,12,7
05/19/2018 09:00:00 AM,19,7,12
05/19/2018 08:00:00 AM,13,5,8
05/19/2018 07:00:00 AM,7,6,1
05/19/2018 06:00:00 AM,4,3,1
05/19/2018 05:00:00 AM,4,2,2
05/19/2018 04:00:00 AM,0,0,0
05/19/2018 03:00:00 AM,1,1,0
05/19/2018 02:00:00 AM,5,2,3
05/19/2018 01:00:00 AM,7,6,1
05/19/2018 12:00:00 AM,5,2,3
05/18/2018 11:00:00 PM,13,5,8
05/18/2018 10:00:00 PM,36,24,12
05/18/2018 09:00:00 PM,28,21,7
05/18/2018 08:00:00 PM,18,12,6
05/18/2018 07:00:00 PM,55,23,32
05/18/2018 06:00:00 PM,124,31,93
05/18/2018 05:00:00 PM,246,83,163
05/18/2018 04:00:00 PM,177,65,112
05/18/2018 03:00:00 PM,107,43,64
05/18/2018 02:00:00 PM,40,23,17
05/18/2018 01:00:00 PM,57,23,34
05/18/2018 12:00:00 PM,48,28,20
05/18/2018 11:00:00 AM,36,18,18
05/18/2018 10:00:00 AM,43,24,19
05/18/2018 09:00:00 AM,126,61,65
05/18/2018 08:00:00 AM,280,122,158
05/18/2018 07:00:00 AM,198,84,114
05/18/2018 06:00:00 AM,65,31,34
05/18/2018 05:00:00 AM,16,11,5
05/18/2018 04:00:00 AM,3,1,2
05/18/2018 03:00:00 AM,0,0,0
05/18/2018 02:00:00 AM,0,0,0
05/18/2018 01:00:00 AM,2,0,2
05/18/2018 12:00:00 AM,8,5,3
05/17/2018 11:00:00 PM,11,5,6
05/17/2018 10:00:00 PM,13,8,5
05/17/2018 09:00:00 PM,24,9,15
05/17/2018 08:00:00 PM,26,18,8
05/17/2018 07:00:00 PM,45,14,31
05/17/2018 06:00:00 PM,130,39,91
05/17/2018 05:00:00 PM,253,105,148
05/17/2018 04:00:00 PM,172,59,113
05/17/2018 03:00:00 PM,103,37,66
05/17/2018 02:00:00 PM,55,19,36
05/17/2018 01:00:00 PM,62,35,27
05/17/2018 12:00:00 PM,41,19,22
05/17/2018 11:00:00 AM,32,14,18
05/17/2018 10:00:00 AM,56,20,36
05/17/2018 09:00:00 AM,102,49,53
05/17/2018 08:00:00 AM,191,82,109
05/17/2018 07:00:00 AM,131,66,65
05/17/2018 06:00:00 AM,55,26,29
05/17/2018 05:00:00 AM,21,13,8
05/17/2018 04:00:00 AM,2,2,0
05/17/2018 03:00:00 AM,2,2,0
05/17/2018 02:00:00 AM,0,0,0
05/17/2018 01:00:00 AM,2,2,0
05/17/2018 12:00:00 AM,4,2,2
05/16/2018 11:00:00 PM,10,4,6
05/16/2018 10:00:00 PM,8,5,3
05/16/2018 09:00:00 PM,16,5,11
05/16/2018 08:00:00 PM,29,9,20
05/16/2018 07:00:00 PM,52,18,34
05/16/2018 06:00:00 PM,125,52,73
05/16/2018 05:00:00 PM,233,104,129
05/16/2018 04:00:00 PM,189,76,113
05/16/2018 03:00:00 PM,107,37,70
05/16/2018 02:00:00 PM,53,29,24
05/16/2018 01:00:00 PM,42,22,20
05/16/2018 12:00:00 PM,55,23,32
05/16/2018 11:00:00 AM,41,12,29
05/16/2018 10:00:00 AM,33,14,19
05/16/2018 09:00:00 AM,102,44,58
05/16/2018 08:00:00 AM,186,81,105
05/16/2018 07:00:00 AM,140,61,79
05/16/2018 06:00:00 AM,64,31,33
05/16/2018 05:00:00 AM,25,16,9
05/16/2018 04:00:00 AM,2,2,0
05/16/2018 03:00:00 AM,0,0,0
05/16/2018 02:00:00 AM,0,0,0
05/16/2018 01:00:00 AM,4,3,1
05/16/2018 12:00:00 AM,5,3,2
05/15/2018 11:00:00 PM,9,5,4
05/15/2018 10:00:00 PM,9,4,5
05/15/2018 09:00:00 PM,27,15,12
05/15/2018 08:00:00 PM,27,10,17
05/15/2018 07:00:00 PM,62,24,38
05/15/2018 06:00:00 PM,153,53,100
05/15/2018 05:00:00 PM,277,105,172
05/15/2018 04:00:00 PM,202,67,135
05/15/2018 03:00:00 PM,84,31,53
05/15/2018 02:00:00 PM,43,15,28
05/15/2018 01:00:00 PM,38,14,24
05/15/2018 12:00:00 PM,39,21,18
05/15/2018 11:00:00 AM,28,15,13
05/15/2018 10:00:00 AM,38,13,25
05/15/2018 09:00:00 AM,111,49,62
05/15/2018 08:00:00 AM,192,89,103
05/15/2018 07:00:00 AM,149,67,82
05/15/2018 06:00:00 AM,63,30,33
05/15/2018 05:00:00 AM,19,11,8
05/15/2018 04:00:00 AM,2,2,0
05/15/2018 03:00:00 AM,0,0,0
05/15/2018 02:00:00 AM,1,1,0
05/15/2018 01:00:00 AM,3,2,1
05/15/2018 12:00:00 AM,0,0,0
05/14/2018 11:00:00 PM,6,2,4
05/14/2018 10:00:00 PM,9,4,5
05/14/2018 09:00:00 PM,14,6,8
05/14/2018 08:00:00 PM,24,13,11
05/14/2018 07:00:00 PM,56,21,35
05/14/2018 06:00:00 PM,134,53,81
05/14/2018 05:00:00 PM,270,102,168
05/14/2018 04:00:00 PM,182,72,110
05/14/2018 03:00:00 PM,73,20,53
05/14/2018 02:00:00 PM,48,15,33
05/14/2018 01:00:00 PM,45,22,23
05/14/2018 12:00:00 PM,41,18,23
05/14/2018 11:00:00 AM,34,9,25
05/14/2018 10:00:00 AM,28,16,12
05/14/2018 09:00:00 AM,101,46,55
05/14/2018 08:00:00 AM,208,82,126
05/14/2018 07:00:00 AM,149,70,79
05/14/2018 06:00:00 AM,64,37,27
05/14/2018 05:00:00 AM,17,10,7
05/14/2018 04:00:00 AM,2,2,0
05/14/2018 03:00:00 AM,1,1,0
05/14/2018 02:00:00 AM,2,2,0
05/14/2018 01:00:00 AM,3,3,0
05/14/2018 12:00:00 AM,4,1,3
05/13/2018 11:00:00 PM,6,3,3
05/13/2018 10:00:00 PM,14,8,6
05/13/2018 09:00:00 PM,8,4,4
05/13/2018 08:00:00 PM,16,8,8
05/13/2018 07:00:00 PM,16,5,11
05/13/2018 06:00:00 PM,22,9,13
05/13/2018 05:00:00 PM,29,5,24
05/13/2018 04:00:00 PM,47,25,22
05/13/2018 03:00:00 PM,42,21,21
05/13/2018 02:00:00 PM,36,16,20
05/13/2018 01:00:00 PM,33,16,17
05/13/2018 12:00:00 PM,39,17,22
05/13/2018 11:00:00 AM,38,13,25
05/13/2018 10:00:00 AM,37,16,21
05/13/2018 09:00:00 AM,23,12,11
05/13/2018 08:00:00 AM,7,5,2
05/13/2018 07:00:00 AM,4,3,1
05/13/2018 06:00:00 AM,3,0,3
05/13/2018 05:00:00 AM,5,0,5
05/13/2018 04:00:00 AM,0,0,0
05/13/2018 03:00:00 AM,0,0,0
05/13/2018 02:00:00 AM,6,5,1
05/13/2018 01:00:00 AM,6,3,3
05/13/2018 12:00:00 AM,5,2,3
05/12/2018 11:00:00 PM,5,1,4
05/12/2018 10:00:00 PM,12,4,8
05/12/2018 09:00:00 PM,7,4,3
05/12/2018 08:00:00 PM,16,12,4
05/12/2018 07:00:00 PM,33,18,15
05/12/2018 06:00:00 PM,56,22,34
05/12/2018 05:00:00 PM,39,18,21
05/12/2018 04:00:00 PM,52,27,25
05/12/2018 03:00:00 PM,40,7,33
05/12/2018 02:00:00 PM,33,12,21
05/12/2018 01:00:00 PM,41,15,26
05/12/2018 12:00:00 PM,55,29,26
05/12/2018 11:00:00 AM,34,10,24
05/12/2018 10:00:00 AM,32,10,22
05/12/2018 09:00:00 AM,25,13,12
05/12/2018 08:00:00 AM,10,6,4
05/12/2018 07:00:00 AM,13,7,6
05/12/2018 06:00:00 AM,4,1,3
05/12/2018 05:00:00 AM,0,0,0
05/12/2018 04:00:00 AM,0,0,0
05/12/2018 03:00:00 AM,2,1,1
05/12/2018 02:00:00 AM,0,0,0
05/12/2018 01:00:00 AM,8,6,2
05/12/2018 12:00:00 AM,4,1,3
05/11/2018 11:00:00 PM,5,1,4
05/11/2018 10:00:00 PM,8,3,5
05/11/2018 09:00:00 PM,11,6,5
05/11/2018 08:00:00 PM,19,6,13
05/11/2018 07:00:00 PM,45,14,31
05/11/2018 06:00:00 PM,77,29,48
05/11/2018 05:00:00 PM,204,67,137
05/11/2018 04:00:00 PM,168,75,93
05/11/2018 03:00:00 PM,117,51,66
05/11/2018 02:00:00 PM,60,23,37
05/11/2018 01:00:00 PM,52,25,27
05/11/2018 12:00:00 PM,39,16,23
05/11/2018 11:00:00 AM,49,28,21
05/11/2018 10:00:00 AM,41,17,24
05/11/2018 09:00:00 AM,89,39,50
05/11/2018 08:00:00 AM,147,62,85
05/11/2018 07:00:00 AM,121,49,72
05/11/2018 06:00:00 AM,47,27,20
05/11/2018 05:00:00 AM,17,13,4
05/11/2018 04:00:00 AM,1,1,0
05/11/2018 03:00:00 AM,0,0,0
05/11/2018 02:00:00 AM,0,0,0
05/11/2018 01:00:00 AM,3,2,1
05/11/2018 12:00:00 AM,1,0,1
05/10/2018 11:00:00 PM,5,2,3
05/10/2018 10:00:00 PM,10,4,6
05/10/2018 09:00:00 PM,15,6,9
05/10/2018 08:00:00 PM,17,9,8
05/10/2018 07:00:00 PM,31,11,20
05/10/2018 06:00:00 PM,109,43,66
05/10/2018 05:00:00 PM,159,59,100
05/10/2018 04:00:00 PM,133,42,91
05/10/2018 03:00:00 PM,75,21,54
05/10/2018 02:00:00 PM,34,15,19
05/10/2018 01:00:00 PM,39,14,25
05/10/2018 12:00:00 PM,42,21,21
05/10/2018 11:00:00 AM,42,19,23
05/10/2018 10:00:00 AM,37,14,23
05/10/2018 09:00:00 AM,87,32,55
05/10/2018 08:00:00 AM,144,57,87
05/10/2018 07:00:00 AM,93,46,47
05/10/2018 06:00:00 AM,37,19,18
05/10/2018 05:00:00 AM,12,9,3
05/10/2018 04:00:00 AM,4,1,3
05/10/2018 03:00:00 AM,1,1,0
05/10/2018 02:00:00 AM,1,0,1
05/10/2018 01:00:00 AM,1,1,0
05/10/2018 12:00:00 AM,1,1,0
05/09/2018 11:00:00 PM,4,3,1
05/09/2018 10:00:00 PM,7,4,3
05/09/2018 09:00:00 PM,15,8,7
05/09/2018 08:00:00 PM,22,9,13
05/09/2018 07:00:00 PM,53,26,27
05/09/2018 06:00:00 PM,116,38,78
05/09/2018 05:00:00 PM,212,93,119
05/09/2018 04:00:00 PM,178,53,125
05/09/2018 03:00:00 PM,70,19,51
05/09/2018 02:00:00 PM,56,20,36
05/09/2018 01:00:00 PM,34,16,18
05/09/2018 12:00:00 PM,38,17,21
05/09/2018 11:00:00 AM,34,16,18
05/09/2018 10:00:00 AM,49,17,32
05/09/2018 09:00:00 AM,104,45,59
05/09/2018 08:00:00 AM,171,75,96
05/09/2018 07:00:00 AM,120,52,68
05/09/2018 06:00:00 AM,49,29,20
05/09/2018 05:00:00 AM,15,7,8
05/09/2018 04:00:00 AM,2,1,1
05/09/2018 03:00:00 AM,0,0,0
05/09/2018 02:00:00 AM,0,0,0
05/09/2018 01:00:00 AM,0,0,0
05/09/2018 12:00:00 AM,2,2,0
05/08/2018 11:00:00 PM,4,0,4
05/08/2018 10:00:00 PM,9,7,2
05/08/2018 09:00:00 PM,14,6,8
05/08/2018 08:00:00 PM,15,5,10
05/08/2018 07:00:00 PM,53,18,35
05/08/2018 06:00:00 PM,106,40,66
05/08/2018 05:00:00 PM,229,97,132
05/08/2018 04:00:00 PM,203,70,133
05/08/2018 03:00:00 PM,65,13,52
05/08/2018 02:00:00 PM,61,23,38
05/08/2018 01:00:00 PM,51,25,26
05/08/2018 12:00:00 PM,49,22,27
05/08/2018 11:00:00 AM,38,17,21
05/08/2018 10:00:00 AM,31,14,17
05/08/2018 09:00:00 AM,98,42,56
05/08/2018 08:00:00 AM,189,76,113
05/08/2018 07:00:00 AM,138,73,65
05/08/2018 06:00:00 AM,73,37,36
05/08/2018 05:00:00 AM,20,15,5
05/08/2018 04:00:00 AM,0,0,0
05/08/2018 03:00:00 AM,1,1,0
05/08/2018 02:00:00 AM,0,0,0
05/08/2018 01:00:00 AM,2,2,0
05/08/2018 12:00:00 AM,2,1,1
05/07/2018 11:00:00 PM,4,2,2
05/07/2018 10:00:00 PM,15,7,8
05/07/2018 09:00:00 PM,12,3,9
05/07/2018 08:00:00 PM,22,12,10
05/07/2018 07:00:00 PM,62,26,36
05/07/2018 06:00:00 PM,120,46,74
05/07/2018 05:00:00 PM,257,100,157
05/07/2018 04:00:00 PM,179,57,122
05/07/2018 03:00:00 PM,66,16,50
05/07/2018 02:00:00 PM,52,24,28
05/07/2018 01:00:00 PM,31,20,11
05/07/2018 12:00:00 PM,30,17,13
05/07/2018 11:00:00 AM,28,15,13
05/07/2018 10:00:00 AM,34,15,19
05/07/2018 09:00:00 AM,116,41,75
05/07/2018 08:00:00 AM,215,90,125
05/07/2018 07:00:00 AM,122,59,63
05/07/2018 06:00:00 AM,59,30,29
05/07/2018 05:00:00 AM,22,16,6
05/07/2018 04:00:00 AM,2,2,0
05/07/2018 03:00:00 AM,1,1,0
05/07/2018 02:00:00 AM,0,0,0
05/07/2018 01:00:00 AM,2,2,0
05/07/2018 12:00:00 AM,4,1,3
05/06/2018 11:00:00 PM,3,2,1
05/06/2018 10:00:00 PM,10,4,6
05/06/2018 09:00:00 PM,6,2,4
05/06/2018 08:00:00 PM,7,4,3
05/06/2018 07:00:00 PM,14,8,6
05/06/2018 06:00:00 PM,29,19,10
05/06/2018 05:00:00 PM,30,9,21
05/06/2018 04:00:00 PM,46,37,9
05/06/2018 03:00:00 PM,56,45,11
05/06/2018 02:00:00 PM,42,17,25
05/06/2018 01:00:00 PM,47,23,24
05/06/2018 12:00:00 PM,59,14,45
05/06/2018 11:00:00 AM,39,14,25
05/06/2018 10:00:00 AM,24,12,12
05/06/2018 09:00:00 AM,22,12,10
05/06/2018 08:00:00 AM,27,4,23
05/06/2018 07:00:00 AM,12,6,6
05/06/2018 06:00:00 AM,3,1,2
05/06/2018 05:00:00 AM,0,0,0
05/06/2018 04:00:00 AM,0,0,0
05/06/2018 03:00:00 AM,0,0,0
05/06/2018 02:00:00 AM,10,4,6
05/06/2018 01:00:00 AM,5,1,4
05/06/2018 12:00:00 AM,5,1,4
05/05/2018 11:00:00 PM,14,10,4
05/05/2018 10:00:00 PM,12,12,0
05/05/2018 09:00:00 PM,8,3,5
05/05/2018 08:00:00 PM,15,7,8
05/05/2018 07:00:00 PM,5,2,3
05/05/2018 06:00:00 PM,47,22,25
05/05/2018 05:00:00 PM,49,24,25
05/05/2018 04:00:00 PM,45,21,24
05/05/2018 03:00:00 PM,77,53,24
05/05/2018 02:00:00 PM,36,9,27
05/05/2018 01:00:00 PM,49,16,33
05/05/2018 12:00:00 PM,76,13,63
05/05/2018 11:00:00 AM,60,20,40
05/05/2018 10:00:00 AM,29,10,19
05/05/2018 09:00:00 AM,18,4,14
05/05/2018 08:00:00 AM,25,10,15
05/05/2018 07:00:00 AM,13,8,5
05/05/2018 06:00:00 AM,7,3,4
05/05/2018 05:00:00 AM,1,0,1
05/05/2018 04:00:00 AM,0,0,0
05/05/2018 03:00:00 AM,0,0,0
05/05/2018 02:00:00 AM,0,0,0
05/05/2018 01:00:00 AM,4,3,1
05/05/2018 12:00:00 AM,14,12,2
05/04/2018 11:00:00 PM,12,7,5
05/04/2018 10:00:00 PM,31,20,11
05/04/2018 09:00:00 PM,18,5,13
05/04/2018 08:00:00 PM,12,4,8
05/04/2018 07:00:00 PM,47,15,32
05/04/2018 06:00:00 PM,129,47,82
05/04/2018 05:00:00 PM,184,63,121
05/04/2018 04:00:00 PM,159,61,98
05/04/2018 03:00:00 PM,84,26,58
05/04/2018 02:00:00 PM,38,14,24
05/04/2018 01:00:00 PM,40,20,20
05/04/2018 12:00:00 PM,56,25,31
05/04/2018 11:00:00 AM,52,23,29
05/04/2018 10:00:00 AM,29,8,21
05/04/2018 09:00:00 AM,83,35,48
05/04/2018 08:00:00 AM,154,72,82
05/04/2018 07:00:00 AM,89,44,45
05/04/2018 06:00:00 AM,46,24,22
05/04/2018 05:00:00 AM,15,11,4
05/04/2018 04:00:00 AM,1,0,1
05/04/2018 03:00:00 AM,0,0,0
05/04/2018 02:00:00 AM,0,0,0
05/04/2018 01:00:00 AM,1,0,1
05/04/2018 12:00:00 AM,4,3,1
05/03/2018 11:00:00 PM,14,7,7
05/03/2018 10:00:00 PM,16,10,6
05/03/2018 09:00:00 PM,22,13,9
05/03/2018 08:00:00 PM,28,16,12
05/03/2018 07:00:00 PM,49,18,31
05/03/2018 06:00:00 PM,169,63,106
05/03/2018 05:00:00 PM,271,80,191
05/03/2018 04:00:00 PM,182,60,122
05/03/2018 03:00:00 PM,82,37,45
05/03/2018 02:00:00 PM,57,16,41
05/03/2018 01:00:00 PM,47,26,21
05/03/2018 12:00:00 PM,48,24,24
05/03/2018 11:00:00 AM,44,18,26
05/03/2018 10:00:00 AM,34,12,22
05/03/2018 09:00:00 AM,106,51,55
05/03/2018 08:00:00 AM,168,68,100
05/03/2018 07:00:00 AM,114,58,56
05/03/2018 06:00:00 AM,59,26,33
05/03/2018 05:00:00 AM,22,17,5
05/03/2018 04:00:00 AM,2,1,1
05/03/2018 03:00:00 AM,0,0,0
05/03/2018 02:00:00 AM,1,1,0
05/03/2018 01:00:00 AM,0,0,0
05/03/2018 12:00:00 AM,5,4,1
05/02/2018 11:00:00 PM,8,5,3
05/02/2018 10:00:00 PM,10,5,5
05/02/2018 09:00:00 PM,22,8,14
05/02/2018 08:00:00 PM,32,16,16
05/02/2018 07:00:00 PM,49,17,32
05/02/2018 06:00:00 PM,132,47,85
05/02/2018 05:00:00 PM,276,103,173
05/02/2018 04:00:00 PM,154,50,104
05/02/2018 03:00:00 PM,81,33,48
05/02/2018 02:00:00 PM,42,19,23
05/02/2018 01:00:00 PM,57,25,32
05/02/2018 12:00:00 PM,56,27,29
05/02/2018 11:00:00 AM,56,23,33
05/02/2018 10:00:00 AM,35,18,17
05/02/2018 09:00:00 AM,96,41,55
05/02/2018 08:00:00 AM,195,90,105
05/02/2018 07:00:00 AM,139,61,78
05/02/2018 06:00:00 AM,61,30,31
05/02/2018 05:00:00 AM,19,12,7
05/02/2018 04:00:00 AM,2,2,0
05/02/2018 03:00:00 AM,2,2,0
05/02/2018 02:00:00 AM,2,0,2
05/02/2018 01:00:00 AM,1,1,0
05/02/2018 12:00:00 AM,3,2,1
05/01/2018 11:00:00 PM,5,2,3
05/01/2018 10:00:00 PM,15,10,5
05/01/2018 09:00:00 PM,16,8,8
05/01/2018 08:00:00 PM,20,10,10
05/01/2018 07:00:00 PM,57,22,35
05/01/2018 06:00:00 PM,137,52,85
05/01/2018 05:00:00 PM,140,67,73
05/01/2018 04:00:00 PM,156,62,94
05/01/2018 03:00:00 PM,82,27,55
05/01/2018 02:00:00 PM,65,22,43
05/01/2018 01:00:00 PM,39,18,21
05/01/2018 12:00:00 PM,59,32,27
05/01/2018 11:00:00 AM,39,23,16
05/01/2018 10:00:00 AM,39,20,19
05/01/2018 09:00:00 AM,87,38,49
05/01/2018 08:00:00 AM,180,73,107
05/01/2018 07:00:00 AM,123,63,60
05/01/2018 06:00:00 AM,57,29,28
05/01/2018 05:00:00 AM,18,12,6
05/01/2018 04:00:00 AM,2,1,1
05/01/2018 03:00:00 AM,0,0,0
05/01/2018 02:00:00 AM,3,2,1
05/01/2018 01:00:00 AM,5,3,2
05/01/2018 12:00:00 AM,1,1,0
04/30/2018 11:00:00 PM,4,2,2
04/30/2018 10:00:00 PM,5,2,3
04/30/2018 09:00:00 PM,11,5,6
04/30/2018 08:00:00 PM,10,5,5
04/30/2018 07:00:00 PM,33,16,17
04/30/2018 06:00:00 PM,90,32,58
04/30/2018 05:00:00 PM,187,69,118
04/30/2018 04:00:00 PM,125,38,87
04/30/2018 03:00:00 PM,54,13,41
04/30/2018 02:00:00 PM,25,12,13
04/30/2018 01:00:00 PM,38,21,17
04/30/2018 12:00:00 PM,33,16,17
04/30/2018 11:00:00 AM,32,13,19
04/30/2018 10:00:00 AM,21,8,13
04/30/2018 09:00:00 AM,65,31,34
04/30/2018 08:00:00 AM,117,54,63
04/30/2018 07:00:00 AM,100,48,52
04/30/2018 06:00:00 AM,54,24,30
04/30/2018 05:00:00 AM,24,16,8
04/30/2018 04:00:00 AM,2,2,0
04/30/2018 03:00:00 AM,2,1,1
04/30/2018 02:00:00 AM,1,1,0
04/30/2018 01:00:00 AM,0,0,0
04/30/2018 12:00:00 AM,4,2,2
04/29/2018 11:00:00 PM,3,0,3
04/29/2018 10:00:00 PM,5,3,2
04/29/2018 09:00:00 PM,3,2,1
04/29/2018 08:00:00 PM,15,9,6
04/29/2018 07:00:00 PM,17,7,10
04/29/2018 06:00:00 PM,22,11,11
04/29/2018 05:00:00 PM,35,15,20
04/29/2018 04:00:00 PM,24,5,19
04/29/2018 03:00:00 PM,22,8,14
04/29/2018 02:00:00 PM,24,11,13
04/29/2018 01:00:00 PM,30,11,19
04/29/2018 12:00:00 PM,22,15,7
04/29/2018 11:00:00 AM,16,7,9
04/29/2018 10:00:00 AM,15,6,9
04/29/2018 09:00:00 AM,13,5,8
04/29/2018 08:00:00 AM,7,4,3
04/29/2018 07:00:00 AM,2,2,0
04/29/2018 06:00:00 AM,0,0,0
04/29/2018 05:00:00 AM,0,0,0
04/29/2018 04:00:00 AM,1,0,1
04/29/2018 03:00:00 AM,0,0,0
04/29/2018 02:00:00 AM,1,1,0
04/29/2018 01:00:00 AM,0,0,0
04/29/2018 12:00:00 AM,2,1,1
04/28/2018 11:00:00 PM,4,3,1
04/28/2018 10:00:00 PM,4,3,1
04/28/2018 09:00:00 PM,7,4,3
04/28/2018 08:00:00 PM,6,3,3
04/28/2018 07:00:00 PM,7,5,2
04/28/2018 06:00:00 PM,14,6,8
04/28/2018 05:00:00 PM,20,10,10
04/28/2018 04:00:00 PM,12,7,5
04/28/2018 03:00:00 PM,21,8,13
04/28/2018 02:00:00 PM,13,4,9
04/28/2018 01:00:00 PM,14,8,6
04/28/2018 12:00:00 PM,2,0,2
04/28/2018 11:00:00 AM,10,2,8
04/28/2018 10:00:00 AM,6,5,1
04/28/2018 09:00:00 AM,4,2,2
04/28/2018 08:00:00 AM,1,1,0
04/28/2018 07:00:00 AM,5,4,1
04/28/2018 06:00:00 AM,1,0,1
04/28/2018 05:00:00 AM,1,0,1
04/28/2018 04:00:00 AM,0,0,0
04/28/2018 03:00:00 AM,0,0,0
04/28/2018 02:00:00 AM,0,0,0
04/28/2018 01:00:00 AM,8,1,7
04/28/2018 12:00:00 AM,4,1,3
04/27/2018 11:00:00 PM,8,5,3
04/27/2018 10:00:00 PM,9,6,3
04/27/2018 09:00:00 PM,8,2,6
04/27/2018 08:00:00 PM,15,9,6
04/27/2018 07:00:00 PM,41,14,27
04/27/2018 06:00:00 PM,72,26,46
04/27/2018 05:00:00 PM,153,64,89
04/27/2018 04:00:00 PM,114,30,84
04/27/2018 03:00:00 PM,78,30,48
04/27/2018 02:00:00 PM,48,21,27
04/27/2018 01:00:00 PM,31,9,22
04/27/2018 12:00:00 PM,50,25,25
04/27/2018 11:00:00 AM,40,20,20
04/27/2018 10:00:00 AM,25,9,16
04/27/2018 09:00:00 AM,82,33,49
04/27/2018 08:00:00 AM,127,48,79
04/27/2018 07:00:00 AM,78,46,32
04/27/2018 06:00:00 AM,36,14,22
04/27/2018 05:00:00 AM,12,7,5
04/27/2018 04:00:00 AM,2,2,0
04/27/2018 03:00:00 AM,1,0,1
04/27/2018 02:00:00 AM,2,0,2
04/27/2018 01:00:00 AM,3,1,2
04/27/2018 12:00:00 AM,2,0,2
04/26/2018 11:00:00 PM,5,4,1
04/26/2018 10:00:00 PM,11,6,5
04/26/2018 09:00:00 PM,15,5,10
04/26/2018 08:00:00 PM,23,11,12
04/26/2018 07:00:00 PM,62,26,36
04/26/2018 06:00:00 PM,127,54,73
04/26/2018 05:00:00 PM,214,74,140
04/26/2018 04:00:00 PM,185,69,116
04/26/2018 03:00:00 PM,116,37,79
04/26/2018 02:00:00 PM,44,17,27
04/26/2018 01:00:00 PM,54,25,29
04/26/2018 12:00:00 PM,43,16,27
04/26/2018 11:00:00 AM,43,17,26
04/26/2018 10:00:00 AM,43,18,25
04/26/2018 09:00:00 AM,104,42,62
04/26/2018 08:00:00 AM,170,72,98
04/26/2018 07:00:00 AM,109,49,60
04/26/2018 06:00:00 AM,62,31,31
04/26/2018 05:00:00 AM,21,13,8
04/26/2018 04:00:00 AM,1,1,0
04/26/2018 03:00:00 AM,3,1,2
04/26/2018 02:00:00 AM,2,2,0
04/26/2018 01:00:00 AM,1,0,1
04/26/2018 12:00:00 AM,2,1,1
04/25/2018 11:00:00 PM,6,3,3
04/25/2018 10:00:00 PM,11,8,3
04/25/2018 09:00:00 PM,13,4,9
04/25/2018 08:00:00 PM,34,18,16
04/25/2018 07:00:00 PM,41,16,25
04/25/2018 06:00:00 PM,117,46,71
04/25/2018 05:00:00 PM,247,91,156
04/25/2018 04:00:00 PM,170,64,106
04/25/2018 03:00:00 PM,82,25,57
04/25/2018 02:00:00 PM,47,18,29
04/25/2018 01:00:00 PM,43,21,22
04/25/2018 12:00:00 PM,53,25,28
04/25/2018 11:00:00 AM,41,20,21
04/25/2018 10:00:00 AM,43,18,25
04/25/2018 09:00:00 AM,84,33,51
04/25/2018 08:00:00 AM,167,74,93
04/25/2018 07:00:00 AM,124,56,68
04/25/2018 06:00:00 AM,54,27,27
04/25/2018 05:00:00 AM,22,12,10
04/25/2018 04:00:00 AM,0,0,0
04/25/2018 03:00:00 AM,0,0,0
04/25/2018 02:00:00 AM,1,0,1
04/25/2018 01:00:00 AM,2,1,1
04/25/2018 12:00:00 AM,2,0,2
04/24/2018 11:00:00 PM,8,2,6
04/24/2018 10:00:00 PM,9,4,5
04/24/2018 09:00:00 PM,11,5,6
04/24/2018 08:00:00 PM,25,12,13
04/24/2018 07:00:00 PM,54,23,31
04/24/2018 06:00:00 PM,122,42,80
04/24/2018 05:00:00 PM,242,102,140
04/24/2018 04:00:00 PM,182,62,120
04/24/2018 03:00:00 PM,89,27,62
04/24/2018 02:00:00 PM,51,30,21
04/24/2018 01:00:00 PM,46,25,21
04/24/2018 12:00:00 PM,52,26,26
04/24/2018 11:00:00 AM,57,24,33
04/24/2018 10:00:00 AM,34,20,14
04/24/2018 09:00:00 AM,103,41,62
04/24/2018 08:00:00 AM,209,83,126
04/24/2018 07:00:00 AM,117,69,48
04/24/2018 06:00:00 AM,60,31,29
04/24/2018 05:00:00 AM,21,14,7
04/24/2018 04:00:00 AM,2,2,0
04/24/2018 03:00:00 AM,0,0,0
04/24/2018 02:00:00 AM,1,1,0
04/24/2018 01:00:00 AM,1,1,0
04/24/2018 12:00:00 AM,6,3,3
04/23/2018 11:00:00 PM,2,1,1
04/23/2018 10:00:00 PM,7,3,4
04/23/2018 09:00:00 PM,20,10,10
04/23/2018 08:00:00 PM,15,6,9
04/23/2018 07:00:00 PM,27,11,16
04/23/2018 06:00:00 PM,104,42,62
04/23/2018 05:00:00 PM,237,85,152
04/23/2018 04:00:00 PM,143,52,91
04/23/2018 03:00:00 PM,82,32,50
04/23/2018 02:00:00 PM,40,21,19
04/23/2018 01:00:00 PM,43,22,21
04/23/2018 12:00:00 PM,27,12,15
04/23/2018 11:00:00 AM,40,17,23
04/23/2018 10:00:00 AM,29,14,15
04/23/2018 09:00:00 AM,79,37,42
04/23/2018 08:00:00 AM,151,63,88
04/23/2018 07:00:00 AM,109,62,47
04/23/2018 06:00:00 AM,50,23,27
04/23/2018 05:00:00 AM,22,14,8
04/23/2018 04:00:00 AM,7,3,4
04/23/2018 03:00:00 AM,1,1,0
04/23/2018 02:00:00 AM,1,1,0
04/23/2018 01:00:00 AM,1,0,1
04/23/2018 12:00:00 AM,1,0,1
04/22/2018 11:00:00 PM,2,1,1
04/22/2018 10:00:00 PM,1,1,0
04/22/2018 09:00:00 PM,14,5,9
04/22/2018 08:00:00 PM,9,3,6
04/22/2018 07:00:00 PM,15,8,7
04/22/2018 06:00:00 PM,21,11,10
04/22/2018 05:00:00 PM,37,21,16
04/22/2018 04:00:00 PM,42,23,19
04/22/2018 03:00:00 PM,64,45,19
04/22/2018 02:00:00 PM,42,17,25
04/22/2018 01:00:00 PM,37,14,23
04/22/2018 12:00:00 PM,68,11,57
04/22/2018 11:00:00 AM,44,14,30
04/22/2018 10:00:00 AM,15,7,8
04/22/2018 09:00:00 AM,24,11,13
04/22/2018 08:00:00 AM,18,7,11
04/22/2018 07:00:00 AM,11,4,7
04/22/2018 06:00:00 AM,4,3,1
04/22/2018 05:00:00 AM,1,0,1
04/22/2018 04:00:00 AM,1,0,1
04/22/2018 03:00:00 AM,0,0,0
04/22/2018 02:00:00 AM,7,5,2
04/22/2018 01:00:00 AM,1,1,0
04/22/2018 12:00:00 AM,7,2,5
04/21/2018 11:00:00 PM,4,1,3
04/21/2018 10:00:00 PM,8,6,2
04/21/2018 09:00:00 PM,10,3,7
04/21/2018 08:00:00 PM,11,7,4
04/21/2018 07:00:00 PM,30,14,16
04/21/2018 06:00:00 PM,31,12,19
04/21/2018 05:00:00 PM,26,14,12
04/21/2018 04:00:00 PM,30,19,11
04/21/2018 03:00:00 PM,22,14,8
04/21/2018 02:00:00 PM,29,9,20
04/21/2018 01:00:00 PM,36,10,26
04/21/2018 12:00:00 PM,40,15,25
04/21/2018 11:00:00 AM,19,4,15
04/21/2018 10:00:00 AM,22,10,12
04/21/2018 09:00:00 AM,14,7,7
04/21/2018 08:00:00 AM,12,7,5
04/21/2018 07:00:00 AM,5,3,2
04/21/2018 06:00:00 AM,4,1,3
04/21/2018 05:00:00 AM,1,0,1
04/21/2018 04:00:00 AM,0,0,0
04/21/2018 03:00:00 AM,0,0,0
04/21/2018 02:00:00 AM,1,1,0
04/21/2018 01:00:00 AM,2,2,0
04/21/2018 12:00:00 AM,1,0,1
04/20/2018 11:00:00 PM,5,1,4
04/20/2018 10:00:00 PM,5,4,1
04/20/2018 09:00:00 PM,14,6,8
04/20/2018 08:00:00 PM,21,13,8
04/20/2018 07:00:00 PM,27,16,11
04/20/2018 06:00:00 PM,84,29,55
04/20/2018 05:00:00 PM,130,56,74
04/20/2018 04:00:00 PM,131,54,77
04/20/2018 03:00:00 PM,76,30,46
04/20/2018 02:00:00 PM,51,20,31
04/20/2018 01:00:00 PM,33,12,21
04/20/2018 12:00:00 PM,43,20,23
04/20/2018 11:00:00 AM,49,19,30
04/20/2018 10:00:00 AM,29,14,15
04/20/2018 09:00:00 AM,74,26,48
04/20/2018 08:00:00 AM,135,68,67
04/20/2018 07:00:00 AM,80,40,40
04/20/2018 06:00:00 AM,41,16,25
04/20/2018 05:00:00 AM,16,12,4
04/20/2018 04:00:00 AM,1,0,1
04/20/2018 03:00:00 AM,3,2,1
04/20/2018 02:00:00 AM,0,0,0
04/20/2018 01:00:00 AM,4,2,2
04/20/2018 12:00:00 AM,6,3,3
04/19/2018 11:00:00 PM,6,1,5
04/19/2018 10:00:00 PM,6,5,1
04/19/2018 09:00:00 PM,14,6,8
04/19/2018 08:00:00 PM,22,11,11
04/19/2018 07:00:00 PM,55,28,27
04/19/2018 06:00:00 PM,98,39,59
04/19/2018 05:00:00 PM,183,68,115
04/19/2018 04:00:00 PM,127,43,84
04/19/2018 03:00:00 PM,67,25,42
04/19/2018 02:00:00 PM,55,26,29
04/19/2018 01:00:00 PM,42,16,26
04/19/2018 12:00:00 PM,63,23,40
04/19/2018 11:00:00 AM,48,19,29
04/19/2018 10:00:00 AM,37,17,20
04/19/2018 09:00:00 AM,77,29,48
04/19/2018 08:00:00 AM,137,67,70
04/19/2018 07:00:00 AM,93,45,48
04/19/2018 06:00:00 AM,49,22,27
04/19/2018 05:00:00 AM,17,10,7
04/19/2018 04:00:00 AM,3,2,1
04/19/2018 03:00:00 AM,2,1,1
04/19/2018 02:00:00 AM,3,2,1
04/19/2018 01:00:00 AM,1,0,1
04/19/2018 12:00:00 AM,0,0,0
04/18/2018 11:00:00 PM,6,2,4
04/18/2018 10:00:00 PM,10,6,4
04/18/2018 09:00:00 PM,23,11,12
04/18/2018 08:00:00 PM,18,9,9
04/18/2018 07:00:00 PM,51,18,33
04/18/2018 06:00:00 PM,91,44,47
04/18/2018 05:00:00 PM,175,59,116
04/18/2018 04:00:00 PM,119,38,81
04/18/2018 03:00:00 PM,61,20,41
04/18/2018 02:00:00 PM,37,12,25
04/18/2018 01:00:00 PM,30,12,18
04/18/2018 12:00:00 PM,36,14,22
04/18/2018 11:00:00 AM,23,14,9
04/18/2018 10:00:00 AM,23,15,8
04/18/2018 09:00:00 AM,76,34,42
04/18/2018 08:00:00 AM,140,61,79
04/18/2018 07:00:00 AM,83,41,42
04/18/2018 06:00:00 AM,47,31,16
04/18/2018 05:00:00 AM,11,9,2
04/18/2018 04:00:00 AM,3,2,1
04/18/2018 03:00:00 AM,1,0,1
04/18/2018 02:00:00 AM,1,1,0
04/18/2018 01:00:00 AM,1,1,0
04/18/2018 12:00:00 AM,1,1,0
04/17/2018 11:00:00 PM,2,1,1
04/17/2018 10:00:00 PM,22,16,6
04/17/2018 09:00:00 PM,7,4,3
04/17/2018 08:00:00 PM,15,8,7
04/17/2018 07:00:00 PM,42,13,29
04/17/2018 06:00:00 PM,76,27,49
04/17/2018 05:00:00 PM,178,68,110
04/17/2018 04:00:00 PM,121,46,75
04/17/2018 03:00:00 PM,57,16,41
04/17/2018 02:00:00 PM,30,13,17
04/17/2018 01:00:00 PM,34,15,19
04/17/2018 12:00:00 PM,50,23,27
04/17/2018 11:00:00 AM,37,17,20
04/17/2018 10:00:00 AM,32,15,17
04/17/2018 09:00:00 AM,74,38,36
04/17/2018 08:00:00 AM,116,52,64
04/17/2018 07:00:00 AM,63,33,30
04/17/2018 06:00:00 AM,39,22,17
04/17/2018 05:00:00 AM,14,8,6
04/17/2018 04:00:00 AM,1,0,1
04/17/2018 03:00:00 AM,1,1,0
04/17/2018 02:00:00 AM,1,0,1
04/17/2018 01:00:00 AM,1,0,1
04/17/2018 12:00:00 AM,1,1,0
04/16/2018 11:00:00 PM,4,2,2
04/16/2018 10:00:00 PM,5,3,2
04/16/2018 09:00:00 PM,7,5,2
04/16/2018 08:00:00 PM,8,4,4
04/16/2018 07:00:00 PM,26,12,14
04/16/2018 06:00:00 PM,69,29,40
04/16/2018 05:00:00 PM,101,34,67
04/16/2018 04:00:00 PM,77,29,48
04/16/2018 03:00:00 PM,37,14,23
04/16/2018 02:00:00 PM,21,8,13
04/16/2018 01:00:00 PM,21,9,12
04/16/2018 12:00:00 PM,29,10,19
04/16/2018 11:00:00 AM,19,8,11
04/16/2018 10:00:00 AM,16,10,6
04/16/2018 09:00:00 AM,44,19,25
04/16/2018 08:00:00 AM,96,43,53
04/16/2018 07:00:00 AM,57,26,31
04/16/2018 06:00:00 AM,39,23,16
04/16/2018 05:00:00 AM,12,8,4
04/16/2018 04:00:00 AM,1,0,1
04/16/2018 03:00:00 AM,1,1,0
04/16/2018 02:00:00 AM,1,0,1
04/16/2018 01:00:00 AM,1,0,1
04/16/2018 12:00:00 AM,1,1,0
04/15/2018 11:00:00 PM,2,1,1
04/15/2018 10:00:00 PM,8,5,3
04/15/2018 09:00:00 PM,5,2,3
04/15/2018 08:00:00 PM,3,1,2
04/15/2018 07:00:00 PM,8,4,4
04/15/2018 06:00:00 PM,8,4,4
04/15/2018 05:00:00 PM,15,8,7
04/15/2018 04:00:00 PM,23,16,7
04/15/2018 03:00:00 PM,14,5,9
04/15/2018 02:00:00 PM,14,7,7
04/15/2018 01:00:00 PM,26,9,17
04/15/2018 12:00:00 PM,17,9,8
04/15/2018 11:00:00 AM,21,10,11
04/15/2018 10:00:00 AM,7,4,3
04/15/2018 09:00:00 AM,5,4,1
04/15/2018 08:00:00 AM,2,1,1
04/15/2018 07:00:00 AM,4,4,0
04/15/2018 06:00:00 AM,2,0,2
04/15/2018 05:00:00 AM,0,0,0
04/15/2018 04:00:00 AM,0,0,0
04/15/2018 03:00:00 AM,1,1,0
04/15/2018 02:00:00 AM,0,0,0
04/15/2018 01:00:00 AM,0,0,0
04/15/2018 12:00:00 AM,1,0,1
04/14/2018 11:00:00 PM,1,1,0
04/14/2018 10:00:00 PM,5,3,2
04/14/2018 09:00:00 PM,1,0,1
04/14/2018 08:00:00 PM,5,2,3
04/14/2018 07:00:00 PM,3,2,1
04/14/2018 06:00:00 PM,3,0,3
04/14/2018 05:00:00 PM,2,2,0
04/14/2018 04:00:00 PM,8,2,6
04/14/2018 03:00:00 PM,4,3,1
04/14/2018 02:00:00 PM,4,3,1
04/14/2018 01:00:00 PM,9,9,0
04/14/2018 12:00:00 PM,16,8,8
04/14/2018 11:00:00 AM,5,0,5
04/14/2018 10:00:00 AM,9,4,5
04/14/2018 09:00:00 AM,12,5,7
04/14/2018 08:00:00 AM,5,4,1
04/14/2018 07:00:00 AM,3,3,0
04/14/2018 06:00:00 AM,2,1,1
04/14/2018 05:00:00 AM,0,0,0
04/14/2018 04:00:00 AM,0,0,0
04/14/2018 03:00:00 AM,0,0,0
04/14/2018 02:00:00 AM,3,3,0
04/14/2018 01:00:00 AM,0,0,0
04/14/2018 12:00:00 AM,3,2,1
04/13/2018 11:00:00 PM,0,0,0
04/13/2018 10:00:00 PM,2,1,1
04/13/2018 09:00:00 PM,4,3,1
04/13/2018 08:00:00 PM,13,6,7
04/13/2018 07:00:00 PM,10,4,6
04/13/2018 06:00:00 PM,51,12,39
04/13/2018 05:00:00 PM,73,25,48
04/13/2018 04:00:00 PM,56,15,41
04/13/2018 03:00:00 PM,34,13,21
04/13/2018 02:00:00 PM,16,7,9
04/13/2018 01:00:00 PM,27,15,12
04/13/2018 12:00:00 PM,15,6,9
04/13/2018 11:00:00 AM,27,11,16
04/13/2018 10:00:00 AM,20,7,13
04/13/2018 09:00:00 AM,38,16,22
04/13/2018 08:00:00 AM,70,36,34
04/13/2018 07:00:00 AM,39,29,10
04/13/2018 06:00:00 AM,21,11,10
04/13/2018 05:00:00 AM,8,6,2
04/13/2018 04:00:00 AM,1,1,0
04/13/2018 03:00:00 AM,0,0,0
04/13/2018 02:00:00 AM,1,1,0
04/13/2018 01:00:00 AM,0,0,0
04/13/2018 12:00:00 AM,1,1,0
04/12/2018 11:00:00 PM,0,0,0
04/12/2018 10:00:00 PM,7,3,4
04/12/2018 09:00:00 PM,14,5,9
04/12/2018 08:00:00 PM,16,8,8
04/12/2018 07:00:00 PM,33,18,15
04/12/2018 06:00:00 PM,71,29,42
04/12/2018 05:00:00 PM,127,41,86
04/12/2018 04:00:00 PM,87,25,62
04/12/2018 03:00:00 PM,45,16,29
04/12/2018 02:00:00 PM,24,11,13
04/12/2018 01:00:00 PM,15,7,8
04/12/2018 12:00:00 PM,21,12,9
04/12/2018 11:00:00 AM,17,9,8
04/12/2018 10:00:00 AM,20,9,11
04/12/2018 09:00:00 AM,53,23,30
04/12/2018 08:00:00 AM,89,38,51
04/12/2018 07:00:00 AM,53,32,21
04/12/2018 06:00:00 AM,32,18,14
04/12/2018 05:00:00 AM,11,8,3
04/12/2018 04:00:00 AM,1,0,1
04/12/2018 03:00:00 AM,0,0,0
04/12/2018 02:00:00 AM,0,0,0
04/12/2018 01:00:00 AM,0,0,0
04/12/2018 12:00:00 AM,0,0,0
04/11/2018 11:00:00 PM,1,0,1
04/11/2018 10:00:00 PM,3,1,2
04/11/2018 09:00:00 PM,11,5,6
04/11/2018 08:00:00 PM,8,1,7
04/11/2018 07:00:00 PM,26,10,16
04/11/2018 06:00:00 PM,63,29,34
04/11/2018 05:00:00 PM,111,34,77
04/11/2018 04:00:00 PM,69,21,48
04/11/2018 03:00:00 PM,36,6,30
04/11/2018 02:00:00 PM,19,7,12
04/11/2018 01:00:00 PM,14,7,7
04/11/2018 12:00:00 PM,15,8,7
04/11/2018 11:00:00 AM,15,6,9
04/11/2018 10:00:00 AM,38,18,20
04/11/2018 09:00:00 AM,51,21,30
04/11/2018 08:00:00 AM,99,55,44
04/11/2018 07:00:00 AM,50,25,25
04/11/2018 06:00:00 AM,32,16,16
04/11/2018 05:00:00 AM,15,10,5
04/11/2018 04:00:00 AM,0,0,0
04/11/2018 03:00:00 AM,0,0,0
04/11/2018 02:00:00 AM,1,1,0
04/11/2018 01:00:00 AM,2,1,1
04/11/2018 12:00:00 AM,2,1,1
04/10/2018 11:00:00 PM,6,3,3
04/10/2018 10:00:00 PM,3,2,1
04/10/2018 09:00:00 PM,24,10,14
04/10/2018 08:00:00 PM,12,4,8
04/10/2018 07:00:00 PM,33,18,15
04/10/2018 06:00:00 PM,68,31,37
04/10/2018 05:00:00 PM,111,40,71
04/10/2018 04:00:00 PM,72,28,44
04/10/2018 03:00:00 PM,45,9,36
04/10/2018 02:00:00 PM,23,8,15
04/10/2018 01:00:00 PM,26,18,8
04/10/2018 12:00:00 PM,22,14,8
04/10/2018 11:00:00 AM,16,8,8
04/10/2018 10:00:00 AM,22,11,11
04/10/2018 09:00:00 AM,45,19,26
04/10/2018 08:00:00 AM,62,31,31
04/10/2018 07:00:00 AM,47,21,26
04/10/2018 06:00:00 AM,24,12,12
04/10/2018 05:00:00 AM,13,10,3
04/10/2018 04:00:00 AM,1,0,1
04/10/2018 03:00:00 AM,1,0,1
04/10/2018 02:00:00 AM,0,0,0
04/10/2018 01:00:00 AM,2,2,0
04/10/2018 12:00:00 AM,1,0,1
04/09/2018 11:00:00 PM,1,1,0
04/09/2018 10:00:00 PM,6,3,3
04/09/2018 09:00:00 PM,12,5,7
04/09/2018 08:00:00 PM,25,11,14
04/09/2018 07:00:00 PM,39,15,24
04/09/2018 06:00:00 PM,99,46,53
04/09/2018 05:00:00 PM,152,61,91
04/09/2018 04:00:00 PM,126,32,94
04/09/2018 03:00:00 PM,51,19,32
04/09/2018 02:00:00 PM,35,14,21
04/09/2018 01:00:00 PM,43,22,21
04/09/2018 12:00:00 PM,31,14,17
04/09/2018 11:00:00 AM,29,13,16
04/09/2018 10:00:00 AM,29,15,14
04/09/2018 09:00:00 AM,75,29,46
04/09/2018 08:00:00 AM,123,55,68
04/09/2018 07:00:00 AM,88,47,41
04/09/2018 06:00:00 AM,40,20,20
04/09/2018 05:00:00 AM,18,11,7
04/09/2018 04:00:00 AM,0,0,0
04/09/2018 03:00:00 AM,0,0,0
04/09/2018 02:00:00 AM,1,1,0
04/09/2018 01:00:00 AM,2,2,0
04/09/2018 12:00:00 AM,0,0,0
04/08/2018 11:00:00 PM,3,1,2
04/08/2018 10:00:00 PM,4,1,3
04/08/2018 09:00:00 PM,3,1,2
04/08/2018 08:00:00 PM,10,4,6
04/08/2018 07:00:00 PM,8,2,6
04/08/2018 06:00:00 PM,6,2,4
04/08/2018 05:00:00 PM,16,5,11
04/08/2018 04:00:00 PM,12,3,9
04/08/2018 03:00:00 PM,12,6,6
04/08/2018 02:00:00 PM,5,2,3
04/08/2018 01:00:00 PM,15,8,7
04/08/2018 12:00:00 PM,10,7,3
04/08/2018 11:00:00 AM,48,31,17
04/08/2018 10:00:00 AM,180,133,47
04/08/2018 09:00:00 AM,116,97,19
04/08/2018 08:00:00 AM,102,33,69
04/08/2018 07:00:00 AM,299,32,267
04/08/2018 06:00:00 AM,99,10,89
04/08/2018 05:00:00 AM,2,0,2
04/08/2018 04:00:00 AM,0,0,0
04/08/2018 03:00:00 AM,1,1,0
04/08/2018 02:00:00 AM,0,0,0
04/08/2018 01:00:00 AM,3,2,1
04/08/2018 12:00:00 AM,3,1,2
04/07/2018 11:00:00 PM,6,3,3
04/07/2018 10:00:00 PM,13,11,2
04/07/2018 09:00:00 PM,4,1,3
04/07/2018 08:00:00 PM,3,1,2
04/07/2018 07:00:00 PM,6,2,4
04/07/2018 06:00:00 PM,10,2,8
04/07/2018 05:00:00 PM,7,1,6
04/07/2018 04:00:00 PM,12,5,7
04/07/2018 03:00:00 PM,19,5,14
04/07/2018 02:00:00 PM,10,4,6
04/07/2018 01:00:00 PM,19,10,9
04/07/2018 12:00:00 PM,23,12,11
04/07/2018 11:00:00 AM,18,7,11
04/07/2018 10:00:00 AM,11,3,8
04/07/2018 09:00:00 AM,2,2,0
04/07/2018 08:00:00 AM,8,3,5
04/07/2018 07:00:00 AM,3,3,0
04/07/2018 06:00:00 AM,0,0,0
04/07/2018 05:00:00 AM,0,0,0
04/07/2018 04:00:00 AM,0,0,0
04/07/2018 03:00:00 AM,1,1,0
04/07/2018 02:00:00 AM,0,0,0
04/07/2018 01:00:00 AM,1,1,0
04/07/2018 12:00:00 AM,11,6,5
04/06/2018 11:00:00 PM,8,4,4
04/06/2018 10:00:00 PM,9,3,6
04/06/2018 09:00:00 PM,6,2,4
04/06/2018 08:00:00 PM,13,7,6
04/06/2018 07:00:00 PM,32,16,16
04/06/2018 06:00:00 PM,75,34,41
04/06/2018 05:00:00 PM,135,43,92
04/06/2018 04:00:00 PM,110,41,69
04/06/2018 03:00:00 PM,65,22,43
04/06/2018 02:00:00 PM,41,15,26
04/06/2018 01:00:00 PM,38,11,27
04/06/2018 12:00:00 PM,31,10,21
04/06/2018 11:00:00 AM,22,8,14
04/06/2018 10:00:00 AM,43,23,20
04/06/2018 09:00:00 AM,65,27,38
04/06/2018 08:00:00 AM,92,46,46
04/06/2018 07:00:00 AM,59,25,34
04/06/2018 06:00:00 AM,25,12,13
04/06/2018 05:00:00 AM,14,10,4
04/06/2018 04:00:00 AM,1,1,0
04/06/2018 03:00:00 AM,0,0,0
04/06/2018 02:00:00 AM,1,1,0
04/06/2018 01:00:00 AM,0,0,0
04/06/2018 12:00:00 AM,1,1,0
04/05/2018 11:00:00 PM,6,2,4
04/05/2018 10:00:00 PM,10,3,7
04/05/2018 09:00:00 PM,14,9,5
04/05/2018 08:00:00 PM,12,9,3
04/05/2018 07:00:00 PM,30,11,19
04/05/2018 06:00:00 PM,53,10,43
04/05/2018 05:00:00 PM,94,37,57
04/05/2018 04:00:00 PM,80,21,59
04/05/2018 03:00:00 PM,36,14,22
04/05/2018 02:00:00 PM,25,13,12
04/05/2018 01:00:00 PM,18,8,10
04/05/2018 12:00:00 PM,14,7,7
04/05/2018 11:00:00 AM,21,9,12
04/05/2018 10:00:00 AM,26,12,14
04/05/2018 09:00:00 AM,55,25,30
04/05/2018 08:00:00 AM,72,31,41
04/05/2018 07:00:00 AM,47,25,22
04/05/2018 06:00:00 AM,29,11,18
04/05/2018 05:00:00 AM,12,6,6
04/05/2018 04:00:00 AM,1,1,0
04/05/2018 03:00:00 AM,0,0,0
04/05/2018 02:00:00 AM,0,0,0
04/05/2018 01:00:00 AM,0,0,0
04/05/2018 12:00:00 AM,2,2,0
04/04/2018 11:00:00 PM,6,3,3
04/04/2018 10:00:00 PM,6,2,4
04/04/2018 09:00:00 PM,10,2,8
04/04/2018 08:00:00 PM,6,3,3
04/04/2018 07:00:00 PM,33,12,21
04/04/2018 06:00:00 PM,60,20,40
04/04/2018 05:00:00 PM,98,34,64
04/04/2018 04:00:00 PM,69,20,49
04/04/2018 03:00:00 PM,30,7,23
04/04/2018 02:00:00 PM,19,11,8
04/04/2018 01:00:00 PM,22,13,9
04/04/2018 12:00:00 PM,21,9,12
04/04/2018 11:00:00 AM,18,10,8
04/04/2018 10:00:00 AM,19,9,10
04/04/2018 09:00:00 AM,54,18,36
04/04/2018 08:00:00 AM,70,38,32
04/04/2018 07:00:00 AM,44,30,14
04/04/2018 06:00:00 AM,36,20,16
04/04/2018 05:00:00 AM,11,7,4
04/04/2018 04:00:00 AM,2,1,1
04/04/2018 03:00:00 AM,2,2,0
04/04/2018 02:00:00 AM,0,0,0
04/04/2018 01:00:00 AM,1,1,0
04/04/2018 12:00:00 AM,4,1,3
04/03/2018 11:00:00 PM,3,2,1
04/03/2018 10:00:00 PM,7,2,5
04/03/2018 09:00:00 PM,7,3,4
04/03/2018 08:00:00 PM,8,3,5
04/03/2018 07:00:00 PM,29,14,15
04/03/2018 06:00:00 PM,90,37,53
04/03/2018 05:00:00 PM,147,59,88
04/03/2018 04:00:00 PM,117,36,81
04/03/2018 03:00:00 PM,58,20,38
04/03/2018 02:00:00 PM,32,19,13
04/03/2018 01:00:00 PM,26,12,14
04/03/2018 12:00:00 PM,26,16,10
04/03/2018 11:00:00 AM,30,14,16
04/03/2018 10:00:00 AM,36,10,26
04/03/2018 09:00:00 AM,73,30,43
04/03/2018 08:00:00 AM,122,52,70
04/03/2018 07:00:00 AM,75,42,33
04/03/2018 06:00:00 AM,48,18,30
04/03/2018 05:00:00 AM,11,6,5
04/03/2018 04:00:00 AM,0,0,0
04/03/2018 03:00:00 AM,1,1,0
04/03/2018 02:00:00 AM,0,0,0
04/03/2018 01:00:00 AM,1,1,0
04/03/2018 12:00:00 AM,1,0,1
04/02/2018 11:00:00 PM,3,2,1
04/02/2018 10:00:00 PM,11,7,4
04/02/2018 09:00:00 PM,7,3,4
04/02/2018 08:00:00 PM,16,5,11
04/02/2018 07:00:00 PM,25,10,15
04/02/2018 06:00:00 PM,81,34,47
04/02/2018 05:00:00 PM,166,64,102
04/02/2018 04:00:00 PM,122,39,83
04/02/2018 03:00:00 PM,58,17,41
04/02/2018 02:00:00 PM,33,23,10
04/02/2018 01:00:00 PM,22,16,6
04/02/2018 12:00:00 PM,44,13,31
04/02/2018 11:00:00 AM,24,13,11
04/02/2018 10:00:00 AM,31,13,18
04/02/2018 09:00:00 AM,86,44,42
04/02/2018 08:00:00 AM,128,60,68
04/02/2018 07:00:00 AM,75,39,36
04/02/2018 06:00:00 AM,36,18,18
04/02/2018 05:00:00 AM,16,10,6
04/02/2018 04:00:00 AM,1,1,0
04/02/2018 03:00:00 AM,0,0,0
04/02/2018 02:00:00 AM,1,0,1
04/02/2018 01:00:00 AM,1,1,0
04/02/2018 12:00:00 AM,0,0,0
04/01/2018 11:00:00 PM,0,0,0
04/01/2018 10:00:00 PM,4,2,2
04/01/2018 09:00:00 PM,1,0,1
04/01/2018 08:00:00 PM,2,0,2
04/01/2018 07:00:00 PM,7,2,5
04/01/2018 06:00:00 PM,9,6,3
04/01/2018 05:00:00 PM,19,11,8
04/01/2018 04:00:00 PM,7,4,3
04/01/2018 03:00:00 PM,12,7,5
04/01/2018 02:00:00 PM,19,5,14
04/01/2018 01:00:00 PM,10,4,6
04/01/2018 12:00:00 PM,19,6,13
04/01/2018 11:00:00 AM,9,6,3
04/01/2018 10:00:00 AM,11,4,7
04/01/2018 09:00:00 AM,7,3,4
04/01/2018 08:00:00 AM,4,2,2
04/01/2018 07:00:00 AM,4,3,1
04/01/2018 06:00:00 AM,4,2,2
04/01/2018 05:00:00 AM,1,0,1
04/01/2018 04:00:00 AM,0,0,0
04/01/2018 03:00:00 AM,0,0,0
04/01/2018 02:00:00 AM,2,1,1
04/01/2018 01:00:00 AM,2,2,0
04/01/2018 12:00:00 AM,9,8,1
03/31/2018 11:00:00 PM,10,5,5
03/31/2018 10:00:00 PM,15,8,7
03/31/2018 09:00:00 PM,39,29,10
03/31/2018 08:00:00 PM,16,10,6
03/31/2018 07:00:00 PM,25,8,17
03/31/2018 06:00:00 PM,64,16,48
03/31/2018 05:00:00 PM,65,26,39
03/31/2018 04:00:00 PM,66,43,23
03/31/2018 03:00:00 PM,47,16,31
03/31/2018 02:00:00 PM,36,23,13
03/31/2018 01:00:00 PM,45,19,26
03/31/2018 12:00:00 PM,67,15,52
03/31/2018 11:00:00 AM,36,9,27
03/31/2018 10:00:00 AM,22,8,14
03/31/2018 09:00:00 AM,10,5,5
03/31/2018 08:00:00 AM,8,5,3
03/31/2018 07:00:00 AM,5,3,2
03/31/2018 06:00:00 AM,2,1,1
03/31/2018 05:00:00 AM,1,1,0
03/31/2018 04:00:00 AM,0,0,0
03/31/2018 03:00:00 AM,4,0,4
03/31/2018 02:00:00 AM,3,2,1
03/31/2018 01:00:00 AM,4,2,2
03/31/2018 12:00:00 AM,9,5,4
03/30/2018 11:00:00 PM,20,12,8
03/30/2018 10:00:00 PM,17,7,10
03/30/2018 09:00:00 PM,7,3,4
03/30/2018 08:00:00 PM,15,11,4
03/30/2018 07:00:00 PM,28,14,14
03/30/2018 06:00:00 PM,68,19,49
03/30/2018 05:00:00 PM,111,49,62
03/30/2018 04:00:00 PM,113,33,80
03/30/2018 03:00:00 PM,67,24,43
03/30/2018 02:00:00 PM,48,25,23
03/30/2018 01:00:00 PM,38,21,17
03/30/2018 12:00:00 PM,49,26,23
03/30/2018 11:00:00 AM,35,13,22
03/30/2018 10:00:00 AM,32,13,19
03/30/2018 09:00:00 AM,59,21,38
03/30/2018 08:00:00 AM,100,41,59
03/30/2018 07:00:00 AM,52,31,21
03/30/2018 06:00:00 AM,32,10,22
03/30/2018 05:00:00 AM,12,10,2
03/30/2018 04:00:00 AM,2,1,1
03/30/2018 03:00:00 AM,2,1,1
03/30/2018 02:00:00 AM,0,0,0
03/30/2018 01:00:00 AM,1,1,0
03/30/2018 12:00:00 AM,3,3,0
03/29/2018 11:00:00 PM,14,10,4
03/29/2018 10:00:00 PM,37,25,12
03/29/2018 09:00:00 PM,19,11,8
03/29/2018 08:00:00 PM,21,16,5
03/29/2018 07:00:00 PM,47,20,27
03/29/2018 06:00:00 PM,132,36,96
03/29/2018 05:00:00 PM,193,58,135
03/29/2018 04:00:00 PM,125,41,84
03/29/2018 03:00:00 PM,58,17,41
03/29/2018 02:00:00 PM,63,26,37
03/29/2018 01:00:00 PM,38,16,22
03/29/2018 12:00:00 PM,25,14,11
03/29/2018 11:00:00 AM,39,15,24
03/29/2018 10:00:00 AM,34,18,16
03/29/2018 09:00:00 AM,69,22,47
03/29/2018 08:00:00 AM,126,54,72
03/29/2018 07:00:00 AM,67,38,29
03/29/2018 06:00:00 AM,35,17,18
03/29/2018 05:00:00 AM,14,7,7
03/29/2018 04:00:00 AM,1,1,0
03/29/2018 03:00:00 AM,1,1,0
03/29/2018 02:00:00 AM,2,1,1
03/29/2018 01:00:00 AM,2,2,0
03/29/2018 12:00:00 AM,2,1,1
03/28/2018 11:00:00 PM,2,0,2
03/28/2018 10:00:00 PM,8,4,4
03/28/2018 09:00:00 PM,10,3,7
03/28/2018 08:00:00 PM,15,8,7
03/28/2018 07:00:00 PM,29,12,17
03/28/2018 06:00:00 PM,92,33,59
03/28/2018 05:00:00 PM,168,79,89
03/28/2018 04:00:00 PM,119,33,86
03/28/2018 03:00:00 PM,73,19,54
03/28/2018 02:00:00 PM,36,13,23
03/28/2018 01:00:00 PM,38,23,15
03/28/2018 12:00:00 PM,27,20,7
03/28/2018 11:00:00 AM,49,23,26
03/28/2018 10:00:00 AM,46,20,26
03/28/2018 09:00:00 AM,64,28,36
03/28/2018 08:00:00 AM,119,49,70
03/28/2018 07:00:00 AM,85,40,45
03/28/2018 06:00:00 AM,41,19,22
03/28/2018 05:00:00 AM,15,10,5
03/28/2018 04:00:00 AM,0,0,0
03/28/2018 03:00:00 AM,0,0,0
03/28/2018 02:00:00 AM,0,0,0
03/28/2018 01:00:00 AM,0,0,0
03/28/2018 12:00:00 AM,5,2,3
03/27/2018 11:00:00 PM,4,2,2
03/27/2018 10:00:00 PM,4,2,2
03/27/2018 09:00:00 PM,14,4,10
03/27/2018 08:00:00 PM,12,7,5
03/27/2018 07:00:00 PM,25,11,14
03/27/2018 06:00:00 PM,65,31,34
03/27/2018 05:00:00 PM,125,57,68
03/27/2018 04:00:00 PM,100,33,67
03/27/2018 03:00:00 PM,54,19,35
03/27/2018 02:00:00 PM,31,15,16
03/27/2018 01:00:00 PM,28,16,12
03/27/2018 12:00:00 PM,34,12,22
03/27/2018 11:00:00 AM,24,7,17
03/27/2018 10:00:00 AM,27,17,10
03/27/2018 09:00:00 AM,63,22,41
03/27/2018 08:00:00 AM,95,39,56
03/27/2018 07:00:00 AM,61,31,30
03/27/2018 06:00:00 AM,28,13,15
03/27/2018 05:00:00 AM,12,9,3
03/27/2018 04:00:00 AM,1,0,1
03/27/2018 03:00:00 AM,0,0,0
03/27/2018 02:00:00 AM,0,0,0
03/27/2018 01:00:00 AM,1,1,0
03/27/2018 12:00:00 AM,0,0,0
03/26/2018 11:00:00 PM,0,0,0
03/26/2018 10:00:00 PM,7,5,2
03/26/2018 09:00:00 PM,8,3,5
03/26/2018 08:00:00 PM,6,4,2
03/26/2018 07:00:00 PM,21,7,14
03/26/2018 06:00:00 PM,68,24,44
03/26/2018 05:00:00 PM,133,49,84
03/26/2018 04:00:00 PM,73,28,45
03/26/2018 03:00:00 PM,37,15,22
03/26/2018 02:00:00 PM,20,8,12
03/26/2018 01:00:00 PM,23,14,9
03/26/2018 12:00:00 PM,11,6,5
03/26/2018 11:00:00 AM,23,10,13
03/26/2018 10:00:00 AM,19,7,12
03/26/2018 09:00:00 AM,62,25,37
03/26/2018 08:00:00 AM,89,36,53
03/26/2018 07:00:00 AM,48,21,27
03/26/2018 06:00:00 AM,28,15,13
03/26/2018 05:00:00 AM,7,4,3
03/26/2018 04:00:00 AM,0,0,0
03/26/2018 03:00:00 AM,0,0,0
03/26/2018 02:00:00 AM,0,0,0
03/26/2018 01:00:00 AM,1,1,0
03/26/2018 12:00:00 AM,1,1,0
03/25/2018 11:00:00 PM,1,1,0
03/25/2018 10:00:00 PM,2,1,1
03/25/2018 09:00:00 PM,7,2,5
03/25/2018 08:00:00 PM,9,4,5
03/25/2018 07:00:00 PM,12,6,6
03/25/2018 06:00:00 PM,14,3,11
03/25/2018 05:00:00 PM,19,8,11
03/25/2018 04:00:00 PM,18,8,10
03/25/2018 03:00:00 PM,27,12,15
03/25/2018 02:00:00 PM,21,9,12
03/25/2018 01:00:00 PM,24,9,15
03/25/2018 12:00:00 PM,34,16,18
03/25/2018 11:00:00 AM,14,3,11
03/25/2018 10:00:00 AM,10,5,5
03/25/2018 09:00:00 AM,9,4,5
03/25/2018 08:00:00 AM,4,1,3
03/25/2018 07:00:00 AM,3,1,2
03/25/2018 06:00:00 AM,2,1,1
03/25/2018 05:00:00 AM,0,0,0
03/25/2018 04:00:00 AM,0,0,0
03/25/2018 03:00:00 AM,0,0,0
03/25/2018 02:00:00 AM,2,0,2
03/25/2018 01:00:00 AM,0,0,0
03/25/2018 12:00:00 AM,5,1,4
03/24/2018 11:00:00 PM,4,1,3
03/24/2018 10:00:00 PM,3,1,2
03/24/2018 09:00:00 PM,19,11,8
03/24/2018 08:00:00 PM,6,3,3
03/24/2018 07:00:00 PM,15,7,8
03/24/2018 06:00:00 PM,18,7,11
03/24/2018 05:00:00 PM,18,8,10
03/24/2018 04:00:00 PM,39,9,30
03/24/2018 03:00:00 PM,22,6,16
03/24/2018 02:00:00 PM,16,6,10
03/24/2018 01:00:00 PM,31,11,20
03/24/2018 12:00:00 PM,26,9,17
03/24/2018 11:00:00 AM,23,9,14
03/24/2018 10:00:00 AM,18,11,7
03/24/2018 09:00:00 AM,16,6,10
03/24/2018 08:00:00 AM,9,6,3
03/24/2018 07:00:00 AM,3,3,0
03/24/2018 06:00:00 AM,0,0,0
03/24/2018 05:00:00 AM,0,0,0
03/24/2018 04:00:00 AM,0,0,0
03/24/2018 03:00:00 AM,0,0,0
03/24/2018 02:00:00 AM,0,0,0
03/24/2018 01:00:00 AM,2,2,0
03/24/2018 12:00:00 AM,1,1,0
03/23/2018 11:00:00 PM,3,0,3
03/23/2018 10:00:00 PM,5,1,4
03/23/2018 09:00:00 PM,4,1,3
03/23/2018 08:00:00 PM,10,5,5
03/23/2018 07:00:00 PM,20,8,12
03/23/2018 06:00:00 PM,44,17,27
03/23/2018 05:00:00 PM,89,34,55
03/23/2018 04:00:00 PM,78,21,57
03/23/2018 03:00:00 PM,52,18,34
03/23/2018 02:00:00 PM,19,7,12
03/23/2018 01:00:00 PM,24,15,9
03/23/2018 12:00:00 PM,18,14,4
03/23/2018 11:00:00 AM,15,7,8
03/23/2018 10:00:00 AM,20,10,10
03/23/2018 09:00:00 AM,30,16,14
03/23/2018 08:00:00 AM,61,24,37
03/23/2018 07:00:00 AM,46,20,26
03/23/2018 06:00:00 AM,22,12,10
03/23/2018 05:00:00 AM,8,4,4
03/23/2018 04:00:00 AM,2,1,1
03/23/2018 03:00:00 AM,1,1,0
03/23/2018 02:00:00 AM,0,0,0
03/23/2018 01:00:00 AM,2,1,1
03/23/2018 12:00:00 AM,3,1,2
03/22/2018 11:00:00 PM,2,1,1
03/22/2018 10:00:00 PM,7,3,4
03/22/2018 09:00:00 PM,6,6,0
03/22/2018 08:00:00 PM,9,6,3
03/22/2018 07:00:00 PM,19,11,8
03/22/2018 06:00:00 PM,53,14,39
03/22/2018 05:00:00 PM,90,30,60
03/22/2018 04:00:00 PM,62,23,39
03/22/2018 03:00:00 PM,29,10,19
03/22/2018 02:00:00 PM,19,14,5
03/22/2018 01:00:00 PM,12,6,6
03/22/2018 12:00:00 PM,21,14,7
03/22/2018 11:00:00 AM,14,9,5
03/22/2018 10:00:00 AM,15,10,5
03/22/2018 09:00:00 AM,31,16,15
03/22/2018 08:00:00 AM,71,32,39
03/22/2018 07:00:00 AM,37,16,21
03/22/2018 06:00:00 AM,24,12,12
03/22/2018 05:00:00 AM,9,8,1
03/22/2018 04:00:00 AM,0,0,0
03/22/2018 03:00:00 AM,0,0,0
03/22/2018 02:00:00 AM,0,0,0
03/22/2018 01:00:00 AM,1,1,0
03/22/2018 12:00:00 AM,1,1,0
03/21/2018 11:00:00 PM,1,0,1
03/21/2018 10:00:00 PM,3,0,3
03/21/2018 09:00:00 PM,6,2,4
03/21/2018 08:00:00 PM,12,6,6
03/21/2018 07:00:00 PM,32,12,20
03/21/2018 06:00:00 PM,73,36,37
03/21/2018 05:00:00 PM,161,49,112
03/21/2018 04:00:00 PM,130,47,83
03/21/2018 03:00:00 PM,61,19,42
03/21/2018 02:00:00 PM,40,17,23
03/21/2018 01:00:00 PM,31,20,11
03/21/2018 12:00:00 PM,46,21,25
03/21/2018 11:00:00 AM,35,19,16
03/21/2018 10:00:00 AM,36,19,17
03/21/2018 09:00:00 AM,77,31,46
03/21/2018 08:00:00 AM,116,47,69
03/21/2018 07:00:00 AM,81,39,42
03/21/2018 06:00:00 AM,37,18,19
03/21/2018 05:00:00 AM,9,7,2
03/21/2018 04:00:00 AM,1,1,0
03/21/2018 03:00:00 AM,2,0,2
03/21/2018 02:00:00 AM,1,1,0
03/21/2018 01:00:00 AM,3,2,1
03/21/2018 12:00:00 AM,4,3,1
03/20/2018 11:00:00 PM,3,1,2
03/20/2018 10:00:00 PM,8,4,4
03/20/2018 09:00:00 PM,15,6,9
03/20/2018 08:00:00 PM,20,5,15
03/20/2018 07:00:00 PM,43,23,20
03/20/2018 06:00:00 PM,97,41,56
03/20/2018 05:00:00 PM,189,68,121
03/20/2018 04:00:00 PM,127,45,82
03/20/2018 03:00:00 PM,68,22,46
03/20/2018 02:00:00 PM,35,13,22
03/20/2018 01:00:00 PM,39,21,18
03/20/2018 12:00:00 PM,37,22,15
03/20/2018 11:00:00 AM,41,22,19
03/20/2018 10:00:00 AM,28,9,19
03/20/2018 09:00:00 AM,72,33,39
03/20/2018 08:00:00 AM,127,49,78
03/20/2018 07:00:00 AM,94,38,56
03/20/2018 06:00:00 AM,34,18,16
03/20/2018 05:00:00 AM,12,10,2
03/20/2018 04:00:00 AM,2,1,1
03/20/2018 03:00:00 AM,1,1,0
03/20/2018 02:00:00 AM,1,1,0
03/20/2018 01:00:00 AM,2,1,1
03/20/2018 12:00:00 AM,1,1,0
03/19/2018 11:00:00 PM,3,2,1
03/19/2018 10:00:00 PM,6,1,5
03/19/2018 09:00:00 PM,10,4,6
03/19/2018 08:00:00 PM,17,7,10
03/19/2018 07:00:00 PM,41,9,32
03/19/2018 06:00:00 PM,107,43,64
03/19/2018 05:00:00 PM,162,73,89
03/19/2018 04:00:00 PM,118,36,82
03/19/2018 03:00:00 PM,43,13,30
03/19/2018 02:00:00 PM,53,22,31
03/19/2018 01:00:00 PM,45,25,20
03/19/2018 12:00:00 PM,37,20,17
03/19/2018 11:00:00 AM,30,13,17
03/19/2018 10:00:00 AM,42,14,28
03/19/2018 09:00:00 AM,79,38,41
03/19/2018 08:00:00 AM,134,55,79
03/19/2018 07:00:00 AM,90,44,46
03/19/2018 06:00:00 AM,39,20,19
03/19/2018 05:00:00 AM,14,8,6
03/19/2018 04:00:00 AM,2,1,1
03/19/2018 03:00:00 AM,0,0,0
03/19/2018 02:00:00 AM,4,4,0
03/19/2018 01:00:00 AM,1,0,1
03/19/2018 12:00:00 AM,0,0,0
03/18/2018 11:00:00 PM,1,1,0
03/18/2018 10:00:00 PM,5,3,2
03/18/2018 09:00:00 PM,16,5,11
03/18/2018 08:00:00 PM,9,5,4
03/18/2018 07:00:00 PM,15,8,7
03/18/2018 06:00:00 PM,27,13,14
03/18/2018 05:00:00 PM,30,16,14
03/18/2018 04:00:00 PM,23,11,12
03/18/2018 03:00:00 PM,45,20,25
03/18/2018 02:00:00 PM,22,9,13
03/18/2018 01:00:00 PM,25,15,10
03/18/2018 12:00:00 PM,17,5,12
03/18/2018 11:00:00 AM,16,7,9
03/18/2018 10:00:00 AM,22,12,10
03/18/2018 09:00:00 AM,10,4,6
03/18/2018 08:00:00 AM,11,7,4
03/18/2018 07:00:00 AM,3,2,1
03/18/2018 06:00:00 AM,1,0,1
03/18/2018 05:00:00 AM,0,0,0
03/18/2018 04:00:00 AM,1,1,0
03/18/2018 03:00:00 AM,0,0,0
03/18/2018 02:00:00 AM,2,2,0
03/18/2018 01:00:00 AM,2,1,1
03/18/2018 12:00:00 AM,2,1,1
03/17/2018 11:00:00 PM,6,4,2
03/17/2018 10:00:00 PM,3,1,2
03/17/2018 09:00:00 PM,6,2,4
03/17/2018 08:00:00 PM,12,6,6
03/17/2018 07:00:00 PM,34,17,17
03/17/2018 06:00:00 PM,24,11,13
03/17/2018 05:00:00 PM,24,10,14
03/17/2018 04:00:00 PM,29,12,17
03/17/2018 03:00:00 PM,33,21,12
03/17/2018 02:00:00 PM,36,16,20
03/17/2018 01:00:00 PM,38,19,19
03/17/2018 12:00:00 PM,27,12,15
03/17/2018 11:00:00 AM,13,5,8
03/17/2018 10:00:00 AM,26,12,14
03/17/2018 09:00:00 AM,26,16,10
03/17/2018 08:00:00 AM,11,5,6
03/17/2018 07:00:00 AM,7,6,1
03/17/2018 06:00:00 AM,2,1,1
03/17/2018 05:00:00 AM,0,0,0
03/17/2018 04:00:00 AM,0,0,0
03/17/2018 03:00:00 AM,3,2,1
03/17/2018 02:00:00 AM,2,2,0
03/17/2018 01:00:00 AM,2,2,0
03/17/2018 12:00:00 AM,1,0,1
03/16/2018 11:00:00 PM,6,3,3
03/16/2018 10:00:00 PM,8,4,4
03/16/2018 09:00:00 PM,19,6,13
03/16/2018 08:00:00 PM,28,11,17
03/16/2018 07:00:00 PM,33,17,16
03/16/2018 06:00:00 PM,67,26,41
03/16/2018 05:00:00 PM,125,51,74
03/16/2018 04:00:00 PM,109,31,78
03/16/2018 03:00:00 PM,62,23,39
03/16/2018 02:00:00 PM,41,14,27
03/16/2018 01:00:00 PM,37,18,19
03/16/2018 12:00:00 PM,42,18,24
03/16/2018 11:00:00 AM,28,16,12
03/16/2018 10:00:00 AM,30,14,16
03/16/2018 09:00:00 AM,66,25,41
03/16/2018 08:00:00 AM,106,47,59
03/16/2018 07:00:00 AM,55,22,33
03/16/2018 06:00:00 AM,36,17,19
03/16/2018 05:00:00 AM,9,6,3
03/16/2018 04:00:00 AM,2,1,1
03/16/2018 03:00:00 AM,1,0,1
03/16/2018 02:00:00 AM,0,0,0
03/16/2018 01:00:00 AM,3,1,2
03/16/2018 12:00:00 AM,2,1,1
03/15/2018 11:00:00 PM,1,1,0
03/15/2018 10:00:00 PM,5,0,5
03/15/2018 09:00:00 PM,9,5,4
03/15/2018 08:00:00 PM,16,11,5
03/15/2018 07:00:00 PM,36,13,23
03/15/2018 06:00:00 PM,83,28,55
03/15/2018 05:00:00 PM,167,70,97
03/15/2018 04:00:00 PM,123,56,67
03/15/2018 03:00:00 PM,70,21,49
03/15/2018 02:00:00 PM,36,18,18
03/15/2018 01:00:00 PM,40,18,22
03/15/2018 12:00:00 PM,43,23,20
03/15/2018 11:00:00 AM,37,21,16
03/15/2018 10:00:00 AM,33,15,18
03/15/2018 09:00:00 AM,89,43,46
03/15/2018 08:00:00 AM,127,52,75
03/15/2018 07:00:00 AM,65,31,34
03/15/2018 06:00:00 AM,43,18,25
03/15/2018 05:00:00 AM,10,6,4
03/15/2018 04:00:00 AM,1,1,0
03/15/2018 03:00:00 AM,0,0,0
03/15/2018 02:00:00 AM,2,1,1
03/15/2018 01:00:00 AM,1,1,0
03/15/2018 12:00:00 AM,1,0,1
03/14/2018 11:00:00 PM,3,1,2
03/14/2018 10:00:00 PM,5,2,3
03/14/2018 09:00:00 PM,17,9,8
03/14/2018 08:00:00 PM,10,6,4
03/14/2018 07:00:00 PM,35,17,18
03/14/2018 06:00:00 PM,73,32,41
03/14/2018 05:00:00 PM,138,42,96
03/14/2018 04:00:00 PM,107,49,58
03/14/2018 03:00:00 PM,60,18,42
03/14/2018 02:00:00 PM,27,9,18
03/14/2018 01:00:00 PM,34,17,17
03/14/2018 12:00:00 PM,34,18,16
03/14/2018 11:00:00 AM,34,13,21
03/14/2018 10:00:00 AM,25,9,16
03/14/2018 09:00:00 AM,62,23,39
03/14/2018 08:00:00 AM,98,42,56
03/14/2018 07:00:00 AM,52,24,28
03/14/2018 06:00:00 AM,35,12,23
03/14/2018 05:00:00 AM,12,9,3
03/14/2018 04:00:00 AM,2,2,0
03/14/2018 03:00:00 AM,0,0,0
03/14/2018 02:00:00 AM,0,0,0
03/14/2018 01:00:00 AM,3,2,1
03/14/2018 12:00:00 AM,0,0,0
03/13/2018 11:00:00 PM,1,1,0
03/13/2018 10:00:00 PM,4,1,3
03/13/2018 09:00:00 PM,7,2,5
03/13/2018 08:00:00 PM,9,5,4
03/13/2018 07:00:00 PM,16,5,11
03/13/2018 06:00:00 PM,58,22,36
03/13/2018 05:00:00 PM,117,40,77
03/13/2018 04:00:00 PM,85,28,57
03/13/2018 03:00:00 PM,47,17,30
03/13/2018 02:00:00 PM,30,11,19
03/13/2018 01:00:00 PM,33,14,19
03/13/2018 12:00:00 PM,25,16,9
03/13/2018 11:00:00 AM,40,20,20
03/13/2018 10:00:00 AM,30,12,18
03/13/2018 09:00:00 AM,56,27,29
03/13/2018 08:00:00 AM,93,48,45
03/13/2018 07:00:00 AM,64,31,33
03/13/2018 06:00:00 AM,41,19,22
03/13/2018 05:00:00 AM,13,9,4
03/13/2018 04:00:00 AM,0,0,0
03/13/2018 03:00:00 AM,0,0,0
03/13/2018 02:00:00 AM,1,1,0
03/13/2018 01:00:00 AM,0,0,0
03/13/2018 12:00:00 AM,3,1,2
03/12/2018 11:00:00 PM,1,1,0
03/12/2018 10:00:00 PM,12,5,7
03/12/2018 09:00:00 PM,14,5,9
03/12/2018 08:00:00 PM,29,15,14
03/12/2018 07:00:00 PM,36,16,20
03/12/2018 06:00:00 PM,85,37,48
03/12/2018 05:00:00 PM,180,67,113
03/12/2018 04:00:00 PM,143,53,90
03/12/2018 03:00:00 PM,60,13,47
03/12/2018 02:00:00 PM,37,19,18
03/12/2018 01:00:00 PM,53,29,24
03/12/2018 12:00:00 PM,40,18,22
03/12/2018 11:00:00 AM,42,27,15
03/12/2018 10:00:00 AM,41,16,25
03/12/2018 09:00:00 AM,89,39,50
03/12/2018 08:00:00 AM,140,56,84
03/12/2018 07:00:00 AM,71,30,41
03/12/2018 06:00:00 AM,42,16,26
03/12/2018 05:00:00 AM,11,7,4
03/12/2018 04:00:00 AM,3,1,2
03/12/2018 03:00:00 AM,0,0,0
03/12/2018 02:00:00 AM,1,1,0
03/12/2018 01:00:00 AM,1,1,0
03/12/2018 12:00:00 AM,1,1,0
03/11/2018 11:00:00 PM,2,1,1
03/11/2018 10:00:00 PM,14,9,5
03/11/2018 09:00:00 PM,9,4,5
03/11/2018 08:00:00 PM,4,2,2
03/11/2018 07:00:00 PM,14,11,3
03/11/2018 06:00:00 PM,29,20,9
03/11/2018 05:00:00 PM,34,16,18
03/11/2018 04:00:00 PM,22,12,10
03/11/2018 03:00:00 PM,29,15,14
03/11/2018 02:00:00 PM,35,12,23
03/11/2018 01:00:00 PM,38,14,24
03/11/2018 12:00:00 PM,26,12,14
03/11/2018 11:00:00 AM,19,7,12
03/11/2018 10:00:00 AM,14,8,6
03/11/2018 09:00:00 AM,13,8,5
03/11/2018 08:00:00 AM,4,2,2
03/11/2018 07:00:00 AM,1,0,1
03/11/2018 06:00:00 AM,1,0,1
03/11/2018 05:00:00 AM,0,0,0
03/11/2018 04:00:00 AM,0,0,0
03/11/2018 03:00:00 AM,3,2,1
03/11/2018 02:00:00 AM,0,0,0
03/11/2018 01:00:00 AM,3,1,2
03/11/2018 12:00:00 AM,2,0,2
03/10/2018 11:00:00 PM,1,0,1
03/10/2018 10:00:00 PM,1,1,0
03/10/2018 09:00:00 PM,8,4,4
03/10/2018 08:00:00 PM,14,7,7
03/10/2018 07:00:00 PM,11,7,4
03/10/2018 06:00:00 PM,20,11,9
03/10/2018 05:00:00 PM,28,9,19
03/10/2018 04:00:00 PM,41,21,20
03/10/2018 03:00:00 PM,20,12,8
03/10/2018 02:00:00 PM,26,8,18
03/10/2018 01:00:00 PM,44,21,23
03/10/2018 12:00:00 PM,36,15,21
03/10/2018 11:00:00 AM,23,8,15
03/10/2018 10:00:00 AM,21,11,10
03/10/2018 09:00:00 AM,12,3,9
03/10/2018 08:00:00 AM,14,7,7
03/10/2018 07:00:00 AM,2,1,1
03/10/2018 06:00:00 AM,4,3,1
03/10/2018 05:00:00 AM,0,0,0
03/10/2018 04:00:00 AM,0,0,0
03/10/2018 03:00:00 AM,0,0,0
03/10/2018 02:00:00 AM,3,1,2
03/10/2018 01:00:00 AM,0,0,0
03/10/2018 12:00:00 AM,3,1,2
03/09/2018 11:00:00 PM,5,3,2
03/09/2018 10:00:00 PM,7,2,5
03/09/2018 09:00:00 PM,18,13,5
03/09/2018 08:00:00 PM,11,5,6
03/09/2018 07:00:00 PM,26,12,14
03/09/2018 06:00:00 PM,54,20,34
03/09/2018 05:00:00 PM,119,50,69
03/09/2018 04:00:00 PM,94,29,65
03/09/2018 03:00:00 PM,54,17,37
03/09/2018 02:00:00 PM,37,18,19
03/09/2018 01:00:00 PM,32,16,16
03/09/2018 12:00:00 PM,30,17,13
03/09/2018 11:00:00 AM,38,23,15
03/09/2018 10:00:00 AM,29,13,16
03/09/2018 09:00:00 AM,46,23,23
03/09/2018 08:00:00 AM,94,39,55
03/09/2018 07:00:00 AM,53,27,26
03/09/2018 06:00:00 AM,28,17,11
03/09/2018 05:00:00 AM,11,8,3
03/09/2018 04:00:00 AM,2,1,1
03/09/2018 03:00:00 AM,0,0,0
03/09/2018 02:00:00 AM,0,0,0
03/09/2018 01:00:00 AM,0,0,0
03/09/2018 12:00:00 AM,1,1,0
03/08/2018 11:00:00 PM,0,0,0
03/08/2018 10:00:00 PM,4,1,3
03/08/2018 09:00:00 PM,11,5,6
03/08/2018 08:00:00 PM,23,13,10
03/08/2018 07:00:00 PM,19,8,11
03/08/2018 06:00:00 PM,44,15,29
03/08/2018 05:00:00 PM,78,25,53
03/08/2018 04:00:00 PM,70,22,48
03/08/2018 03:00:00 PM,24,11,13
03/08/2018 02:00:00 PM,22,11,11
03/08/2018 01:00:00 PM,10,9,1
03/08/2018 12:00:00 PM,13,5,8
03/08/2018 11:00:00 AM,20,10,10
03/08/2018 10:00:00 AM,27,16,11
03/08/2018 09:00:00 AM,32,16,16
03/08/2018 08:00:00 AM,70,30,40
03/08/2018 07:00:00 AM,37,20,17
03/08/2018 06:00:00 AM,31,20,11
03/08/2018 05:00:00 AM,10,6,4
03/08/2018 04:00:00 AM,0,0,0
03/08/2018 03:00:00 AM,0,0,0
03/08/2018 02:00:00 AM,0,0,0
03/08/2018 01:00:00 AM,2,2,0
03/08/2018 12:00:00 AM,2,1,1
03/07/2018 11:00:00 PM,0,0,0
03/07/2018 10:00:00 PM,12,5,7
03/07/2018 09:00:00 PM,27,19,8
03/07/2018 08:00:00 PM,17,7,10
03/07/2018 07:00:00 PM,34,18,16
03/07/2018 06:00:00 PM,81,27,54
03/07/2018 05:00:00 PM,166,50,116
03/07/2018 04:00:00 PM,98,26,72
03/07/2018 03:00:00 PM,58,19,39
03/07/2018 02:00:00 PM,32,17,15
03/07/2018 01:00:00 PM,27,13,14
03/07/2018 12:00:00 PM,24,12,12
03/07/2018 11:00:00 AM,23,12,11
03/07/2018 10:00:00 AM,28,16,12
03/07/2018 09:00:00 AM,61,28,33
03/07/2018 08:00:00 AM,111,45,66
03/07/2018 07:00:00 AM,56,29,27
03/07/2018 06:00:00 AM,33,19,14
03/07/2018 05:00:00 AM,10,5,5
03/07/2018 04:00:00 AM,0,0,0
03/07/2018 03:00:00 AM,0,0,0
03/07/2018 02:00:00 AM,1,1,0
03/07/2018 01:00:00 AM,1,1,0
03/07/2018 12:00:00 AM,4,1,3
03/06/2018 11:00:00 PM,5,1,4
03/06/2018 10:00:00 PM,5,2,3
03/06/2018 09:00:00 PM,9,2,7
03/06/2018 08:00:00 PM,23,11,12
03/06/2018 07:00:00 PM,32,16,16
03/06/2018 06:00:00 PM,67,28,39
03/06/2018 05:00:00 PM,161,63,98
03/06/2018 04:00:00 PM,115,34,81
03/06/2018 03:00:00 PM,53,11,42
03/06/2018 02:00:00 PM,31,17,14
03/06/2018 01:00:00 PM,46,23,23
03/06/2018 12:00:00 PM,37,18,19
03/06/2018 11:00:00 AM,32,14,18
03/06/2018 10:00:00 AM,21,8,13
03/06/2018 09:00:00 AM,79,40,39
03/06/2018 08:00:00 AM,121,48,73
03/06/2018 07:00:00 AM,78,37,41
03/06/2018 06:00:00 AM,45,27,18
03/06/2018 05:00:00 AM,10,7,3
03/06/2018 04:00:00 AM,0,0,0
03/06/2018 03:00:00 AM,0,0,0
03/06/2018 02:00:00 AM,1,1,0
03/06/2018 01:00:00 AM,3,2,1
03/06/2018 12:00:00 AM,2,1,1
03/05/2018 11:00:00 PM,1,0,1
03/05/2018 10:00:00 PM,8,3,5
03/05/2018 09:00:00 PM,11,3,8
03/05/2018 08:00:00 PM,8,2,6
03/05/2018 07:00:00 PM,23,12,11
03/05/2018 06:00:00 PM,69,34,35
03/05/2018 05:00:00 PM,137,48,89
03/05/2018 04:00:00 PM,87,32,55
03/05/2018 03:00:00 PM,53,19,34
03/05/2018 02:00:00 PM,23,9,14
03/05/2018 01:00:00 PM,27,14,13
03/05/2018 12:00:00 PM,27,14,13
03/05/2018 11:00:00 AM,20,5,15
03/05/2018 10:00:00 AM,25,15,10
03/05/2018 09:00:00 AM,57,35,22
03/05/2018 08:00:00 AM,101,44,57
03/05/2018 07:00:00 AM,64,29,35
03/05/2018 06:00:00 AM,47,27,20
03/05/2018 05:00:00 AM,15,9,6
03/05/2018 04:00:00 AM,1,0,1
03/05/2018 03:00:00 AM,0,0,0
03/05/2018 02:00:00 AM,1,1,0
03/05/2018 01:00:00 AM,0,0,0
03/05/2018 12:00:00 AM,3,2,1
03/04/2018 11:00:00 PM,2,1,1
03/04/2018 10:00:00 PM,1,1,0
03/04/2018 09:00:00 PM,5,3,2
03/04/2018 08:00:00 PM,5,3,2
03/04/2018 07:00:00 PM,10,5,5
03/04/2018 06:00:00 PM,9,2,7
03/04/2018 05:00:00 PM,8,3,5
03/04/2018 04:00:00 PM,29,22,7
03/04/2018 03:00:00 PM,24,15,9
03/04/2018 02:00:00 PM,23,11,12
03/04/2018 01:00:00 PM,31,6,25
03/04/2018 12:00:00 PM,30,8,22
03/04/2018 11:00:00 AM,22,11,11
03/04/2018 10:00:00 AM,10,5,5
03/04/2018 09:00:00 AM,12,3,9
03/04/2018 08:00:00 AM,7,1,6
03/04/2018 07:00:00 AM,3,1,2
03/04/2018 06:00:00 AM,2,0,2
03/04/2018 05:00:00 AM,1,0,1
03/04/2018 04:00:00 AM,0,0,0
03/04/2018 03:00:00 AM,2,2,0
03/04/2018 02:00:00 AM,3,1,2
03/04/2018 01:00:00 AM,1,0,1
03/04/2018 12:00:00 AM,6,2,4
03/03/2018 11:00:00 PM,4,1,3
03/03/2018 10:00:00 PM,2,0,2
03/03/2018 09:00:00 PM,6,2,4
03/03/2018 08:00:00 PM,7,1,6
03/03/2018 07:00:00 PM,15,4,11
03/03/2018 06:00:00 PM,20,8,12
03/03/2018 05:00:00 PM,21,12,9
03/03/2018 04:00:00 PM,40,19,21
03/03/2018 03:00:00 PM,25,7,18
03/03/2018 02:00:00 PM,28,15,13
03/03/2018 01:00:00 PM,44,18,26
03/03/2018 12:00:00 PM,33,11,22
03/03/2018 11:00:00 AM,29,17,12
03/03/2018 10:00:00 AM,24,15,9
03/03/2018 09:00:00 AM,10,2,8
03/03/2018 08:00:00 AM,10,7,3
03/03/2018 07:00:00 AM,6,4,2
03/03/2018 06:00:00 AM,8,3,5
03/03/2018 05:00:00 AM,0,0,0
03/03/2018 04:00:00 AM,0,0,0
03/03/2018 03:00:00 AM,1,0,1
03/03/2018 02:00:00 AM,2,2,0
03/03/2018 01:00:00 AM,0,0,0
03/03/2018 12:00:00 AM,6,5,1
03/02/2018 11:00:00 PM,5,0,5
03/02/2018 10:00:00 PM,12,5,7
03/02/2018 09:00:00 PM,9,3,6
03/02/2018 08:00:00 PM,11,5,6
03/02/2018 07:00:00 PM,24,11,13
03/02/2018 06:00:00 PM,46,15,31
03/02/2018 05:00:00 PM,113,49,64
03/02/2018 04:00:00 PM,88,27,61
03/02/2018 03:00:00 PM,43,16,27
03/02/2018 02:00:00 PM,27,13,14
03/02/2018 01:00:00 PM,38,21,17
03/02/2018 12:00:00 PM,31,13,18
03/02/2018 11:00:00 AM,26,11,15
03/02/2018 10:00:00 AM,22,11,11
03/02/2018 09:00:00 AM,54,24,30
03/02/2018 08:00:00 AM,79,39,40
03/02/2018 07:00:00 AM,46,24,22
03/02/2018 06:00:00 AM,32,16,16
03/02/2018 05:00:00 AM,9,6,3
03/02/2018 04:00:00 AM,2,0,2
03/02/2018 03:00:00 AM,0,0,0
03/02/2018 02:00:00 AM,1,1,0
03/02/2018 01:00:00 AM,2,1,1
03/02/2018 12:00:00 AM,1,1,0
03/01/2018 11:00:00 PM,2,1,1
03/01/2018 10:00:00 PM,9,6,3
03/01/2018 09:00:00 PM,27,16,11
03/01/2018 08:00:00 PM,26,12,14
03/01/2018 07:00:00 PM,34,15,19
03/01/2018 06:00:00 PM,100,34,66
03/01/2018 05:00:00 PM,143,45,98
03/01/2018 04:00:00 PM,122,38,84
03/01/2018 03:00:00 PM,55,12,43
03/01/2018 02:00:00 PM,36,16,20
03/01/2018 01:00:00 PM,19,11,8
03/01/2018 12:00:00 PM,34,15,19
03/01/2018 11:00:00 AM,17,8,9
03/01/2018 10:00:00 AM,30,16,14
03/01/2018 09:00:00 AM,60,27,33
03/01/2018 08:00:00 AM,98,37,61
03/01/2018 07:00:00 AM,55,25,30
03/01/2018 06:00:00 AM,34,21,13
03/01/2018 05:00:00 AM,13,8,5
03/01/2018 04:00:00 AM,0,0,0
03/01/2018 03:00:00 AM,0,0,0
03/01/2018 02:00:00 AM,1,1,0
03/01/2018 01:00:00 AM,2,2,0
03/01/2018 12:00:00 AM,1,1,0
02/28/2018 11:00:00 PM,2,1,1
02/28/2018 10:00:00 PM,3,2,1
02/28/2018 09:00:00 PM,2,1,1
02/28/2018 08:00:00 PM,16,5,11
02/28/2018 07:00:00 PM,18,7,11
02/28/2018 06:00:00 PM,45,17,28
02/28/2018 05:00:00 PM,97,29,68
02/28/2018 04:00:00 PM,63,26,37
02/28/2018 03:00:00 PM,31,10,21
02/28/2018 02:00:00 PM,19,11,8
02/28/2018 01:00:00 PM,15,9,6
02/28/2018 12:00:00 PM,20,9,11
02/28/2018 11:00:00 AM,28,8,20
02/28/2018 10:00:00 AM,16,6,10
02/28/2018 09:00:00 AM,51,22,29
02/28/2018 08:00:00 AM,88,40,48
02/28/2018 07:00:00 AM,48,19,29
02/28/2018 06:00:00 AM,35,21,14
02/28/2018 05:00:00 AM,8,7,1
02/28/2018 04:00:00 AM,1,1,0
02/28/2018 03:00:00 AM,1,1,0
02/28/2018 02:00:00 AM,0,0,0
02/28/2018 01:00:00 AM,2,1,1
02/28/2018 12:00:00 AM,3,1,2
02/27/2018 11:00:00 PM,4,2,2
02/27/2018 10:00:00 PM,4,3,1
02/27/2018 09:00:00 PM,7,3,4
02/27/2018 08:00:00 PM,4,2,2
02/27/2018 07:00:00 PM,28,9,19
02/27/2018 06:00:00 PM,62,26,36
02/27/2018 05:00:00 PM,106,41,65
02/27/2018 04:00:00 PM,70,23,47
02/27/2018 03:00:00 PM,46,12,34
02/27/2018 02:00:00 PM,19,12,7
02/27/2018 01:00:00 PM,26,14,12
02/27/2018 12:00:00 PM,17,9,8
02/27/2018 11:00:00 AM,26,14,12
02/27/2018 10:00:00 AM,25,13,12
02/27/2018 09:00:00 AM,52,24,28
02/27/2018 08:00:00 AM,113,55,58
02/27/2018 07:00:00 AM,62,31,31
02/27/2018 06:00:00 AM,29,14,15
02/27/2018 05:00:00 AM,16,10,6
02/27/2018 04:00:00 AM,1,0,1
02/27/2018 03:00:00 AM,1,1,0
02/27/2018 02:00:00 AM,3,2,1
02/27/2018 01:00:00 AM,0,0,0
02/27/2018 12:00:00 AM,3,3,0
02/26/2018 11:00:00 PM,5,1,4
02/26/2018 10:00:00 PM,6,3,3
02/26/2018 09:00:00 PM,5,1,4
02/26/2018 08:00:00 PM,12,5,7
02/26/2018 07:00:00 PM,29,12,17
02/26/2018 06:00:00 PM,57,25,32
02/26/2018 05:00:00 PM,127,50,77
02/26/2018 04:00:00 PM,88,28,60
02/26/2018 03:00:00 PM,35,9,26
02/26/2018 02:00:00 PM,34,18,16
02/26/2018 01:00:00 PM,31,17,14
02/26/2018 12:00:00 PM,28,17,11
02/26/2018 11:00:00 AM,14,7,7
02/26/2018 10:00:00 AM,20,8,12
02/26/2018 09:00:00 AM,54,25,29
02/26/2018 08:00:00 AM,93,47,46
02/26/2018 07:00:00 AM,61,29,32
02/26/2018 06:00:00 AM,26,16,10
02/26/2018 05:00:00 AM,14,11,3
02/26/2018 04:00:00 AM,1,1,0
02/26/2018 03:00:00 AM,1,1,0
02/26/2018 02:00:00 AM,2,1,1
02/26/2018 01:00:00 AM,0,0,0
02/26/2018 12:00:00 AM,1,1,0
02/25/2018 11:00:00 PM,1,0,1
02/25/2018 10:00:00 PM,2,1,1
02/25/2018 09:00:00 PM,7,2,5
02/25/2018 08:00:00 PM,2,0,2
02/25/2018 07:00:00 PM,14,8,6
02/25/2018 06:00:00 PM,8,5,3
02/25/2018 05:00:00 PM,17,9,8
02/25/2018 04:00:00 PM,16,13,3
02/25/2018 03:00:00 PM,21,15,6
02/25/2018 02:00:00 PM,48,38,10
02/25/2018 01:00:00 PM,28,19,9
02/25/2018 12:00:00 PM,16,7,9
02/25/2018 11:00:00 AM,9,2,7
02/25/2018 10:00:00 AM,8,6,2
02/25/2018 09:00:00 AM,13,5,8
02/25/2018 08:00:00 AM,25,5,20
02/25/2018 07:00:00 AM,15,3,12
02/25/2018 06:00:00 AM,4,2,2
02/25/2018 05:00:00 AM,0,0,0
02/25/2018 04:00:00 AM,0,0,0
02/25/2018 03:00:00 AM,1,1,0
02/25/2018 02:00:00 AM,1,0,1
02/25/2018 01:00:00 AM,3,1,2
02/25/2018 12:00:00 AM,0,0,0
02/24/2018 11:00:00 PM,5,3,2
02/24/2018 10:00:00 PM,3,2,1
02/24/2018 09:00:00 PM,5,0,5
02/24/2018 08:00:00 PM,9,5,4
02/24/2018 07:00:00 PM,13,5,8
02/24/2018 06:00:00 PM,11,6,5
02/24/2018 05:00:00 PM,19,2,17
02/24/2018 04:00:00 PM,23,8,15
02/24/2018 03:00:00 PM,14,3,11
02/24/2018 02:00:00 PM,16,4,12
02/24/2018 01:00:00 PM,12,6,6
02/24/2018 12:00:00 PM,10,4,6
02/24/2018 11:00:00 AM,4,3,1
02/24/2018 10:00:00 AM,8,6,2
02/24/2018 09:00:00 AM,7,4,3
02/24/2018 08:00:00 AM,5,4,1
02/24/2018 07:00:00 AM,2,2,0
02/24/2018 06:00:00 AM,2,0,2
02/24/2018 05:00:00 AM,1,0,1
02/24/2018 04:00:00 AM,0,0,0
02/24/2018 03:00:00 AM,1,1,0
02/24/2018 02:00:00 AM,2,0,2
02/24/2018 01:00:00 AM,0,0,0
02/24/2018 12:00:00 AM,1,1,0
02/23/2018 11:00:00 PM,3,1,2
02/23/2018 10:00:00 PM,3,0,3
02/23/2018 09:00:00 PM,4,2,2
02/23/2018 08:00:00 PM,8,4,4
02/23/2018 07:00:00 PM,9,3,6
02/23/2018 06:00:00 PM,18,10,8
02/23/2018 05:00:00 PM,56,24,32
02/23/2018 04:00:00 PM,51,13,38
02/23/2018 03:00:00 PM,37,11,26
02/23/2018 02:00:00 PM,19,10,9
02/23/2018 01:00:00 PM,17,5,12
02/23/2018 12:00:00 PM,20,12,8
02/23/2018 11:00:00 AM,21,11,10
02/23/2018 10:00:00 AM,19,9,10
02/23/2018 09:00:00 AM,27,12,15
02/23/2018 08:00:00 AM,42,14,28
02/23/2018 07:00:00 AM,30,16,14
02/23/2018 06:00:00 AM,14,10,4
02/23/2018 05:00:00 AM,5,3,2
02/23/2018 04:00:00 AM,2,1,1
02/23/2018 03:00:00 AM,0,0,0
02/23/2018 02:00:00 AM,0,0,0
02/23/2018 01:00:00 AM,1,0,1
02/23/2018 12:00:00 AM,1,1,0
02/22/2018 11:00:00 PM,3,2,1
02/22/2018 10:00:00 PM,7,2,5
02/22/2018 09:00:00 PM,6,3,3
02/22/2018 08:00:00 PM,7,4,3
02/22/2018 07:00:00 PM,16,5,11
02/22/2018 06:00:00 PM,25,11,14
02/22/2018 05:00:00 PM,44,21,23
02/22/2018 04:00:00 PM,36,8,28
02/22/2018 03:00:00 PM,21,5,16
02/22/2018 02:00:00 PM,13,6,7
02/22/2018 01:00:00 PM,18,10,8
02/22/2018 12:00:00 PM,18,10,8
02/22/2018 11:00:00 AM,14,6,8
02/22/2018 10:00:00 AM,15,8,7
02/22/2018 09:00:00 AM,14,3,11
02/22/2018 08:00:00 AM,29,17,12
02/22/2018 07:00:00 AM,14,9,5
02/22/2018 06:00:00 AM,14,8,6
02/22/2018 05:00:00 AM,7,5,2
02/22/2018 04:00:00 AM,0,0,0
02/22/2018 03:00:00 AM,0,0,0
02/22/2018 02:00:00 AM,0,0,0
02/22/2018 01:00:00 AM,0,0,0
02/22/2018 12:00:00 AM,1,1,0
02/21/2018 11:00:00 PM,2,2,0
02/21/2018 10:00:00 PM,2,0,2
02/21/2018 09:00:00 PM,3,1,2
02/21/2018 08:00:00 PM,13,5,8
02/21/2018 07:00:00 PM,23,8,15
02/21/2018 06:00:00 PM,47,21,26
02/21/2018 05:00:00 PM,92,36,56
02/21/2018 04:00:00 PM,62,19,43
02/21/2018 03:00:00 PM,32,12,20
02/21/2018 02:00:00 PM,21,10,11
02/21/2018 01:00:00 PM,21,10,11
02/21/2018 12:00:00 PM,13,9,4
02/21/2018 11:00:00 AM,28,15,13
02/21/2018 10:00:00 AM,30,17,13
02/21/2018 09:00:00 AM,49,19,30
02/21/2018 08:00:00 AM,66,28,38
02/21/2018 07:00:00 AM,43,19,24
02/21/2018 06:00:00 AM,25,14,11
02/21/2018 05:00:00 AM,8,5,3
02/21/2018 04:00:00 AM,0,0,0
02/21/2018 03:00:00 AM,0,0,0
02/21/2018 02:00:00 AM,1,0,1
02/21/2018 01:00:00 AM,1,0,1
02/21/2018 12:00:00 AM,0,0,0
02/20/2018 11:00:00 PM,1,1,0
02/20/2018 10:00:00 PM,6,3,3
02/20/2018 09:00:00 PM,7,2,5
02/20/2018 08:00:00 PM,10,6,4
02/20/2018 07:00:00 PM,17,9,8
02/20/2018 06:00:00 PM,56,17,39
02/20/2018 05:00:00 PM,81,29,52
02/20/2018 04:00:00 PM,59,22,37
02/20/2018 03:00:00 PM,26,9,17
02/20/2018 02:00:00 PM,20,7,13
02/20/2018 01:00:00 PM,20,13,7
02/20/2018 12:00:00 PM,24,17,7
02/20/2018 11:00:00 AM,21,12,9
02/20/2018 10:00:00 AM,19,11,8
02/20/2018 09:00:00 AM,34,12,22
02/20/2018 08:00:00 AM,66,26,40
02/20/2018 07:00:00 AM,43,23,20
02/20/2018 06:00:00 AM,25,12,13
02/20/2018 05:00:00 AM,5,5,0
02/20/2018 04:00:00 AM,1,0,1
02/20/2018 03:00:00 AM,0,0,0
02/20/2018 02:00:00 AM,1,1,0
02/20/2018 01:00:00 AM,1,1,0
02/20/2018 12:00:00 AM,3,2,1
02/19/2018 11:00:00 PM,1,0,1
02/19/2018 10:00:00 PM,3,0,3
02/19/2018 09:00:00 PM,5,1,4
02/19/2018 08:00:00 PM,8,3,5
02/19/2018 07:00:00 PM,14,7,7
02/19/2018 06:00:00 PM,18,2,16
02/19/2018 05:00:00 PM,37,17,20
02/19/2018 04:00:00 PM,27,6,21
02/19/2018 03:00:00 PM,23,10,13
02/19/2018 02:00:00 PM,16,6,10
02/19/2018 01:00:00 PM,17,9,8
02/19/2018 12:00:00 PM,15,8,7
02/19/2018 11:00:00 AM,15,9,6
02/19/2018 10:00:00 AM,27,10,17
02/19/2018 09:00:00 AM,23,13,10
02/19/2018 08:00:00 AM,20,14,6
02/19/2018 07:00:00 AM,17,10,7
02/19/2018 06:00:00 AM,13,7,6
02/19/2018 05:00:00 AM,4,3,1
02/19/2018 04:00:00 AM,0,0,0
02/19/2018 03:00:00 AM,0,0,0
02/19/2018 02:00:00 AM,0,0,0
02/19/2018 01:00:00 AM,1,1,0
02/19/2018 12:00:00 AM,1,1,0
02/18/2018 11:00:00 PM,4,3,1
02/18/2018 10:00:00 PM,1,1,0
02/18/2018 09:00:00 PM,2,2,0
02/18/2018 08:00:00 PM,4,2,2
02/18/2018 07:00:00 PM,5,2,3
02/18/2018 06:00:00 PM,4,0,4
02/18/2018 05:00:00 PM,8,4,4
02/18/2018 04:00:00 PM,7,2,5
02/18/2018 03:00:00 PM,7,4,3
02/18/2018 02:00:00 PM,4,1,3
02/18/2018 01:00:00 PM,5,3,2
02/18/2018 12:00:00 PM,10,6,4
02/18/2018 11:00:00 AM,11,6,5
02/18/2018 10:00:00 AM,4,3,1
02/18/2018 09:00:00 AM,7,4,3
02/18/2018 08:00:00 AM,1,0,1
02/18/2018 07:00:00 AM,1,1,0
02/18/2018 06:00:00 AM,3,0,3
02/18/2018 05:00:00 AM,0,0,0
02/18/2018 04:00:00 AM,0,0,0
02/18/2018 03:00:00 AM,2,1,1
02/18/2018 02:00:00 AM,0,0,0
02/18/2018 01:00:00 AM,0,0,0
02/18/2018 12:00:00 AM,1,0,1
02/17/2018 11:00:00 PM,4,1,3
02/17/2018 10:00:00 PM,3,2,1
02/17/2018 09:00:00 PM,7,3,4
02/17/2018 08:00:00 PM,5,2,3
02/17/2018 07:00:00 PM,6,2,4
02/17/2018 06:00:00 PM,11,5,6
02/17/2018 05:00:00 PM,15,11,4
02/17/2018 04:00:00 PM,12,10,2
02/17/2018 03:00:00 PM,18,7,11
02/17/2018 02:00:00 PM,15,10,5
02/17/2018 01:00:00 PM,14,7,7
02/17/2018 12:00:00 PM,8,4,4
02/17/2018 11:00:00 AM,14,7,7
02/17/2018 10:00:00 AM,7,2,5
02/17/2018 09:00:00 AM,2,1,1
02/17/2018 08:00:00 AM,4,4,0
02/17/2018 07:00:00 AM,4,3,1
02/17/2018 06:00:00 AM,4,1,3
02/17/2018 05:00:00 AM,0,0,0
02/17/2018 04:00:00 AM,0,0,0
02/17/2018 03:00:00 AM,3,2,1
02/17/2018 02:00:00 AM,2,0,2
02/17/2018 01:00:00 AM,4,1,3
02/17/2018 12:00:00 AM,3,2,1
02/16/2018 11:00:00 PM,1,0,1
02/16/2018 10:00:00 PM,7,5,2
02/16/2018 09:00:00 PM,7,4,3
02/16/2018 08:00:00 PM,13,5,8
02/16/2018 07:00:00 PM,23,9,14
02/16/2018 06:00:00 PM,41,17,24
02/16/2018 05:00:00 PM,108,38,70
02/16/2018 04:00:00 PM,75,36,39
02/16/2018 03:00:00 PM,48,16,32
02/16/2018 02:00:00 PM,22,10,12
02/16/2018 01:00:00 PM,28,7,21
02/16/2018 12:00:00 PM,33,18,15
02/16/2018 11:00:00 AM,22,11,11
02/16/2018 10:00:00 AM,24,11,13
02/16/2018 09:00:00 AM,47,30,17
02/16/2018 08:00:00 AM,67,30,37
02/16/2018 07:00:00 AM,37,20,17
02/16/2018 06:00:00 AM,18,10,8
02/16/2018 05:00:00 AM,11,10,1
02/16/2018 04:00:00 AM,2,0,2
02/16/2018 03:00:00 AM,0,0,0
02/16/2018 02:00:00 AM,0,0,0
02/16/2018 01:00:00 AM,1,0,1
02/16/2018 12:00:00 AM,4,2,2
02/15/2018 11:00:00 PM,1,0,1
02/15/2018 10:00:00 PM,7,6,1
02/15/2018 09:00:00 PM,6,2,4
02/15/2018 08:00:00 PM,15,7,8
02/15/2018 07:00:00 PM,27,8,19
02/15/2018 06:00:00 PM,59,23,36
02/15/2018 05:00:00 PM,133,50,83
02/15/2018 04:00:00 PM,93,25,68
02/15/2018 03:00:00 PM,41,6,35
02/15/2018 02:00:00 PM,25,16,9
02/15/2018 01:00:00 PM,22,9,13
02/15/2018 12:00:00 PM,28,13,15
02/15/2018 11:00:00 AM,32,14,18
02/15/2018 10:00:00 AM,29,18,11
02/15/2018 09:00:00 AM,56,22,34
02/15/2018 08:00:00 AM,100,44,56
02/15/2018 07:00:00 AM,55,29,26
02/15/2018 06:00:00 AM,29,14,15
02/15/2018 05:00:00 AM,12,9,3
02/15/2018 04:00:00 AM,2,1,1
02/15/2018 03:00:00 AM,1,1,0
02/15/2018 02:00:00 AM,0,0,0
02/15/2018 01:00:00 AM,2,2,0
02/15/2018 12:00:00 AM,1,0,1
02/14/2018 11:00:00 PM,2,0,2
02/14/2018 10:00:00 PM,4,1,3
02/14/2018 09:00:00 PM,3,1,2
02/14/2018 08:00:00 PM,10,2,8
02/14/2018 07:00:00 PM,21,8,13
02/14/2018 06:00:00 PM,65,23,42
02/14/2018 05:00:00 PM,111,37,74
02/14/2018 04:00:00 PM,92,38,54
02/14/2018 03:00:00 PM,33,9,24
02/14/2018 02:00:00 PM,26,11,15
02/14/2018 01:00:00 PM,18,11,7
02/14/2018 12:00:00 PM,31,19,12
02/14/2018 11:00:00 AM,33,17,16
02/14/2018 10:00:00 AM,20,9,11
02/14/2018 09:00:00 AM,42,20,22
02/14/2018 08:00:00 AM,82,37,45
02/14/2018 07:00:00 AM,37,20,17
02/14/2018 06:00:00 AM,29,16,13
02/14/2018 05:00:00 AM,12,9,3
02/14/2018 04:00:00 AM,2,1,1
02/14/2018 03:00:00 AM,0,0,0
02/14/2018 02:00:00 AM,2,1,1
02/14/2018 01:00:00 AM,0,0,0
02/14/2018 12:00:00 AM,1,0,1
02/13/2018 11:00:00 PM,3,1,2
02/13/2018 10:00:00 PM,1,1,0
02/13/2018 09:00:00 PM,15,7,8
02/13/2018 08:00:00 PM,5,4,1
02/13/2018 07:00:00 PM,20,6,14
02/13/2018 06:00:00 PM,65,25,40
02/13/2018 05:00:00 PM,122,50,72
02/13/2018 04:00:00 PM,103,25,78
02/13/2018 03:00:00 PM,48,11,37
02/13/2018 02:00:00 PM,30,13,17
02/13/2018 01:00:00 PM,28,16,12
02/13/2018 12:00:00 PM,43,21,22
02/13/2018 11:00:00 AM,23,12,11
02/13/2018 10:00:00 AM,28,12,16
02/13/2018 09:00:00 AM,49,25,24
02/13/2018 08:00:00 AM,106,47,59
02/13/2018 07:00:00 AM,55,27,28
02/13/2018 06:00:00 AM,33,15,18
02/13/2018 05:00:00 AM,9,7,2
02/13/2018 04:00:00 AM,2,1,1
02/13/2018 03:00:00 AM,2,1,1
02/13/2018 02:00:00 AM,3,2,1
02/13/2018 01:00:00 AM,3,2,1
02/13/2018 12:00:00 AM,1,1,0
02/12/2018 11:00:00 PM,2,1,1
02/12/2018 10:00:00 PM,8,4,4
02/12/2018 09:00:00 PM,7,2,5
02/12/2018 08:00:00 PM,16,4,12
02/12/2018 07:00:00 PM,33,16,17
02/12/2018 06:00:00 PM,69,20,49
02/12/2018 05:00:00 PM,131,43,88
02/12/2018 04:00:00 PM,89,34,55
02/12/2018 03:00:00 PM,41,10,31
02/12/2018 02:00:00 PM,30,13,17
02/12/2018 01:00:00 PM,25,14,11
02/12/2018 12:00:00 PM,33,18,15
02/12/2018 11:00:00 AM,28,17,11
02/12/2018 10:00:00 AM,32,20,12
02/12/2018 09:00:00 AM,74,34,40
02/12/2018 08:00:00 AM,110,53,57
02/12/2018 07:00:00 AM,58,28,30
02/12/2018 06:00:00 AM,31,17,14
02/12/2018 05:00:00 AM,17,10,7
02/12/2018 04:00:00 AM,3,0,3
02/12/2018 03:00:00 AM,0,0,0
02/12/2018 02:00:00 AM,1,1,0
02/12/2018 01:00:00 AM,0,0,0
02/12/2018 12:00:00 AM,1,1,0
02/11/2018 11:00:00 PM,2,1,1
02/11/2018 10:00:00 PM,5,2,3
02/11/2018 09:00:00 PM,4,1,3
02/11/2018 08:00:00 PM,7,5,2
02/11/2018 07:00:00 PM,5,4,1
02/11/2018 06:00:00 PM,13,11,2
02/11/2018 05:00:00 PM,13,7,6
02/11/2018 04:00:00 PM,23,15,8
02/11/2018 03:00:00 PM,22,13,9
02/11/2018 02:00:00 PM,20,9,11
02/11/2018 01:00:00 PM,18,10,8
02/11/2018 12:00:00 PM,24,11,13
02/11/2018 11:00:00 AM,26,8,18
02/11/2018 10:00:00 AM,10,3,7
02/11/2018 09:00:00 AM,7,6,1
02/11/2018 08:00:00 AM,7,4,3
02/11/2018 07:00:00 AM,2,1,1
02/11/2018 06:00:00 AM,0,0,0
02/11/2018 05:00:00 AM,2,0,2
02/11/2018 04:00:00 AM,0,0,0
02/11/2018 03:00:00 AM,0,0,0
02/11/2018 02:00:00 AM,1,1,0
02/11/2018 01:00:00 AM,3,1,2
02/11/2018 12:00:00 AM,1,0,1
02/10/2018 11:00:00 PM,6,2,4
02/10/2018 10:00:00 PM,11,6,5
02/10/2018 09:00:00 PM,5,2,3
02/10/2018 08:00:00 PM,7,2,5
02/10/2018 07:00:00 PM,4,1,3
02/10/2018 06:00:00 PM,15,8,7
02/10/2018 05:00:00 PM,27,12,15
02/10/2018 04:00:00 PM,29,16,13
02/10/2018 03:00:00 PM,22,11,11
02/10/2018 02:00:00 PM,26,17,9
02/10/2018 01:00:00 PM,36,13,23
02/10/2018 12:00:00 PM,30,11,19
02/10/2018 11:00:00 AM,21,7,14
02/10/2018 10:00:00 AM,17,11,6
02/10/2018 09:00:00 AM,13,3,10
02/10/2018 08:00:00 AM,8,6,2
02/10/2018 07:00:00 AM,5,3,2
02/10/2018 06:00:00 AM,2,0,2
02/10/2018 05:00:00 AM,1,1,0
02/10/2018 04:00:00 AM,0,0,0
02/10/2018 03:00:00 AM,0,0,0
02/10/2018 02:00:00 AM,2,2,0
02/10/2018 01:00:00 AM,0,0,0
02/10/2018 12:00:00 AM,1,0,1
02/09/2018 11:00:00 PM,4,1,3
02/09/2018 10:00:00 PM,6,2,4
02/09/2018 09:00:00 PM,4,1,3
02/09/2018 08:00:00 PM,10,4,6
02/09/2018 07:00:00 PM,20,9,11
02/09/2018 06:00:00 PM,60,18,42
02/09/2018 05:00:00 PM,115,42,73
02/09/2018 04:00:00 PM,92,36,56
02/09/2018 03:00:00 PM,56,22,34
02/09/2018 02:00:00 PM,28,12,16
02/09/2018 01:00:00 PM,27,12,15
02/09/2018 12:00:00 PM,35,15,20
02/09/2018 11:00:00 AM,35,16,19
02/09/2018 10:00:00 AM,24,13,11
02/09/2018 09:00:00 AM,48,24,24
02/09/2018 08:00:00 AM,86,42,44
02/09/2018 07:00:00 AM,47,21,26
02/09/2018 06:00:00 AM,27,15,12
02/09/2018 05:00:00 AM,17,11,6
02/09/2018 04:00:00 AM,4,1,3
02/09/2018 03:00:00 AM,0,0,0
02/09/2018 02:00:00 AM,0,0,0
02/09/2018 01:00:00 AM,0,0,0
02/09/2018 12:00:00 AM,3,2,1
02/08/2018 11:00:00 PM,4,2,2
02/08/2018 10:00:00 PM,3,0,3
02/08/2018 09:00:00 PM,8,3,5
02/08/2018 08:00:00 PM,12,8,4
02/08/2018 07:00:00 PM,26,6,20
02/08/2018 06:00:00 PM,56,14,42
02/08/2018 05:00:00 PM,110,33,77
02/08/2018 04:00:00 PM,85,30,55
02/08/2018 03:00:00 PM,49,18,31
02/08/2018 02:00:00 PM,27,12,15
02/08/2018 01:00:00 PM,12,6,6
02/08/2018 12:00:00 PM,28,13,15
02/08/2018 11:00:00 AM,32,13,19
02/08/2018 10:00:00 AM,19,13,6
02/08/2018 09:00:00 AM,54,25,29
02/08/2018 08:00:00 AM,88,37,51
02/08/2018 07:00:00 AM,58,27,31
02/08/2018 06:00:00 AM,34,19,15
02/08/2018 05:00:00 AM,12,10,2
02/08/2018 04:00:00 AM,1,0,1
02/08/2018 03:00:00 AM,0,0,0
02/08/2018 02:00:00 AM,2,1,1
02/08/2018 01:00:00 AM,1,0,1
02/08/2018 12:00:00 AM,1,1,0
02/07/2018 11:00:00 PM,1,1,0
02/07/2018 10:00:00 PM,4,3,1
02/07/2018 09:00:00 PM,14,10,4
02/07/2018 08:00:00 PM,15,8,7
02/07/2018 07:00:00 PM,32,11,21
02/07/2018 06:00:00 PM,71,19,52
02/07/2018 05:00:00 PM,153,48,105
02/07/2018 04:00:00 PM,87,26,61
02/07/2018 03:00:00 PM,44,10,34
02/07/2018 02:00:00 PM,27,10,17
02/07/2018 01:00:00 PM,27,10,17
02/07/2018 12:00:00 PM,31,17,14
02/07/2018 11:00:00 AM,19,5,14
02/07/2018 10:00:00 AM,19,8,11
02/07/2018 09:00:00 AM,73,37,36
02/07/2018 08:00:00 AM,95,45,50
02/07/2018 07:00:00 AM,54,34,20
02/07/2018 06:00:00 AM,36,25,11
02/07/2018 05:00:00 AM,13,10,3
02/07/2018 04:00:00 AM,2,1,1
02/07/2018 03:00:00 AM,1,1,0
02/07/2018 02:00:00 AM,0,0,0
02/07/2018 01:00:00 AM,2,1,1
02/07/2018 12:00:00 AM,0,0,0
02/06/2018 11:00:00 PM,4,2,2
02/06/2018 10:00:00 PM,6,1,5
02/06/2018 09:00:00 PM,8,4,4
02/06/2018 08:00:00 PM,14,6,8
02/06/2018 07:00:00 PM,22,10,12
02/06/2018 06:00:00 PM,72,29,43
02/06/2018 05:00:00 PM,119,38,81
02/06/2018 04:00:00 PM,105,33,72
02/06/2018 03:00:00 PM,41,10,31
02/06/2018 02:00:00 PM,25,12,13
02/06/2018 01:00:00 PM,32,17,15
02/06/2018 12:00:00 PM,26,19,7
02/06/2018 11:00:00 AM,29,16,13
02/06/2018 10:00:00 AM,21,12,9
02/06/2018 09:00:00 AM,60,27,33
02/06/2018 08:00:00 AM,97,52,45
02/06/2018 07:00:00 AM,62,34,28
02/06/2018 06:00:00 AM,40,26,14
02/06/2018 05:00:00 AM,14,8,6
02/06/2018 04:00:00 AM,3,2,1
02/06/2018 03:00:00 AM,0,0,0
02/06/2018 02:00:00 AM,2,1,1
02/06/2018 01:00:00 AM,2,2,0
02/06/2018 12:00:00 AM,2,1,1
02/05/2018 11:00:00 PM,0,0,0
02/05/2018 10:00:00 PM,2,1,1
02/05/2018 09:00:00 PM,10,4,6
02/05/2018 08:00:00 PM,7,2,5
02/05/2018 07:00:00 PM,22,9,13
02/05/2018 06:00:00 PM,67,18,49
02/05/2018 05:00:00 PM,141,60,81
02/05/2018 04:00:00 PM,87,23,64
02/05/2018 03:00:00 PM,48,14,34
02/05/2018 02:00:00 PM,23,7,16
02/05/2018 01:00:00 PM,24,12,12
02/05/2018 12:00:00 PM,15,10,5
02/05/2018 11:00:00 AM,28,13,15
02/05/2018 10:00:00 AM,18,7,11
02/05/2018 09:00:00 AM,65,32,33
02/05/2018 08:00:00 AM,110,52,58
02/05/2018 07:00:00 AM,52,32,20
02/05/2018 06:00:00 AM,35,22,13
02/05/2018 05:00:00 AM,15,10,5
02/05/2018 04:00:00 AM,3,1,2
02/05/2018 03:00:00 AM,0,0,0
02/05/2018 02:00:00 AM,1,1,0
02/05/2018 01:00:00 AM,0,0,0
02/05/2018 12:00:00 AM,3,1,2
02/04/2018 11:00:00 PM,3,2,1
02/04/2018 10:00:00 PM,5,3,2
02/04/2018 09:00:00 PM,4,1,3
02/04/2018 08:00:00 PM,5,1,4
02/04/2018 07:00:00 PM,11,5,6
02/04/2018 06:00:00 PM,3,1,2
02/04/2018 05:00:00 PM,8,3,5
02/04/2018 04:00:00 PM,13,4,9
02/04/2018 03:00:00 PM,19,10,9
02/04/2018 02:00:00 PM,17,6,11
02/04/2018 01:00:00 PM,18,9,9
02/04/2018 12:00:00 PM,13,6,7
02/04/2018 11:00:00 AM,6,4,2
02/04/2018 10:00:00 AM,6,2,4
02/04/2018 09:00:00 AM,6,3,3
02/04/2018 08:00:00 AM,7,4,3
02/04/2018 07:00:00 AM,7,3,4
02/04/2018 06:00:00 AM,0,0,0
02/04/2018 05:00:00 AM,1,0,1
02/04/2018 04:00:00 AM,0,0,0
02/04/2018 03:00:00 AM,2,1,1
02/04/2018 02:00:00 AM,0,0,0
02/04/2018 01:00:00 AM,1,0,1
02/04/2018 12:00:00 AM,1,1,0
02/03/2018 11:00:00 PM,3,1,2
02/03/2018 10:00:00 PM,2,2,0
02/03/2018 09:00:00 PM,3,2,1
02/03/2018 08:00:00 PM,13,6,7
02/03/2018 07:00:00 PM,3,2,1
02/03/2018 06:00:00 PM,5,2,3
02/03/2018 05:00:00 PM,12,6,6
02/03/2018 04:00:00 PM,14,6,8
02/03/2018 03:00:00 PM,13,6,7
02/03/2018 02:00:00 PM,21,12,9
02/03/2018 01:00:00 PM,21,11,10
02/03/2018 12:00:00 PM,18,4,14
02/03/2018 11:00:00 AM,9,6,3
02/03/2018 10:00:00 AM,11,8,3
02/03/2018 09:00:00 AM,10,1,9
02/03/2018 08:00:00 AM,8,3,5
02/03/2018 07:00:00 AM,5,5,0
02/03/2018 06:00:00 AM,5,0,5
02/03/2018 05:00:00 AM,5,2,3
02/03/2018 04:00:00 AM,2,0,2
02/03/2018 03:00:00 AM,0,0,0
02/03/2018 02:00:00 AM,1,1,0
02/03/2018 01:00:00 AM,1,0,1
02/03/2018 12:00:00 AM,3,1,2
02/02/2018 11:00:00 PM,4,1,3
02/02/2018 10:00:00 PM,3,0,3
02/02/2018 09:00:00 PM,9,5,4
02/02/2018 08:00:00 PM,15,8,7
02/02/2018 07:00:00 PM,19,6,13
02/02/2018 06:00:00 PM,43,15,28
02/02/2018 05:00:00 PM,106,36,70
02/02/2018 04:00:00 PM,83,30,53
02/02/2018 03:00:00 PM,45,13,32
02/02/2018 02:00:00 PM,19,8,11
02/02/2018 01:00:00 PM,28,11,17
02/02/2018 12:00:00 PM,30,11,19
02/02/2018 11:00:00 AM,25,15,10
02/02/2018 10:00:00 AM,21,9,12
02/02/2018 09:00:00 AM,47,20,27
02/02/2018 08:00:00 AM,68,27,41
02/02/2018 07:00:00 AM,38,16,22
02/02/2018 06:00:00 AM,23,10,13
02/02/2018 05:00:00 AM,8,5,3
02/02/2018 04:00:00 AM,2,1,1
02/02/2018 03:00:00 AM,1,1,0
02/02/2018 02:00:00 AM,1,1,0
02/02/2018 01:00:00 AM,1,1,0
02/02/2018 12:00:00 AM,4,1,3
02/01/2018 11:00:00 PM,9,7,2
02/01/2018 10:00:00 PM,8,2,6
02/01/2018 09:00:00 PM,7,2,5
02/01/2018 08:00:00 PM,13,8,5
02/01/2018 07:00:00 PM,22,9,13
02/01/2018 06:00:00 PM,41,16,25
02/01/2018 05:00:00 PM,88,29,59
02/01/2018 04:00:00 PM,67,22,45
02/01/2018 03:00:00 PM,31,9,22
02/01/2018 02:00:00 PM,26,9,17
02/01/2018 01:00:00 PM,17,10,7
02/01/2018 12:00:00 PM,26,15,11
02/01/2018 11:00:00 AM,11,5,6
02/01/2018 10:00:00 AM,16,5,11
02/01/2018 09:00:00 AM,42,19,23
02/01/2018 08:00:00 AM,86,40,46
02/01/2018 07:00:00 AM,44,20,24
02/01/2018 06:00:00 AM,26,15,11
02/01/2018 05:00:00 AM,10,8,2
02/01/2018 04:00:00 AM,1,0,1
02/01/2018 03:00:00 AM,2,1,1
02/01/2018 02:00:00 AM,1,1,0
02/01/2018 01:00:00 AM,0,0,0
02/01/2018 12:00:00 AM,3,2,1
01/31/2018 11:00:00 PM,4,1,3
01/31/2018 10:00:00 PM,6,4,2
01/31/2018 09:00:00 PM,15,6,9
01/31/2018 08:00:00 PM,21,13,8
01/31/2018 07:00:00 PM,30,14,16
01/31/2018 06:00:00 PM,68,22,46
01/31/2018 05:00:00 PM,115,42,73
01/31/2018 04:00:00 PM,84,28,56
01/31/2018 03:00:00 PM,37,8,29
01/31/2018 02:00:00 PM,21,10,11
01/31/2018 01:00:00 PM,27,11,16
01/31/2018 12:00:00 PM,20,12,8
01/31/2018 11:00:00 AM,23,12,11
01/31/2018 10:00:00 AM,24,15,9
01/31/2018 09:00:00 AM,61,32,29
01/31/2018 08:00:00 AM,67,28,39
01/31/2018 07:00:00 AM,57,34,23
01/31/2018 06:00:00 AM,26,16,10
01/31/2018 05:00:00 AM,12,9,3
01/31/2018 04:00:00 AM,1,0,1
01/31/2018 03:00:00 AM,1,1,0
01/31/2018 02:00:00 AM,0,0,0
01/31/2018 01:00:00 AM,2,1,1
01/31/2018 12:00:00 AM,1,1,0
01/30/2018 11:00:00 PM,4,1,3
01/30/2018 10:00:00 PM,4,0,4
01/30/2018 09:00:00 PM,2,1,1
01/30/2018 08:00:00 PM,16,6,10
01/30/2018 07:00:00 PM,23,10,13
01/30/2018 06:00:00 PM,61,30,31
01/30/2018 05:00:00 PM,136,44,92
01/30/2018 04:00:00 PM,99,35,64
01/30/2018 03:00:00 PM,41,16,25
01/30/2018 02:00:00 PM,25,8,17
01/30/2018 01:00:00 PM,20,12,8
01/30/2018 12:00:00 PM,25,10,15
01/30/2018 11:00:00 AM,24,14,10
01/30/2018 10:00:00 AM,33,18,15
01/30/2018 09:00:00 AM,62,23,39
01/30/2018 08:00:00 AM,95,45,50
01/30/2018 07:00:00 AM,51,21,30
01/30/2018 06:00:00 AM,27,14,13
01/30/2018 05:00:00 AM,15,11,4
01/30/2018 04:00:00 AM,1,0,1
01/30/2018 03:00:00 AM,0,0,0
01/30/2018 02:00:00 AM,1,1,0
01/30/2018 01:00:00 AM,1,1,0
01/30/2018 12:00:00 AM,3,1,2
01/29/2018 11:00:00 PM,1,1,0
01/29/2018 10:00:00 PM,2,0,2
01/29/2018 09:00:00 PM,5,2,3
01/29/2018 08:00:00 PM,5,1,4
01/29/2018 07:00:00 PM,16,10,6
01/29/2018 06:00:00 PM,49,16,33
01/29/2018 05:00:00 PM,101,29,72
01/29/2018 04:00:00 PM,47,16,31
01/29/2018 03:00:00 PM,23,5,18
01/29/2018 02:00:00 PM,15,7,8
01/29/2018 01:00:00 PM,5,3,2
01/29/2018 12:00:00 PM,14,6,8
01/29/2018 11:00:00 AM,18,13,5
01/29/2018 10:00:00 AM,17,12,5
01/29/2018 09:00:00 AM,45,23,22
01/29/2018 08:00:00 AM,67,27,40
01/29/2018 07:00:00 AM,31,16,15
01/29/2018 06:00:00 AM,32,17,15
01/29/2018 05:00:00 AM,14,8,6
01/29/2018 04:00:00 AM,3,1,2
01/29/2018 03:00:00 AM,2,1,1
01/29/2018 02:00:00 AM,2,2,0
01/29/2018 01:00:00 AM,1,1,0
01/29/2018 12:00:00 AM,5,2,3
01/28/2018 11:00:00 PM,0,0,0
01/28/2018 10:00:00 PM,5,2,3
01/28/2018 09:00:00 PM,6,4,2
01/28/2018 08:00:00 PM,10,6,4
01/28/2018 07:00:00 PM,8,6,2
01/28/2018 06:00:00 PM,14,8,6
01/28/2018 05:00:00 PM,5,0,5
01/28/2018 04:00:00 PM,12,8,4
01/28/2018 03:00:00 PM,11,5,6
01/28/2018 02:00:00 PM,9,6,3
01/28/2018 01:00:00 PM,11,4,7
01/28/2018 12:00:00 PM,7,3,4
01/28/2018 11:00:00 AM,6,2,4
01/28/2018 10:00:00 AM,10,8,2
01/28/2018 09:00:00 AM,8,3,5
01/28/2018 08:00:00 AM,5,1,4
01/28/2018 07:00:00 AM,2,1,1
01/28/2018 06:00:00 AM,2,1,1
01/28/2018 05:00:00 AM,1,0,1
01/28/2018 04:00:00 AM,0,0,0
01/28/2018 03:00:00 AM,1,1,0
01/28/2018 02:00:00 AM,2,1,1
01/28/2018 01:00:00 AM,0,0,0
01/28/2018 12:00:00 AM,2,1,1
01/27/2018 11:00:00 PM,1,0,1
01/27/2018 10:00:00 PM,5,1,4
01/27/2018 09:00:00 PM,4,2,2
01/27/2018 08:00:00 PM,9,6,3
01/27/2018 07:00:00 PM,9,5,4
01/27/2018 06:00:00 PM,11,4,7
01/27/2018 05:00:00 PM,12,9,3
01/27/2018 04:00:00 PM,12,10,2
01/27/2018 03:00:00 PM,6,2,4
01/27/2018 02:00:00 PM,5,2,3
01/27/2018 01:00:00 PM,11,6,5
01/27/2018 12:00:00 PM,13,8,5
01/27/2018 11:00:00 AM,7,2,5
01/27/2018 10:00:00 AM,8,3,5
01/27/2018 09:00:00 AM,4,1,3
01/27/2018 08:00:00 AM,7,7,0
01/27/2018 07:00:00 AM,4,2,2
01/27/2018 06:00:00 AM,0,0,0
01/27/2018 05:00:00 AM,3,1,2
01/27/2018 04:00:00 AM,0,0,0
01/27/2018 03:00:00 AM,1,1,0
01/27/2018 02:00:00 AM,1,1,0
01/27/2018 01:00:00 AM,2,1,1
01/27/2018 12:00:00 AM,1,0,1
01/26/2018 11:00:00 PM,5,2,3
01/26/2018 10:00:00 PM,7,5,2
01/26/2018 09:00:00 PM,5,3,2
01/26/2018 08:00:00 PM,11,6,5
01/26/2018 07:00:00 PM,16,7,9
01/26/2018 06:00:00 PM,35,15,20
01/26/2018 05:00:00 PM,92,33,59
01/26/2018 04:00:00 PM,65,23,42
01/26/2018 03:00:00 PM,35,9,26
01/26/2018 02:00:00 PM,22,10,12
01/26/2018 01:00:00 PM,25,9,16
01/26/2018 12:00:00 PM,15,8,7
01/26/2018 11:00:00 AM,27,13,14
01/26/2018 10:00:00 AM,19,10,9
01/26/2018 09:00:00 AM,49,20,29
01/26/2018 08:00:00 AM,57,25,32
01/26/2018 07:00:00 AM,30,11,19
01/26/2018 06:00:00 AM,25,14,11
01/26/2018 05:00:00 AM,10,8,2
01/26/2018 04:00:00 AM,2,1,1
01/26/2018 03:00:00 AM,0,0,0
01/26/2018 02:00:00 AM,0,0,0
01/26/2018 01:00:00 AM,2,1,1
01/26/2018 12:00:00 AM,4,4,0
01/25/2018 11:00:00 PM,3,1,2
01/25/2018 10:00:00 PM,5,2,3
01/25/2018 09:00:00 PM,8,3,5
01/25/2018 08:00:00 PM,13,5,8
01/25/2018 07:00:00 PM,22,11,11
01/25/2018 06:00:00 PM,66,23,43
01/25/2018 05:00:00 PM,141,40,101
01/25/2018 04:00:00 PM,68,21,47
01/25/2018 03:00:00 PM,36,10,26
01/25/2018 02:00:00 PM,17,6,11
01/25/2018 01:00:00 PM,11,6,5
01/25/2018 12:00:00 PM,14,8,6
01/25/2018 11:00:00 AM,15,9,6
01/25/2018 10:00:00 AM,14,8,6
01/25/2018 09:00:00 AM,44,17,27
01/25/2018 08:00:00 AM,87,35,52
01/25/2018 07:00:00 AM,36,22,14
01/25/2018 06:00:00 AM,25,11,14
01/25/2018 05:00:00 AM,14,9,5
01/25/2018 04:00:00 AM,1,0,1
01/25/2018 03:00:00 AM,0,0,0
01/25/2018 02:00:00 AM,4,4,0
01/25/2018 01:00:00 AM,0,0,0
01/25/2018 12:00:00 AM,2,1,1
01/24/2018 11:00:00 PM,1,0,1
01/24/2018 10:00:00 PM,6,1,5
01/24/2018 09:00:00 PM,4,1,3
01/24/2018 08:00:00 PM,17,7,10
01/24/2018 07:00:00 PM,26,15,11
01/24/2018 06:00:00 PM,41,11,30
01/24/2018 05:00:00 PM,99,43,56
01/24/2018 04:00:00 PM,48,15,33
01/24/2018 03:00:00 PM,28,8,20
01/24/2018 02:00:00 PM,13,5,8
01/24/2018 01:00:00 PM,15,7,8
01/24/2018 12:00:00 PM,19,7,12
01/24/2018 11:00:00 AM,17,11,6
01/24/2018 10:00:00 AM,11,6,5
01/24/2018 09:00:00 AM,52,20,32
01/24/2018 08:00:00 AM,54,26,28
01/24/2018 07:00:00 AM,35,17,18
01/24/2018 06:00:00 AM,29,19,10
01/24/2018 05:00:00 AM,13,10,3
01/24/2018 04:00:00 AM,1,0,1
01/24/2018 03:00:00 AM,1,0,1
01/24/2018 02:00:00 AM,0,0,0
01/24/2018 01:00:00 AM,0,0,0
01/24/2018 12:00:00 AM,2,2,0
01/23/2018 11:00:00 PM,1,0,1
01/23/2018 10:00:00 PM,5,3,2
01/23/2018 09:00:00 PM,3,1,2
01/23/2018 08:00:00 PM,4,1,3
01/23/2018 07:00:00 PM,27,12,15
01/23/2018 06:00:00 PM,48,19,29
01/23/2018 05:00:00 PM,104,35,69
01/23/2018 04:00:00 PM,56,21,35
01/23/2018 03:00:00 PM,24,3,21
01/23/2018 02:00:00 PM,17,9,8
01/23/2018 01:00:00 PM,16,9,7
01/23/2018 12:00:00 PM,10,2,8
01/23/2018 11:00:00 AM,12,5,7
01/23/2018 10:00:00 AM,12,8,4
01/23/2018 09:00:00 AM,38,20,18
01/23/2018 08:00:00 AM,69,31,38
01/23/2018 07:00:00 AM,50,24,26
01/23/2018 06:00:00 AM,29,16,13
01/23/2018 05:00:00 AM,10,7,3
01/23/2018 04:00:00 AM,2,1,1
01/23/2018 03:00:00 AM,1,0,1
01/23/2018 02:00:00 AM,1,1,0
01/23/2018 01:00:00 AM,1,1,0
01/23/2018 12:00:00 AM,1,0,1
01/22/2018 11:00:00 PM,1,0,1
01/22/2018 10:00:00 PM,4,0,4
01/22/2018 09:00:00 PM,5,4,1
01/22/2018 08:00:00 PM,24,11,13
01/22/2018 07:00:00 PM,21,9,12
01/22/2018 06:00:00 PM,65,25,40
01/22/2018 05:00:00 PM,139,49,90
01/22/2018 04:00:00 PM,87,37,50
01/22/2018 03:00:00 PM,42,14,28
01/22/2018 02:00:00 PM,27,13,14
01/22/2018 01:00:00 PM,22,11,11
01/22/2018 12:00:00 PM,27,15,12
01/22/2018 11:00:00 AM,16,10,6
01/22/2018 10:00:00 AM,16,9,7
01/22/2018 09:00:00 AM,63,22,41
01/22/2018 08:00:00 AM,86,35,51
01/22/2018 07:00:00 AM,50,27,23
01/22/2018 06:00:00 AM,27,13,14
01/22/2018 05:00:00 AM,13,11,2
01/22/2018 04:00:00 AM,1,0,1
01/22/2018 03:00:00 AM,0,0,0
01/22/2018 02:00:00 AM,0,0,0
01/22/2018 01:00:00 AM,0,0,0
01/22/2018 12:00:00 AM,1,0,1
01/21/2018 11:00:00 PM,0,0,0
01/21/2018 10:00:00 PM,3,2,1
01/21/2018 09:00:00 PM,3,1,2
01/21/2018 08:00:00 PM,2,1,1
01/21/2018 07:00:00 PM,4,1,3
01/21/2018 06:00:00 PM,7,6,1
01/21/2018 05:00:00 PM,3,1,2
01/21/2018 04:00:00 PM,4,3,1
01/21/2018 03:00:00 PM,7,2,5
01/21/2018 02:00:00 PM,5,3,2
01/21/2018 01:00:00 PM,11,7,4
01/21/2018 12:00:00 PM,2,1,1
01/21/2018 11:00:00 AM,3,0,3
01/21/2018 10:00:00 AM,6,5,1
01/21/2018 09:00:00 AM,7,3,4
01/21/2018 08:00:00 AM,4,2,2
01/21/2018 07:00:00 AM,2,0,2
01/21/2018 06:00:00 AM,0,0,0
01/21/2018 05:00:00 AM,2,1,1
01/21/2018 04:00:00 AM,0,0,0
01/21/2018 03:00:00 AM,1,1,0
01/21/2018 02:00:00 AM,2,2,0
01/21/2018 01:00:00 AM,1,1,0
01/21/2018 12:00:00 AM,5,2,3
01/20/2018 11:00:00 PM,7,1,6
01/20/2018 10:00:00 PM,4,0,4
01/20/2018 09:00:00 PM,4,2,2
01/20/2018 08:00:00 PM,9,5,4
01/20/2018 07:00:00 PM,13,6,7
01/20/2018 06:00:00 PM,5,1,4
01/20/2018 05:00:00 PM,13,8,5
01/20/2018 04:00:00 PM,6,2,4
01/20/2018 03:00:00 PM,13,6,7
01/20/2018 02:00:00 PM,25,10,15
01/20/2018 01:00:00 PM,24,16,8
01/20/2018 12:00:00 PM,18,10,8
01/20/2018 11:00:00 AM,8,7,1
01/20/2018 10:00:00 AM,9,4,5
01/20/2018 09:00:00 AM,10,7,3
01/20/2018 08:00:00 AM,9,2,7
01/20/2018 07:00:00 AM,6,2,4
01/20/2018 06:00:00 AM,0,0,0
01/20/2018 05:00:00 AM,2,1,1
01/20/2018 04:00:00 AM,0,0,0
01/20/2018 03:00:00 AM,1,1,0
01/20/2018 02:00:00 AM,1,1,0
01/20/2018 01:00:00 AM,5,4,1
01/20/2018 12:00:00 AM,22,20,2
01/19/2018 11:00:00 PM,17,14,3
01/19/2018 10:00:00 PM,8,4,4
01/19/2018 09:00:00 PM,5,4,1
01/19/2018 08:00:00 PM,24,3,21
01/19/2018 07:00:00 PM,26,5,21
01/19/2018 06:00:00 PM,41,19,22
01/19/2018 05:00:00 PM,112,45,67
01/19/2018 04:00:00 PM,73,27,46
01/19/2018 03:00:00 PM,41,12,29
01/19/2018 02:00:00 PM,27,8,19
01/19/2018 01:00:00 PM,27,14,13
01/19/2018 12:00:00 PM,24,14,10
01/19/2018 11:00:00 AM,29,16,13
01/19/2018 10:00:00 AM,24,10,14
01/19/2018 09:00:00 AM,56,28,28
01/19/2018 08:00:00 AM,79,36,43
01/19/2018 07:00:00 AM,47,22,25
01/19/2018 06:00:00 AM,15,9,6
01/19/2018 05:00:00 AM,13,6,7
01/19/2018 04:00:00 AM,2,2,0
01/19/2018 03:00:00 AM,1,1,0
01/19/2018 02:00:00 AM,0,0,0
01/19/2018 01:00:00 AM,0,0,0
01/19/2018 12:00:00 AM,4,2,2
01/18/2018 11:00:00 PM,5,2,3
01/18/2018 10:00:00 PM,5,3,2
01/18/2018 09:00:00 PM,6,1,5
01/18/2018 08:00:00 PM,12,5,7
01/18/2018 07:00:00 PM,40,17,23
01/18/2018 06:00:00 PM,59,23,36
01/18/2018 05:00:00 PM,104,36,68
01/18/2018 04:00:00 PM,60,27,33
01/18/2018 03:00:00 PM,39,10,29
01/18/2018 02:00:00 PM,17,7,10
01/18/2018 01:00:00 PM,21,8,13
01/18/2018 12:00:00 PM,24,11,13
01/18/2018 11:00:00 AM,28,13,15
01/18/2018 10:00:00 AM,25,12,13
01/18/2018 09:00:00 AM,43,20,23
01/18/2018 08:00:00 AM,86,43,43
01/18/2018 07:00:00 AM,36,24,12
01/18/2018 06:00:00 AM,26,15,11
01/18/2018 05:00:00 AM,11,7,4
01/18/2018 04:00:00 AM,1,0,1
01/18/2018 03:00:00 AM,0,0,0
01/18/2018 02:00:00 AM,1,1,0
01/18/2018 01:00:00 AM,0,0,0
01/18/2018 12:00:00 AM,0,0,0
01/17/2018 11:00:00 PM,3,2,1
01/17/2018 10:00:00 PM,4,2,2
01/17/2018 09:00:00 PM,9,4,5
01/17/2018 08:00:00 PM,16,7,9
01/17/2018 07:00:00 PM,15,6,9
01/17/2018 06:00:00 PM,59,18,41
01/17/2018 05:00:00 PM,94,38,56
01/17/2018 04:00:00 PM,73,23,50
01/17/2018 03:00:00 PM,33,8,25
01/17/2018 02:00:00 PM,26,13,13
01/17/2018 01:00:00 PM,24,10,14
01/17/2018 12:00:00 PM,34,15,19
01/17/2018 11:00:00 AM,26,18,8
01/17/2018 10:00:00 AM,32,16,16
01/17/2018 09:00:00 AM,48,20,28
01/17/2018 08:00:00 AM,93,42,51
01/17/2018 07:00:00 AM,45,21,24
01/17/2018 06:00:00 AM,32,16,16
01/17/2018 05:00:00 AM,12,9,3
01/17/2018 04:00:00 AM,2,1,1
01/17/2018 03:00:00 AM,3,1,2
01/17/2018 02:00:00 AM,1,1,0
01/17/2018 01:00:00 AM,0,0,0
01/17/2018 12:00:00 AM,1,1,0
01/16/2018 11:00:00 PM,1,1,0
01/16/2018 10:00:00 PM,3,1,2
01/16/2018 09:00:00 PM,10,3,7
01/16/2018 08:00:00 PM,10,5,5
01/16/2018 07:00:00 PM,23,12,11
01/16/2018 06:00:00 PM,59,24,35
01/16/2018 05:00:00 PM,113,36,77
01/16/2018 04:00:00 PM,82,30,52
01/16/2018 03:00:00 PM,49,20,29
01/16/2018 02:00:00 PM,22,10,12
01/16/2018 01:00:00 PM,19,9,10
01/16/2018 12:00:00 PM,37,21,16
01/16/2018 11:00:00 AM,17,8,9
01/16/2018 10:00:00 AM,21,9,12
01/16/2018 09:00:00 AM,46,20,26
01/16/2018 08:00:00 AM,88,38,50
01/16/2018 07:00:00 AM,53,27,26
01/16/2018 06:00:00 AM,27,15,12
01/16/2018 05:00:00 AM,14,9,5
01/16/2018 04:00:00 AM,1,0,1
01/16/2018 03:00:00 AM,0,0,0
01/16/2018 02:00:00 AM,1,1,0
01/16/2018 01:00:00 AM,1,1,0
01/16/2018 12:00:00 AM,4,3,1
01/15/2018 11:00:00 PM,4,4,0
01/15/2018 10:00:00 PM,3,3,0
01/15/2018 09:00:00 PM,11,5,6
01/15/2018 08:00:00 PM,8,3,5
01/15/2018 07:00:00 PM,24,15,9
01/15/2018 06:00:00 PM,32,15,17
01/15/2018 05:00:00 PM,102,34,68
01/15/2018 04:00:00 PM,54,16,38
01/15/2018 03:00:00 PM,51,14,37
01/15/2018 02:00:00 PM,27,12,15
01/15/2018 01:00:00 PM,23,12,11
01/15/2018 12:00:00 PM,25,11,14
01/15/2018 11:00:00 AM,25,12,13
01/15/2018 10:00:00 AM,17,7,10
01/15/2018 09:00:00 AM,41,15,26
01/15/2018 08:00:00 AM,55,22,33
01/15/2018 07:00:00 AM,38,25,13
01/15/2018 06:00:00 AM,17,10,7
01/15/2018 05:00:00 AM,8,7,1
01/15/2018 04:00:00 AM,0,0,0
01/15/2018 03:00:00 AM,1,0,1
01/15/2018 02:00:00 AM,1,0,1
01/15/2018 01:00:00 AM,1,1,0
01/15/2018 12:00:00 AM,0,0,0
01/14/2018 11:00:00 PM,2,0,2
01/14/2018 10:00:00 PM,3,1,2
01/14/2018 09:00:00 PM,2,0,2
01/14/2018 08:00:00 PM,2,0,2
01/14/2018 07:00:00 PM,10,5,5
01/14/2018 06:00:00 PM,16,9,7
01/14/2018 05:00:00 PM,10,5,5
01/14/2018 04:00:00 PM,22,7,15
01/14/2018 03:00:00 PM,18,14,4
01/14/2018 02:00:00 PM,24,9,15
01/14/2018 01:00:00 PM,26,9,17
01/14/2018 12:00:00 PM,27,14,13
01/14/2018 11:00:00 AM,14,5,9
01/14/2018 10:00:00 AM,12,5,7
01/14/2018 09:00:00 AM,9,3,6
01/14/2018 08:00:00 AM,4,2,2
01/14/2018 07:00:00 AM,6,1,5
01/14/2018 06:00:00 AM,2,2,0
01/14/2018 05:00:00 AM,1,0,1
01/14/2018 04:00:00 AM,0,0,0
01/14/2018 03:00:00 AM,2,2,0
01/14/2018 02:00:00 AM,0,0,0
01/14/2018 01:00:00 AM,0,0,0
01/14/2018 12:00:00 AM,3,1,2
01/13/2018 11:00:00 PM,8,4,4
01/13/2018 10:00:00 PM,4,0,4
01/13/2018 09:00:00 PM,4,3,1
01/13/2018 08:00:00 PM,11,6,5
01/13/2018 07:00:00 PM,11,2,9
01/13/2018 06:00:00 PM,13,7,6
01/13/2018 05:00:00 PM,14,8,6
01/13/2018 04:00:00 PM,15,8,7
01/13/2018 03:00:00 PM,18,6,12
01/13/2018 02:00:00 PM,16,8,8
01/13/2018 01:00:00 PM,21,11,10
01/13/2018 12:00:00 PM,19,9,10
01/13/2018 11:00:00 AM,16,6,10
01/13/2018 10:00:00 AM,17,10,7
01/13/2018 09:00:00 AM,17,10,7
01/13/2018 08:00:00 AM,3,2,1
01/13/2018 07:00:00 AM,5,2,3
01/13/2018 06:00:00 AM,2,0,2
01/13/2018 05:00:00 AM,2,1,1
01/13/2018 04:00:00 AM,0,0,0
01/13/2018 03:00:00 AM,0,0,0
01/13/2018 02:00:00 AM,3,1,2
01/13/2018 01:00:00 AM,0,0,0
01/13/2018 12:00:00 AM,3,1,2
01/12/2018 11:00:00 PM,3,3,0
01/12/2018 10:00:00 PM,1,0,1
01/12/2018 09:00:00 PM,6,1,5
01/12/2018 08:00:00 PM,8,2,6
01/12/2018 07:00:00 PM,18,10,8
01/12/2018 06:00:00 PM,51,26,25
01/12/2018 05:00:00 PM,83,28,55
01/12/2018 04:00:00 PM,82,25,57
01/12/2018 03:00:00 PM,43,17,26
01/12/2018 02:00:00 PM,34,16,18
01/12/2018 01:00:00 PM,27,12,15
01/12/2018 12:00:00 PM,23,14,9
01/12/2018 11:00:00 AM,24,9,15
01/12/2018 10:00:00 AM,32,19,13
01/12/2018 09:00:00 AM,41,17,24
01/12/2018 08:00:00 AM,68,28,40
01/12/2018 07:00:00 AM,31,17,14
01/12/2018 06:00:00 AM,18,11,7
01/12/2018 05:00:00 AM,11,4,7
01/12/2018 04:00:00 AM,2,0,2
01/12/2018 03:00:00 AM,0,0,0
01/12/2018 02:00:00 AM,1,0,1
01/12/2018 01:00:00 AM,0,0,0
01/12/2018 12:00:00 AM,0,0,0
01/11/2018 11:00:00 PM,5,5,0
01/11/2018 10:00:00 PM,4,0,4
01/11/2018 09:00:00 PM,4,1,3
01/11/2018 08:00:00 PM,9,5,4
01/11/2018 07:00:00 PM,21,10,11
01/11/2018 06:00:00 PM,52,24,28
01/11/2018 05:00:00 PM,86,36,50
01/11/2018 04:00:00 PM,56,14,42
01/11/2018 03:00:00 PM,28,11,17
01/11/2018 02:00:00 PM,20,6,14
01/11/2018 01:00:00 PM,11,5,6
01/11/2018 12:00:00 PM,11,6,5
01/11/2018 11:00:00 AM,14,6,8
01/11/2018 10:00:00 AM,16,11,5
01/11/2018 09:00:00 AM,30,15,15
01/11/2018 08:00:00 AM,42,17,25
01/11/2018 07:00:00 AM,26,10,16
01/11/2018 06:00:00 AM,16,6,10
01/11/2018 05:00:00 AM,6,6,0
01/11/2018 04:00:00 AM,1,0,1
01/11/2018 03:00:00 AM,1,1,0
01/11/2018 02:00:00 AM,0,0,0
01/11/2018 01:00:00 AM,1,1,0
01/11/2018 12:00:00 AM,0,0,0
01/10/2018 11:00:00 PM,1,1,0
01/10/2018 10:00:00 PM,5,3,2
01/10/2018 09:00:00 PM,6,4,2
01/10/2018 08:00:00 PM,8,4,4
01/10/2018 07:00:00 PM,19,7,12
01/10/2018 06:00:00 PM,52,21,31
01/10/2018 05:00:00 PM,102,40,62
01/10/2018 04:00:00 PM,88,37,51
01/10/2018 03:00:00 PM,41,18,23
01/10/2018 02:00:00 PM,25,8,17
01/10/2018 01:00:00 PM,20,6,14
01/10/2018 12:00:00 PM,21,10,11
01/10/2018 11:00:00 AM,21,14,7
01/10/2018 10:00:00 AM,17,7,10
01/10/2018 09:00:00 AM,52,24,28
01/10/2018 08:00:00 AM,83,43,40
01/10/2018 07:00:00 AM,49,26,23
01/10/2018 06:00:00 AM,32,16,16
01/10/2018 05:00:00 AM,10,6,4
01/10/2018 04:00:00 AM,2,1,1
01/10/2018 03:00:00 AM,1,0,1
01/10/2018 02:00:00 AM,0,0,0
01/10/2018 01:00:00 AM,1,1,0
01/10/2018 12:00:00 AM,0,0,0
01/09/2018 11:00:00 PM,1,1,0
01/09/2018 10:00:00 PM,3,2,1
01/09/2018 09:00:00 PM,5,3,2
01/09/2018 08:00:00 PM,10,4,6
01/09/2018 07:00:00 PM,27,11,16
01/09/2018 06:00:00 PM,56,30,26
01/09/2018 05:00:00 PM,93,32,61
01/09/2018 04:00:00 PM,75,16,59
01/09/2018 03:00:00 PM,41,10,31
01/09/2018 02:00:00 PM,19,8,11
01/09/2018 01:00:00 PM,12,8,4
01/09/2018 12:00:00 PM,13,6,7
01/09/2018 11:00:00 AM,14,10,4
01/09/2018 10:00:00 AM,14,9,5
01/09/2018 09:00:00 AM,42,19,23
01/09/2018 08:00:00 AM,74,34,40
01/09/2018 07:00:00 AM,48,27,21
01/09/2018 06:00:00 AM,33,19,14
01/09/2018 05:00:00 AM,11,8,3
01/09/2018 04:00:00 AM,2,1,1
01/09/2018 03:00:00 AM,1,1,0
01/09/2018 02:00:00 AM,0,0,0
01/09/2018 01:00:00 AM,1,0,1
01/09/2018 12:00:00 AM,2,1,1
01/08/2018 11:00:00 PM,2,1,1
01/08/2018 10:00:00 PM,3,1,2
01/08/2018 09:00:00 PM,7,4,3
01/08/2018 08:00:00 PM,17,8,9
01/08/2018 07:00:00 PM,32,14,18
01/08/2018 06:00:00 PM,50,22,28
01/08/2018 05:00:00 PM,129,50,79
01/08/2018 04:00:00 PM,97,37,60
01/08/2018 03:00:00 PM,40,8,32
01/08/2018 02:00:00 PM,25,9,16
01/08/2018 01:00:00 PM,21,10,11
01/08/2018 12:00:00 PM,21,5,16
01/08/2018 11:00:00 AM,18,11,7
01/08/2018 10:00:00 AM,26,14,12
01/08/2018 09:00:00 AM,58,20,38
01/08/2018 08:00:00 AM,86,38,48
01/08/2018 07:00:00 AM,58,31,27
01/08/2018 06:00:00 AM,26,11,15
01/08/2018 05:00:00 AM,11,7,4
01/08/2018 04:00:00 AM,2,0,2
01/08/2018 03:00:00 AM,0,0,0
01/08/2018 02:00:00 AM,1,1,0
01/08/2018 01:00:00 AM,0,0,0
01/08/2018 12:00:00 AM,0,0,0
01/07/2018 11:00:00 PM,1,1,0
01/07/2018 10:00:00 PM,2,1,1
01/07/2018 09:00:00 PM,5,2,3
01/07/2018 08:00:00 PM,1,0,1
01/07/2018 07:00:00 PM,3,2,1
01/07/2018 06:00:00 PM,9,6,3
01/07/2018 05:00:00 PM,10,6,4
01/07/2018 04:00:00 PM,12,4,8
01/07/2018 03:00:00 PM,3,3,0
01/07/2018 02:00:00 PM,5,3,2
01/07/2018 01:00:00 PM,14,7,7
01/07/2018 12:00:00 PM,8,4,4
01/07/2018 11:00:00 AM,9,5,4
01/07/2018 10:00:00 AM,11,6,5
01/07/2018 09:00:00 AM,7,4,3
01/07/2018 08:00:00 AM,4,4,0
01/07/2018 07:00:00 AM,3,3,0
01/07/2018 06:00:00 AM,3,0,3
01/07/2018 05:00:00 AM,2,0,2
01/07/2018 04:00:00 AM,0,0,0
01/07/2018 03:00:00 AM,1,1,0
01/07/2018 02:00:00 AM,0,0,0
01/07/2018 01:00:00 AM,4,1,3
01/07/2018 12:00:00 AM,5,1,4
01/06/2018 11:00:00 PM,0,0,0
01/06/2018 10:00:00 PM,0,0,0
01/06/2018 09:00:00 PM,3,1,2
01/06/2018 08:00:00 PM,3,0,3
01/06/2018 07:00:00 PM,2,0,2
01/06/2018 06:00:00 PM,8,3,5
01/06/2018 05:00:00 PM,14,7,7
01/06/2018 04:00:00 PM,8,5,3
01/06/2018 03:00:00 PM,11,3,8
01/06/2018 02:00:00 PM,10,5,5
01/06/2018 01:00:00 PM,15,8,7
01/06/2018 12:00:00 PM,7,4,3
01/06/2018 11:00:00 AM,5,2,3
01/06/2018 10:00:00 AM,4,4,0
01/06/2018 09:00:00 AM,5,3,2
01/06/2018 08:00:00 AM,2,1,1
01/06/2018 07:00:00 AM,2,1,1
01/06/2018 06:00:00 AM,1,1,0
01/06/2018 05:00:00 AM,1,1,0
01/06/2018 04:00:00 AM,0,0,0
01/06/2018 03:00:00 AM,0,0,0
01/06/2018 02:00:00 AM,0,0,0
01/06/2018 01:00:00 AM,0,0,0
01/06/2018 12:00:00 AM,2,1,1
01/05/2018 11:00:00 PM,3,2,1
01/05/2018 10:00:00 PM,5,1,4
01/05/2018 09:00:00 PM,5,1,4
01/05/2018 08:00:00 PM,14,3,11
01/05/2018 07:00:00 PM,17,6,11
01/05/2018 06:00:00 PM,36,13,23
01/05/2018 05:00:00 PM,97,41,56
01/05/2018 04:00:00 PM,66,17,49
01/05/2018 03:00:00 PM,36,16,20
01/05/2018 02:00:00 PM,18,8,10
01/05/2018 01:00:00 PM,26,12,14
01/05/2018 12:00:00 PM,16,6,10
01/05/2018 11:00:00 AM,17,8,9
01/05/2018 10:00:00 AM,15,11,4
01/05/2018 09:00:00 AM,40,16,24
01/05/2018 08:00:00 AM,57,33,24
01/05/2018 07:00:00 AM,28,12,16
01/05/2018 06:00:00 AM,20,8,12
01/05/2018 05:00:00 AM,5,3,2
01/05/2018 04:00:00 AM,0,0,0
01/05/2018 03:00:00 AM,0,0,0
01/05/2018 02:00:00 AM,0,0,0
01/05/2018 01:00:00 AM,1,0,1
01/05/2018 12:00:00 AM,1,1,0
01/04/2018 11:00:00 PM,2,0,2
01/04/2018 10:00:00 PM,4,3,1
01/04/2018 09:00:00 PM,13,6,7
01/04/2018 08:00:00 PM,15,8,7
01/04/2018 07:00:00 PM,21,10,11
01/04/2018 06:00:00 PM,64,24,40
01/04/2018 05:00:00 PM,130,46,84
01/04/2018 04:00:00 PM,71,20,51
01/04/2018 03:00:00 PM,30,12,18
01/04/2018 02:00:00 PM,27,10,17
01/04/2018 01:00:00 PM,21,12,9
01/04/2018 12:00:00 PM,18,7,11
01/04/2018 11:00:00 AM,26,13,13
01/04/2018 10:00:00 AM,26,14,12
01/04/2018 09:00:00 AM,66,27,39
01/04/2018 08:00:00 AM,96,41,55
01/04/2018 07:00:00 AM,35,21,14
01/04/2018 06:00:00 AM,24,14,10
01/04/2018 05:00:00 AM,13,9,4
01/04/2018 04:00:00 AM,2,1,1
01/04/2018 03:00:00 AM,0,0,0
01/04/2018 02:00:00 AM,1,1,0
01/04/2018 01:00:00 AM,1,1,0
01/04/2018 12:00:00 AM,1,1,0
01/03/2018 11:00:00 PM,0,0,0
01/03/2018 10:00:00 PM,6,1,5
01/03/2018 09:00:00 PM,5,2,3
01/03/2018 08:00:00 PM,22,10,12
01/03/2018 07:00:00 PM,28,16,12
01/03/2018 06:00:00 PM,53,17,36
01/03/2018 05:00:00 PM,131,46,85
01/03/2018 04:00:00 PM,94,34,60
01/03/2018 03:00:00 PM,43,7,36
01/03/2018 02:00:00 PM,17,4,13
01/03/2018 01:00:00 PM,13,8,5
01/03/2018 12:00:00 PM,33,22,11
01/03/2018 11:00:00 AM,23,16,7
01/03/2018 10:00:00 AM,19,8,11
01/03/2018 09:00:00 AM,71,39,32
01/03/2018 08:00:00 AM,86,36,50
01/03/2018 07:00:00 AM,46,25,21
01/03/2018 06:00:00 AM,30,15,15
01/03/2018 05:00:00 AM,9,3,6
01/03/2018 04:00:00 AM,0,0,0
01/03/2018 03:00:00 AM,0,0,0
01/03/2018 02:00:00 AM,0,0,0
01/03/2018 01:00:00 AM,0,0,0
01/03/2018 12:00:00 AM,1,1,0
01/02/2018 11:00:00 PM,2,1,1
01/02/2018 10:00:00 PM,3,1,2
01/02/2018 09:00:00 PM,8,3,5
01/02/2018 08:00:00 PM,10,2,8
01/02/2018 07:00:00 PM,20,11,9
01/02/2018 06:00:00 PM,50,18,32
01/02/2018 05:00:00 PM,123,47,76
01/02/2018 04:00:00 PM,109,28,81
01/02/2018 03:00:00 PM,40,8,32
01/02/2018 02:00:00 PM,24,13,11
01/02/2018 01:00:00 PM,26,18,8
01/02/2018 12:00:00 PM,22,7,15
01/02/2018 11:00:00 AM,13,5,8
01/02/2018 10:00:00 AM,18,9,9
01/02/2018 09:00:00 AM,52,24,28
01/02/2018 08:00:00 AM,85,41,44
01/02/2018 07:00:00 AM,56,31,25
01/02/2018 06:00:00 AM,33,14,19
01/02/2018 05:00:00 AM,8,5,3
01/02/2018 04:00:00 AM,1,0,1
01/02/2018 03:00:00 AM,2,2,0
01/02/2018 02:00:00 AM,0,0,0
01/02/2018 01:00:00 AM,1,1,0
01/02/2018 12:00:00 AM,0,0,0
01/01/2018 11:00:00 PM,0,0,0
01/01/2018 10:00:00 PM,2,0,2
01/01/2018 09:00:00 PM,4,3,1
01/01/2018 08:00:00 PM,0,0,0
01/01/2018 07:00:00 PM,6,3,3
01/01/2018 06:00:00 PM,5,4,1
01/01/2018 05:00:00 PM,12,6,6
01/01/2018 04:00:00 PM,13,7,6
01/01/2018 03:00:00 PM,15,3,12
01/01/2018 02:00:00 PM,29,16,13
01/01/2018 01:00:00 PM,9,4,5
01/01/2018 12:00:00 PM,10,8,2
01/01/2018 11:00:00 AM,12,4,8
01/01/2018 10:00:00 AM,2,2,0
01/01/2018 09:00:00 AM,6,3,3
01/01/2018 08:00:00 AM,3,0,3
01/01/2018 07:00:00 AM,3,1,2
01/01/2018 06:00:00 AM,0,0,0
01/01/2018 05:00:00 AM,0,0,0
01/01/2018 04:00:00 AM,1,1,0
01/01/2018 03:00:00 AM,3,2,1
01/01/2018 02:00:00 AM,2,0,2
01/01/2018 01:00:00 AM,9,4,5
01/01/2018 12:00:00 AM,3,1,2
12/31/2017 11:00:00 PM,2,1,1
12/31/2017 10:00:00 PM,5,2,3
12/31/2017 09:00:00 PM,10,7,3
12/31/2017 08:00:00 PM,4,4,0
12/31/2017 07:00:00 PM,7,1,6
12/31/2017 06:00:00 PM,10,4,6
12/31/2017 05:00:00 PM,27,14,13
12/31/2017 04:00:00 PM,13,11,2
12/31/2017 03:00:00 PM,10,4,6
12/31/2017 02:00:00 PM,10,7,3
12/31/2017 01:00:00 PM,23,8,15
12/31/2017 12:00:00 PM,31,12,19
12/31/2017 11:00:00 AM,10,7,3
12/31/2017 10:00:00 AM,16,7,9
12/31/2017 09:00:00 AM,7,1,6
12/31/2017 08:00:00 AM,2,2,0
12/31/2017 07:00:00 AM,4,1,3
12/31/2017 06:00:00 AM,0,0,0
12/31/2017 05:00:00 AM,1,0,1
12/31/2017 04:00:00 AM,0,0,0
12/31/2017 03:00:00 AM,2,0,2
12/31/2017 02:00:00 AM,3,1,2
12/31/2017 01:00:00 AM,3,1,2
12/31/2017 12:00:00 AM,2,0,2
12/30/2017 11:00:00 PM,2,1,1
12/30/2017 10:00:00 PM,7,0,7
12/30/2017 09:00:00 PM,3,1,2
12/30/2017 08:00:00 PM,6,4,2
12/30/2017 07:00:00 PM,2,0,2
12/30/2017 06:00:00 PM,5,0,5
12/30/2017 05:00:00 PM,7,4,3
12/30/2017 04:00:00 PM,18,9,9
12/30/2017 03:00:00 PM,19,7,12
12/30/2017 02:00:00 PM,10,4,6
12/30/2017 01:00:00 PM,19,10,9
12/30/2017 12:00:00 PM,13,10,3
12/30/2017 11:00:00 AM,7,4,3
12/30/2017 10:00:00 AM,12,7,5
12/30/2017 09:00:00 AM,3,2,1
12/30/2017 08:00:00 AM,8,5,3
12/30/2017 07:00:00 AM,3,2,1
12/30/2017 06:00:00 AM,3,1,2
12/30/2017 05:00:00 AM,1,0,1
12/30/2017 04:00:00 AM,1,0,1
12/30/2017 03:00:00 AM,0,0,0
12/30/2017 02:00:00 AM,6,4,2
12/30/2017 01:00:00 AM,4,2,2
12/30/2017 12:00:00 AM,2,1,1
12/29/2017 11:00:00 PM,0,0,0
12/29/2017 10:00:00 PM,2,1,1
12/29/2017 09:00:00 PM,5,2,3
12/29/2017 08:00:00 PM,5,1,4
12/29/2017 07:00:00 PM,12,6,6
12/29/2017 06:00:00 PM,17,6,11
12/29/2017 05:00:00 PM,18,5,13
12/29/2017 04:00:00 PM,30,13,17
12/29/2017 03:00:00 PM,15,4,11
12/29/2017 02:00:00 PM,13,5,8
12/29/2017 01:00:00 PM,11,6,5
12/29/2017 12:00:00 PM,10,5,5
12/29/2017 11:00:00 AM,4,3,1
12/29/2017 10:00:00 AM,9,5,4
12/29/2017 09:00:00 AM,10,3,7
12/29/2017 08:00:00 AM,17,6,11
12/29/2017 07:00:00 AM,11,7,4
12/29/2017 06:00:00 AM,10,5,5
12/29/2017 05:00:00 AM,6,5,1
12/29/2017 04:00:00 AM,0,0,0
12/29/2017 03:00:00 AM,0,0,0
12/29/2017 02:00:00 AM,0,0,0
12/29/2017 01:00:00 AM,1,1,0
12/29/2017 12:00:00 AM,0,0,0
12/28/2017 11:00:00 PM,2,0,2
12/28/2017 10:00:00 PM,6,3,3
12/28/2017 09:00:00 PM,5,1,4
12/28/2017 08:00:00 PM,3,1,2
12/28/2017 07:00:00 PM,9,7,2
12/28/2017 06:00:00 PM,17,7,10
12/28/2017 05:00:00 PM,37,15,22
12/28/2017 04:00:00 PM,43,17,26
12/28/2017 03:00:00 PM,25,6,19
12/28/2017 02:00:00 PM,18,6,12
12/28/2017 01:00:00 PM,22,14,8
12/28/2017 12:00:00 PM,23,11,12
12/28/2017 11:00:00 AM,9,7,2
12/28/2017 10:00:00 AM,9,5,4
12/28/2017 09:00:00 AM,31,11,20
12/28/2017 08:00:00 AM,31,16,15
12/28/2017 07:00:00 AM,13,7,6
12/28/2017 06:00:00 AM,11,8,3
12/28/2017 05:00:00 AM,10,5,5
12/28/2017 04:00:00 AM,1,0,1
12/28/2017 03:00:00 AM,1,1,0
12/28/2017 02:00:00 AM,2,1,1
12/28/2017 01:00:00 AM,0,0,0
12/28/2017 12:00:00 AM,1,0,1
12/27/2017 11:00:00 PM,5,2,3
12/27/2017 10:00:00 PM,3,0,3
12/27/2017 09:00:00 PM,5,4,1
12/27/2017 08:00:00 PM,12,7,5
12/27/2017 07:00:00 PM,5,0,5
12/27/2017 06:00:00 PM,19,4,15
12/27/2017 05:00:00 PM,44,19,25
12/27/2017 04:00:00 PM,31,11,20
12/27/2017 03:00:00 PM,29,10,19
12/27/2017 02:00:00 PM,15,6,9
12/27/2017 01:00:00 PM,14,4,10
12/27/2017 12:00:00 PM,13,8,5
12/27/2017 11:00:00 AM,42,16,26
12/27/2017 10:00:00 AM,19,7,12
12/27/2017 09:00:00 AM,18,5,13
12/27/2017 08:00:00 AM,28,13,15
12/27/2017 07:00:00 AM,8,4,4
12/27/2017 06:00:00 AM,13,5,8
12/27/2017 05:00:00 AM,7,3,4
12/27/2017 04:00:00 AM,0,0,0
12/27/2017 03:00:00 AM,0,0,0
12/27/2017 02:00:00 AM,2,1,1
12/27/2017 01:00:00 AM,0,0,0
12/27/2017 12:00:00 AM,0,0,0
12/26/2017 11:00:00 PM,2,2,0
12/26/2017 10:00:00 PM,1,1,0
12/26/2017 09:00:00 PM,2,1,1
12/26/2017 08:00:00 PM,6,2,4
12/26/2017 07:00:00 PM,15,7,8
12/26/2017 06:00:00 PM,11,3,8
12/26/2017 05:00:00 PM,17,9,8
12/26/2017 04:00:00 PM,31,14,17
12/26/2017 03:00:00 PM,19,7,12
12/26/2017 02:00:00 PM,13,6,7
12/26/2017 01:00:00 PM,15,6,9
12/26/2017 12:00:00 PM,10,6,4
12/26/2017 11:00:00 AM,7,5,2
12/26/2017 10:00:00 AM,8,5,3
12/26/2017 09:00:00 AM,8,4,4
12/26/2017 08:00:00 AM,4,2,2
12/26/2017 07:00:00 AM,3,3,0
12/26/2017 06:00:00 AM,10,6,4
12/26/2017 05:00:00 AM,6,4,2
12/26/2017 04:00:00 AM,0,0,0
12/26/2017 03:00:00 AM,1,1,0
12/26/2017 02:00:00 AM,0,0,0
12/26/2017 01:00:00 AM,0,0,0
12/26/2017 12:00:00 AM,1,1,0
12/25/2017 11:00:00 PM,2,1,1
12/25/2017 10:00:00 PM,1,1,0
12/25/2017 09:00:00 PM,0,0,0
12/25/2017 08:00:00 PM,0,0,0
12/25/2017 07:00:00 PM,1,1,0
12/25/2017 06:00:00 PM,0,0,0
12/25/2017 05:00:00 PM,1,0,1
12/25/2017 04:00:00 PM,2,2,0
12/25/2017 03:00:00 PM,4,0,4
12/25/2017 02:00:00 PM,2,1,1
12/25/2017 01:00:00 PM,1,1,0
12/25/2017 12:00:00 PM,1,0,1
12/25/2017 11:00:00 AM,4,4,0
12/25/2017 10:00:00 AM,4,3,1
12/25/2017 09:00:00 AM,1,1,0
12/25/2017 08:00:00 AM,0,0,0
12/25/2017 07:00:00 AM,0,0,0
12/25/2017 06:00:00 AM,0,0,0
12/25/2017 05:00:00 AM,1,0,1
12/25/2017 04:00:00 AM,0,0,0
12/25/2017 03:00:00 AM,0,0,0
12/25/2017 02:00:00 AM,0,0,0
12/25/2017 01:00:00 AM,0,0,0
12/25/2017 12:00:00 AM,0,0,0
12/24/2017 11:00:00 PM,1,0,1
12/24/2017 10:00:00 PM,0,0,0
12/24/2017 09:00:00 PM,0,0,0
12/24/2017 08:00:00 PM,0,0,0
12/24/2017 07:00:00 PM,1,1,0
12/24/2017 06:00:00 PM,3,2,1
12/24/2017 05:00:00 PM,2,1,1
12/24/2017 04:00:00 PM,3,0,3
12/24/2017 03:00:00 PM,10,4,6
12/24/2017 02:00:00 PM,5,1,4
12/24/2017 01:00:00 PM,4,1,3
12/24/2017 12:00:00 PM,9,4,5
12/24/2017 11:00:00 AM,4,3,1
12/24/2017 10:00:00 AM,11,8,3
12/24/2017 09:00:00 AM,2,0,2
12/24/2017 08:00:00 AM,0,0,0
12/24/2017 07:00:00 AM,0,0,0
12/24/2017 06:00:00 AM,2,2,0
12/24/2017 05:00:00 AM,1,0,1
12/24/2017 04:00:00 AM,1,1,0
12/24/2017 03:00:00 AM,1,1,0
12/24/2017 02:00:00 AM,1,0,1
12/24/2017 01:00:00 AM,2,0,2
12/24/2017 12:00:00 AM,1,1,0
12/23/2017 11:00:00 PM,9,2,7
12/23/2017 10:00:00 PM,2,1,1
12/23/2017 09:00:00 PM,2,0,2
12/23/2017 08:00:00 PM,1,0,1
12/23/2017 07:00:00 PM,5,2,3
12/23/2017 06:00:00 PM,10,5,5
12/23/2017 05:00:00 PM,11,5,6
12/23/2017 04:00:00 PM,19,11,8
12/23/2017 03:00:00 PM,11,4,7
12/23/2017 02:00:00 PM,14,6,8
12/23/2017 01:00:00 PM,12,5,7
12/23/2017 12:00:00 PM,13,6,7
12/23/2017 11:00:00 AM,4,3,1
12/23/2017 10:00:00 AM,5,2,3
12/23/2017 09:00:00 AM,6,5,1
12/23/2017 08:00:00 AM,5,4,1
12/23/2017 07:00:00 AM,3,3,0
12/23/2017 06:00:00 AM,2,1,1
12/23/2017 05:00:00 AM,3,1,2
12/23/2017 04:00:00 AM,0,0,0
12/23/2017 03:00:00 AM,0,0,0
12/23/2017 02:00:00 AM,2,1,1
12/23/2017 01:00:00 AM,0,0,0
12/23/2017 12:00:00 AM,2,0,2
12/22/2017 11:00:00 PM,3,1,2
12/22/2017 10:00:00 PM,4,1,3
12/22/2017 09:00:00 PM,7,4,3
12/22/2017 08:00:00 PM,6,0,6
12/22/2017 07:00:00 PM,9,3,6
12/22/2017 06:00:00 PM,20,9,11
12/22/2017 05:00:00 PM,39,19,20
12/22/2017 04:00:00 PM,32,7,25
12/22/2017 03:00:00 PM,31,11,20
12/22/2017 02:00:00 PM,29,14,15
12/22/2017 01:00:00 PM,25,14,11
12/22/2017 12:00:00 PM,27,17,10
12/22/2017 11:00:00 AM,11,5,6
12/22/2017 10:00:00 AM,12,6,6
12/22/2017 09:00:00 AM,21,8,13
12/22/2017 08:00:00 AM,25,13,12
12/22/2017 07:00:00 AM,18,8,10
12/22/2017 06:00:00 AM,15,7,8
12/22/2017 05:00:00 AM,6,4,2
12/22/2017 04:00:00 AM,1,0,1
12/22/2017 03:00:00 AM,0,0,0
12/22/2017 02:00:00 AM,0,0,0
12/22/2017 01:00:00 AM,0,0,0
12/22/2017 12:00:00 AM,1,1,0
12/21/2017 11:00:00 PM,2,1,1
12/21/2017 10:00:00 PM,3,1,2
12/21/2017 09:00:00 PM,8,6,2
12/21/2017 08:00:00 PM,9,5,4
12/21/2017 07:00:00 PM,12,8,4
12/21/2017 06:00:00 PM,42,13,29
12/21/2017 05:00:00 PM,70,26,44
12/21/2017 04:00:00 PM,75,25,50
12/21/2017 03:00:00 PM,44,20,24
12/21/2017 02:00:00 PM,17,6,11
12/21/2017 01:00:00 PM,26,14,12
12/21/2017 12:00:00 PM,29,17,12
12/21/2017 11:00:00 AM,22,11,11
12/21/2017 10:00:00 AM,23,12,11
12/21/2017 09:00:00 AM,33,15,18
12/21/2017 08:00:00 AM,39,14,25
12/21/2017 07:00:00 AM,26,11,15
12/21/2017 06:00:00 AM,24,11,13
12/21/2017 05:00:00 AM,10,6,4
12/21/2017 04:00:00 AM,1,1,0
12/21/2017 03:00:00 AM,0,0,0
12/21/2017 02:00:00 AM,1,1,0
12/21/2017 01:00:00 AM,0,0,0
12/21/2017 12:00:00 AM,3,3,0
12/20/2017 11:00:00 PM,3,1,2
12/20/2017 10:00:00 PM,7,4,3
12/20/2017 09:00:00 PM,7,7,0
12/20/2017 08:00:00 PM,6,5,1
12/20/2017 07:00:00 PM,22,8,14
12/20/2017 06:00:00 PM,50,16,34
12/20/2017 05:00:00 PM,80,32,48
12/20/2017 04:00:00 PM,86,28,58
12/20/2017 03:00:00 PM,46,15,31
12/20/2017 02:00:00 PM,33,17,16
12/20/2017 01:00:00 PM,29,15,14
12/20/2017 12:00:00 PM,29,16,13
12/20/2017 11:00:00 AM,23,11,12
12/20/2017 10:00:00 AM,29,16,13
12/20/2017 09:00:00 AM,46,25,21
12/20/2017 08:00:00 AM,69,29,40
12/20/2017 07:00:00 AM,38,23,15
12/20/2017 06:00:00 AM,22,12,10
12/20/2017 05:00:00 AM,10,5,5
12/20/2017 04:00:00 AM,1,1,0
12/20/2017 03:00:00 AM,0,0,0
12/20/2017 02:00:00 AM,1,1,0
12/20/2017 01:00:00 AM,0,0,0
12/20/2017 12:00:00 AM,2,1,1
12/19/2017 11:00:00 PM,0,0,0
12/19/2017 10:00:00 PM,8,3,5
12/19/2017 09:00:00 PM,8,3,5
12/19/2017 08:00:00 PM,9,3,6
12/19/2017 07:00:00 PM,12,8,4
12/19/2017 06:00:00 PM,30,12,18
12/19/2017 05:00:00 PM,88,36,52
12/19/2017 04:00:00 PM,61,18,43
12/19/2017 03:00:00 PM,33,10,23
12/19/2017 02:00:00 PM,25,13,12
12/19/2017 01:00:00 PM,9,5,4
12/19/2017 12:00:00 PM,23,12,11
12/19/2017 11:00:00 AM,10,7,3
12/19/2017 10:00:00 AM,13,6,7
12/19/2017 09:00:00 AM,29,15,14
12/19/2017 08:00:00 AM,31,13,18
12/19/2017 07:00:00 AM,26,13,13
12/19/2017 06:00:00 AM,18,11,7
12/19/2017 05:00:00 AM,7,5,2
12/19/2017 04:00:00 AM,0,0,0
12/19/2017 03:00:00 AM,0,0,0
12/19/2017 02:00:00 AM,1,1,0
12/19/2017 01:00:00 AM,2,1,1
12/19/2017 12:00:00 AM,0,0,0
12/18/2017 11:00:00 PM,0,0,0
12/18/2017 10:00:00 PM,3,2,1
12/18/2017 09:00:00 PM,1,0,1
12/18/2017 08:00:00 PM,8,5,3
12/18/2017 07:00:00 PM,17,7,10
12/18/2017 06:00:00 PM,41,10,31
12/18/2017 05:00:00 PM,71,18,53
12/18/2017 04:00:00 PM,52,21,31
12/18/2017 03:00:00 PM,33,6,27
12/18/2017 02:00:00 PM,22,9,13
12/18/2017 01:00:00 PM,23,11,12
12/18/2017 12:00:00 PM,15,10,5
12/18/2017 11:00:00 AM,14,8,6
12/18/2017 10:00:00 AM,18,8,10
12/18/2017 09:00:00 AM,25,12,13
12/18/2017 08:00:00 AM,56,30,26
12/18/2017 07:00:00 AM,31,17,14
12/18/2017 06:00:00 AM,21,13,8
12/18/2017 05:00:00 AM,9,6,3
12/18/2017 04:00:00 AM,0,0,0
12/18/2017 03:00:00 AM,0,0,0
12/18/2017 02:00:00 AM,2,0,2
12/18/2017 01:00:00 AM,0,0,0
12/18/2017 12:00:00 AM,2,2,0
12/17/2017 11:00:00 PM,4,2,2
12/17/2017 10:00:00 PM,1,1,0
12/17/2017 09:00:00 PM,3,2,1
12/17/2017 08:00:00 PM,2,1,1
12/17/2017 07:00:00 PM,2,1,1
12/17/2017 06:00:00 PM,5,1,4
12/17/2017 05:00:00 PM,18,12,6
12/17/2017 04:00:00 PM,25,19,6
12/17/2017 03:00:00 PM,15,9,6
12/17/2017 02:00:00 PM,7,4,3
12/17/2017 01:00:00 PM,7,3,4
12/17/2017 12:00:00 PM,43,15,28
12/17/2017 11:00:00 AM,18,6,12
12/17/2017 10:00:00 AM,8,1,7
12/17/2017 09:00:00 AM,5,2,3
12/17/2017 08:00:00 AM,5,2,3
12/17/2017 07:00:00 AM,5,2,3
12/17/2017 06:00:00 AM,0,0,0
12/17/2017 05:00:00 AM,1,0,1
12/17/2017 04:00:00 AM,0,0,0
12/17/2017 03:00:00 AM,2,2,0
12/17/2017 02:00:00 AM,2,2,0
12/17/2017 01:00:00 AM,0,0,0
12/17/2017 12:00:00 AM,4,2,2
12/16/2017 11:00:00 PM,1,0,1
12/16/2017 10:00:00 PM,3,1,2
12/16/2017 09:00:00 PM,5,3,2
12/16/2017 08:00:00 PM,8,4,4
12/16/2017 07:00:00 PM,11,2,9
12/16/2017 06:00:00 PM,12,7,5
12/16/2017 05:00:00 PM,17,6,11
12/16/2017 04:00:00 PM,13,10,3
12/16/2017 03:00:00 PM,9,4,5
12/16/2017 02:00:00 PM,21,11,10
12/16/2017 01:00:00 PM,20,11,9
12/16/2017 12:00:00 PM,15,8,7
12/16/2017 11:00:00 AM,16,9,7
12/16/2017 10:00:00 AM,7,5,2
12/16/2017 09:00:00 AM,6,5,1
12/16/2017 08:00:00 AM,4,3,1
12/16/2017 07:00:00 AM,9,7,2
12/16/2017 06:00:00 AM,0,0,0
12/16/2017 05:00:00 AM,1,0,1
12/16/2017 04:00:00 AM,0,0,0
12/16/2017 03:00:00 AM,0,0,0
12/16/2017 02:00:00 AM,1,1,0
12/16/2017 01:00:00 AM,4,1,3
12/16/2017 12:00:00 AM,2,1,1
12/15/2017 11:00:00 PM,3,1,2
12/15/2017 10:00:00 PM,4,1,3
12/15/2017 09:00:00 PM,4,1,3
12/15/2017 08:00:00 PM,10,5,5
12/15/2017 07:00:00 PM,24,9,15
12/15/2017 06:00:00 PM,37,19,18
12/15/2017 05:00:00 PM,91,36,55
12/15/2017 04:00:00 PM,72,29,43
12/15/2017 03:00:00 PM,57,25,32
12/15/2017 02:00:00 PM,34,21,13
12/15/2017 01:00:00 PM,21,14,7
12/15/2017 12:00:00 PM,34,12,22
12/15/2017 11:00:00 AM,21,11,10
12/15/2017 10:00:00 AM,27,16,11
12/15/2017 09:00:00 AM,45,21,24
12/15/2017 08:00:00 AM,65,22,43
12/15/2017 07:00:00 AM,34,15,19
12/15/2017 06:00:00 AM,21,16,5
12/15/2017 05:00:00 AM,8,5,3
12/15/2017 04:00:00 AM,3,1,2
12/15/2017 03:00:00 AM,0,0,0
12/15/2017 02:00:00 AM,2,2,0
12/15/2017 01:00:00 AM,2,0,2
12/15/2017 12:00:00 AM,2,1,1
12/14/2017 11:00:00 PM,1,0,1
12/14/2017 10:00:00 PM,5,2,3
12/14/2017 09:00:00 PM,10,4,6
12/14/2017 08:00:00 PM,18,9,9
12/14/2017 07:00:00 PM,30,14,16
12/14/2017 06:00:00 PM,57,24,33
12/14/2017 05:00:00 PM,111,32,79
12/14/2017 04:00:00 PM,75,31,44
12/14/2017 03:00:00 PM,59,16,43
12/14/2017 02:00:00 PM,32,14,18
12/14/2017 01:00:00 PM,29,11,18
12/14/2017 12:00:00 PM,32,17,15
12/14/2017 11:00:00 AM,30,18,12
12/14/2017 10:00:00 AM,21,11,10
12/14/2017 09:00:00 AM,47,16,31
12/14/2017 08:00:00 AM,80,37,43
12/14/2017 07:00:00 AM,42,23,19
12/14/2017 06:00:00 AM,27,14,13
12/14/2017 05:00:00 AM,11,6,5
12/14/2017 04:00:00 AM,3,2,1
12/14/2017 03:00:00 AM,1,1,0
12/14/2017 02:00:00 AM,1,1,0
12/14/2017 01:00:00 AM,0,0,0
12/14/2017 12:00:00 AM,2,2,0
12/13/2017 11:00:00 PM,6,1,5
12/13/2017 10:00:00 PM,4,2,2
12/13/2017 09:00:00 PM,6,3,3
12/13/2017 08:00:00 PM,22,8,14
12/13/2017 07:00:00 PM,27,9,18
12/13/2017 06:00:00 PM,65,24,41
12/13/2017 05:00:00 PM,128,50,78
12/13/2017 04:00:00 PM,105,33,72
12/13/2017 03:00:00 PM,47,17,30
12/13/2017 02:00:00 PM,33,17,16
12/13/2017 01:00:00 PM,28,16,12
12/13/2017 12:00:00 PM,38,18,20
12/13/2017 11:00:00 AM,28,10,18
12/13/2017 10:00:00 AM,25,14,11
12/13/2017 09:00:00 AM,53,23,30
12/13/2017 08:00:00 AM,101,47,54
12/13/2017 07:00:00 AM,49,26,23
12/13/2017 06:00:00 AM,26,14,12
12/13/2017 05:00:00 AM,12,7,5
12/13/2017 04:00:00 AM,1,0,1
12/13/2017 03:00:00 AM,0,0,0
12/13/2017 02:00:00 AM,0,0,0
12/13/2017 01:00:00 AM,2,2,0
12/13/2017 12:00:00 AM,0,0,0
12/12/2017 11:00:00 PM,0,0,0
12/12/2017 10:00:00 PM,6,1,5
12/12/2017 09:00:00 PM,7,2,5
12/12/2017 08:00:00 PM,5,3,2
12/12/2017 07:00:00 PM,26,14,12
12/12/2017 06:00:00 PM,58,17,41
12/12/2017 05:00:00 PM,122,44,78
12/12/2017 04:00:00 PM,100,33,67
12/12/2017 03:00:00 PM,50,19,31
12/12/2017 02:00:00 PM,33,18,15
12/12/2017 01:00:00 PM,25,13,12
12/12/2017 12:00:00 PM,23,11,12
12/12/2017 11:00:00 AM,15,9,6
12/12/2017 10:00:00 AM,24,8,16
12/12/2017 09:00:00 AM,52,24,28
12/12/2017 08:00:00 AM,84,36,48
12/12/2017 07:00:00 AM,56,31,25
12/12/2017 06:00:00 AM,27,11,16
12/12/2017 05:00:00 AM,11,8,3
12/12/2017 04:00:00 AM,2,2,0
12/12/2017 03:00:00 AM,0,0,0
12/12/2017 02:00:00 AM,2,1,1
12/12/2017 01:00:00 AM,1,1,0
12/12/2017 12:00:00 AM,1,0,1
12/11/2017 11:00:00 PM,0,0,0
12/11/2017 10:00:00 PM,2,0,2
12/11/2017 09:00:00 PM,9,4,5
12/11/2017 08:00:00 PM,9,2,7
12/11/2017 07:00:00 PM,24,12,12
12/11/2017 06:00:00 PM,55,26,29
12/11/2017 05:00:00 PM,101,41,60
12/11/2017 04:00:00 PM,79,29,50
12/11/2017 03:00:00 PM,54,17,37
12/11/2017 02:00:00 PM,25,9,16
12/11/2017 01:00:00 PM,17,10,7
12/11/2017 12:00:00 PM,16,9,7
12/11/2017 11:00:00 AM,21,12,9
12/11/2017 10:00:00 AM,26,9,17
12/11/2017 09:00:00 AM,50,17,33
12/11/2017 08:00:00 AM,72,31,41
12/11/2017 07:00:00 AM,53,33,20
12/11/2017 06:00:00 AM,21,11,10
12/11/2017 05:00:00 AM,10,5,5
12/11/2017 04:00:00 AM,1,0,1
12/11/2017 03:00:00 AM,1,1,0
12/11/2017 02:00:00 AM,2,2,0
12/11/2017 01:00:00 AM,6,3,3
12/11/2017 12:00:00 AM,4,3,1
12/10/2017 11:00:00 PM,3,1,2
12/10/2017 10:00:00 PM,0,0,0
12/10/2017 09:00:00 PM,5,2,3
12/10/2017 08:00:00 PM,6,4,2
12/10/2017 07:00:00 PM,6,2,4
12/10/2017 06:00:00 PM,7,5,2
12/10/2017 05:00:00 PM,7,4,3
12/10/2017 04:00:00 PM,11,5,6
12/10/2017 03:00:00 PM,7,2,5
12/10/2017 02:00:00 PM,10,4,6
12/10/2017 01:00:00 PM,15,10,5
12/10/2017 12:00:00 PM,13,6,7
12/10/2017 11:00:00 AM,7,4,3
12/10/2017 10:00:00 AM,8,6,2
12/10/2017 09:00:00 AM,4,4,0
12/10/2017 08:00:00 AM,4,3,1
12/10/2017 07:00:00 AM,1,1,0
12/10/2017 06:00:00 AM,1,1,0
12/10/2017 05:00:00 AM,1,0,1
12/10/2017 04:00:00 AM,0,0,0
12/10/2017 03:00:00 AM,2,1,1
12/10/2017 02:00:00 AM,0,0,0
12/10/2017 01:00:00 AM,3,0,3
12/10/2017 12:00:00 AM,0,0,0
12/09/2017 11:00:00 PM,0,0,0
12/09/2017 10:00:00 PM,0,0,0
12/09/2017 09:00:00 PM,3,1,2
12/09/2017 08:00:00 PM,2,0,2
12/09/2017 07:00:00 PM,18,8,10
12/09/2017 06:00:00 PM,12,2,10
12/09/2017 05:00:00 PM,9,2,7
12/09/2017 04:00:00 PM,16,10,6
12/09/2017 03:00:00 PM,15,11,4
12/09/2017 02:00:00 PM,16,6,10
12/09/2017 01:00:00 PM,22,9,13
12/09/2017 12:00:00 PM,27,11,16
12/09/2017 11:00:00 AM,13,3,10
12/09/2017 10:00:00 AM,15,11,4
12/09/2017 09:00:00 AM,4,3,1
12/09/2017 08:00:00 AM,3,3,0
12/09/2017 07:00:00 AM,2,2,0
12/09/2017 06:00:00 AM,3,0,3
12/09/2017 05:00:00 AM,1,1,0
12/09/2017 04:00:00 AM,0,0,0
12/09/2017 03:00:00 AM,1,1,0
12/09/2017 02:00:00 AM,0,0,0
12/09/2017 01:00:00 AM,2,0,2
12/09/2017 12:00:00 AM,0,0,0
12/08/2017 11:00:00 PM,5,2,3
12/08/2017 10:00:00 PM,7,0,7
12/08/2017 09:00:00 PM,7,4,3
12/08/2017 08:00:00 PM,11,4,7
12/08/2017 07:00:00 PM,19,10,9
12/08/2017 06:00:00 PM,48,26,22
12/08/2017 05:00:00 PM,69,19,50
12/08/2017 04:00:00 PM,92,38,54
12/08/2017 03:00:00 PM,53,19,34
12/08/2017 02:00:00 PM,32,20,12
12/08/2017 01:00:00 PM,40,22,18
12/08/2017 12:00:00 PM,41,18,23
12/08/2017 11:00:00 AM,28,16,12
12/08/2017 10:00:00 AM,24,12,12
12/08/2017 09:00:00 AM,50,18,32
12/08/2017 08:00:00 AM,54,20,34
12/08/2017 07:00:00 AM,30,16,14
12/08/2017 06:00:00 AM,22,13,9
12/08/2017 05:00:00 AM,4,3,1
12/08/2017 04:00:00 AM,0,0,0
12/08/2017 03:00:00 AM,1,0,1
12/08/2017 02:00:00 AM,1,0,1
12/08/2017 01:00:00 AM,2,0,2
12/08/2017 12:00:00 AM,2,1,1
12/07/2017 11:00:00 PM,6,3,3
12/07/2017 10:00:00 PM,11,5,6
12/07/2017 09:00:00 PM,16,7,9
12/07/2017 08:00:00 PM,10,9,1
12/07/2017 07:00:00 PM,41,18,23
12/07/2017 06:00:00 PM,77,25,52
12/07/2017 05:00:00 PM,106,35,71
12/07/2017 04:00:00 PM,83,30,53
12/07/2017 03:00:00 PM,50,15,35
12/07/2017 02:00:00 PM,29,15,14
12/07/2017 01:00:00 PM,24,15,9
12/07/2017 12:00:00 PM,21,11,10
12/07/2017 11:00:00 AM,34,16,18
12/07/2017 10:00:00 AM,20,8,12
12/07/2017 09:00:00 AM,51,22,29
12/07/2017 08:00:00 AM,83,30,53
12/07/2017 07:00:00 AM,50,24,26
12/07/2017 06:00:00 AM,22,9,13
12/07/2017 05:00:00 AM,11,6,5
12/07/2017 04:00:00 AM,1,1,0
12/07/2017 03:00:00 AM,0,0,0
12/07/2017 02:00:00 AM,0,0,0
12/07/2017 01:00:00 AM,0,0,0
12/07/2017 12:00:00 AM,1,0,1
12/06/2017 11:00:00 PM,2,1,1
12/06/2017 10:00:00 PM,17,7,10
12/06/2017 09:00:00 PM,11,5,6
12/06/2017 08:00:00 PM,10,4,6
12/06/2017 07:00:00 PM,22,5,17
12/06/2017 06:00:00 PM,71,22,49
12/06/2017 05:00:00 PM,116,39,77
12/06/2017 04:00:00 PM,85,29,56
12/06/2017 03:00:00 PM,45,15,30
12/06/2017 02:00:00 PM,21,10,11
12/06/2017 01:00:00 PM,28,11,17
12/06/2017 12:00:00 PM,32,18,14
12/06/2017 11:00:00 AM,15,8,7
12/06/2017 10:00:00 AM,31,18,13
12/06/2017 09:00:00 AM,62,30,32
12/06/2017 08:00:00 AM,82,36,46
12/06/2017 07:00:00 AM,52,25,27
12/06/2017 06:00:00 AM,32,21,11
12/06/2017 05:00:00 AM,10,7,3
12/06/2017 04:00:00 AM,2,2,0
12/06/2017 03:00:00 AM,0,0,0
12/06/2017 02:00:00 AM,1,1,0
12/06/2017 01:00:00 AM,0,0,0
12/06/2017 12:00:00 AM,1,0,1
12/05/2017 11:00:00 PM,1,1,0
12/05/2017 10:00:00 PM,8,1,7
12/05/2017 09:00:00 PM,6,4,2
12/05/2017 08:00:00 PM,10,5,5
12/05/2017 07:00:00 PM,24,13,11
12/05/2017 06:00:00 PM,73,26,47
12/05/2017 05:00:00 PM,131,42,89
12/05/2017 04:00:00 PM,95,28,67
12/05/2017 03:00:00 PM,53,16,37
12/05/2017 02:00:00 PM,35,16,19
12/05/2017 01:00:00 PM,24,9,15
12/05/2017 12:00:00 PM,20,14,6
12/05/2017 11:00:00 AM,19,9,10
12/05/2017 10:00:00 AM,22,12,10
12/05/2017 09:00:00 AM,67,33,34
12/05/2017 08:00:00 AM,94,33,61
12/05/2017 07:00:00 AM,55,25,30
12/05/2017 06:00:00 AM,26,15,11
12/05/2017 05:00:00 AM,17,11,6
12/05/2017 04:00:00 AM,2,1,1
12/05/2017 03:00:00 AM,0,0,0
12/05/2017 02:00:00 AM,1,1,0
12/05/2017 01:00:00 AM,0,0,0
12/05/2017 12:00:00 AM,1,1,0
12/04/2017 11:00:00 PM,4,3,1
12/04/2017 10:00:00 PM,5,1,4
12/04/2017 09:00:00 PM,4,2,2
12/04/2017 08:00:00 PM,10,3,7
12/04/2017 07:00:00 PM,31,13,18
12/04/2017 06:00:00 PM,59,21,38
12/04/2017 05:00:00 PM,128,35,93
12/04/2017 04:00:00 PM,93,33,60
12/04/2017 03:00:00 PM,52,15,37
12/04/2017 02:00:00 PM,21,9,12
12/04/2017 01:00:00 PM,17,7,10
12/04/2017 12:00:00 PM,23,15,8
12/04/2017 11:00:00 AM,14,9,5
12/04/2017 10:00:00 AM,18,6,12
12/04/2017 09:00:00 AM,49,24,25
12/04/2017 08:00:00 AM,101,50,51
12/04/2017 07:00:00 AM,56,32,24
12/04/2017 06:00:00 AM,40,23,17
12/04/2017 05:00:00 AM,8,4,4
12/04/2017 04:00:00 AM,2,2,0
12/04/2017 03:00:00 AM,0,0,0
12/04/2017 02:00:00 AM,1,1,0
12/04/2017 01:00:00 AM,0,0,0
12/04/2017 12:00:00 AM,2,1,1
12/03/2017 11:00:00 PM,8,3,5
12/03/2017 10:00:00 PM,4,2,2
12/03/2017 09:00:00 PM,19,10,9
12/03/2017 08:00:00 PM,12,9,3
12/03/2017 07:00:00 PM,6,3,3
12/03/2017 06:00:00 PM,13,4,9
12/03/2017 05:00:00 PM,12,4,8
12/03/2017 04:00:00 PM,27,9,18
12/03/2017 03:00:00 PM,22,8,14
12/03/2017 02:00:00 PM,20,8,12
12/03/2017 01:00:00 PM,28,13,15
12/03/2017 12:00:00 PM,19,10,9
12/03/2017 11:00:00 AM,24,8,16
12/03/2017 10:00:00 AM,14,9,5
12/03/2017 09:00:00 AM,12,4,8
12/03/2017 08:00:00 AM,6,3,3
12/03/2017 07:00:00 AM,3,2,1
12/03/2017 06:00:00 AM,0,0,0
12/03/2017 05:00:00 AM,1,0,1
12/03/2017 04:00:00 AM,0,0,0
12/03/2017 03:00:00 AM,1,0,1
12/03/2017 02:00:00 AM,2,1,1
12/03/2017 01:00:00 AM,0,0,0
12/03/2017 12:00:00 AM,0,0,0
12/02/2017 11:00:00 PM,4,2,2
12/02/2017 10:00:00 PM,2,1,1
12/02/2017 09:00:00 PM,1,1,0
12/02/2017 08:00:00 PM,0,0,0
12/02/2017 07:00:00 PM,1,0,1
12/02/2017 06:00:00 PM,8,2,6
12/02/2017 05:00:00 PM,3,1,2
12/02/2017 04:00:00 PM,6,3,3
12/02/2017 03:00:00 PM,7,2,5
12/02/2017 02:00:00 PM,15,10,5
12/02/2017 01:00:00 PM,2,2,0
12/02/2017 12:00:00 PM,6,3,3
12/02/2017 11:00:00 AM,1,0,1
12/02/2017 10:00:00 AM,7,3,4
12/02/2017 09:00:00 AM,6,3,3
12/02/2017 08:00:00 AM,5,5,0
12/02/2017 07:00:00 AM,2,2,0
12/02/2017 06:00:00 AM,1,0,1
12/02/2017 05:00:00 AM,2,1,1
12/02/2017 04:00:00 AM,0,0,0
12/02/2017 03:00:00 AM,0,0,0
12/02/2017 02:00:00 AM,2,0,2
12/02/2017 01:00:00 AM,1,0,1
12/02/2017 12:00:00 AM,4,1,3
12/01/2017 11:00:00 PM,3,0,3
12/01/2017 10:00:00 PM,1,1,0
12/01/2017 09:00:00 PM,6,2,4
12/01/2017 08:00:00 PM,12,9,3
12/01/2017 07:00:00 PM,18,5,13
12/01/2017 06:00:00 PM,47,23,24
12/01/2017 05:00:00 PM,79,23,56
12/01/2017 04:00:00 PM,74,27,47
12/01/2017 03:00:00 PM,37,13,24
12/01/2017 02:00:00 PM,22,12,10
12/01/2017 01:00:00 PM,24,11,13
12/01/2017 12:00:00 PM,31,19,12
12/01/2017 11:00:00 AM,31,18,13
12/01/2017 10:00:00 AM,21,6,15
12/01/2017 09:00:00 AM,42,22,20
12/01/2017 08:00:00 AM,72,32,40
12/01/2017 07:00:00 AM,40,18,22
12/01/2017 06:00:00 AM,25,15,10
12/01/2017 05:00:00 AM,7,4,3
12/01/2017 04:00:00 AM,3,3,0
12/01/2017 03:00:00 AM,1,1,0
12/01/2017 02:00:00 AM,2,1,1
12/01/2017 01:00:00 AM,1,1,0
12/01/2017 12:00:00 AM,4,2,2
11/30/2017 11:00:00 PM,4,2,2
11/30/2017 10:00:00 PM,32,22,10
11/30/2017 09:00:00 PM,13,12,1
11/30/2017 08:00:00 PM,10,2,8
11/30/2017 07:00:00 PM,41,12,29
11/30/2017 06:00:00 PM,83,19,64
11/30/2017 05:00:00 PM,108,30,78
11/30/2017 04:00:00 PM,94,32,62
11/30/2017 03:00:00 PM,39,13,26
11/30/2017 02:00:00 PM,19,11,8
11/30/2017 01:00:00 PM,18,9,9
11/30/2017 12:00:00 PM,17,8,9
11/30/2017 11:00:00 AM,27,15,12
11/30/2017 10:00:00 AM,17,10,7
11/30/2017 09:00:00 AM,35,17,18
11/30/2017 08:00:00 AM,58,21,37
11/30/2017 07:00:00 AM,37,24,13
11/30/2017 06:00:00 AM,21,14,7
11/30/2017 05:00:00 AM,10,6,4
11/30/2017 04:00:00 AM,3,1,2
11/30/2017 03:00:00 AM,1,1,0
11/30/2017 02:00:00 AM,0,0,0
11/30/2017 01:00:00 AM,1,1,0
11/30/2017 12:00:00 AM,2,2,0
11/29/2017 11:00:00 PM,5,4,1
11/29/2017 10:00:00 PM,6,2,4
11/29/2017 09:00:00 PM,16,10,6
11/29/2017 08:00:00 PM,13,1,12
11/29/2017 07:00:00 PM,31,10,21
11/29/2017 06:00:00 PM,83,31,52
11/29/2017 05:00:00 PM,118,43,75
11/29/2017 04:00:00 PM,102,33,69
11/29/2017 03:00:00 PM,49,11,38
11/29/2017 02:00:00 PM,37,21,16
11/29/2017 01:00:00 PM,39,26,13
11/29/2017 12:00:00 PM,31,15,16
11/29/2017 11:00:00 AM,15,9,6
11/29/2017 10:00:00 AM,25,8,17
11/29/2017 09:00:00 AM,62,28,34
11/29/2017 08:00:00 AM,88,43,45
11/29/2017 07:00:00 AM,46,23,23
11/29/2017 06:00:00 AM,36,22,14
11/29/2017 05:00:00 AM,9,6,3
11/29/2017 04:00:00 AM,2,1,1
11/29/2017 03:00:00 AM,1,0,1
11/29/2017 02:00:00 AM,1,1,0
11/29/2017 01:00:00 AM,3,2,1
11/29/2017 12:00:00 AM,3,2,1
11/28/2017 11:00:00 PM,2,2,0
11/28/2017 10:00:00 PM,5,3,2
11/28/2017 09:00:00 PM,5,3,2
11/28/2017 08:00:00 PM,10,5,5
11/28/2017 07:00:00 PM,21,6,15
11/28/2017 06:00:00 PM,60,26,34
11/28/2017 05:00:00 PM,103,30,73
11/28/2017 04:00:00 PM,76,20,56
11/28/2017 03:00:00 PM,25,8,17
11/28/2017 02:00:00 PM,16,4,12
11/28/2017 01:00:00 PM,8,6,2
11/28/2017 12:00:00 PM,10,6,4
11/28/2017 11:00:00 AM,15,5,10
11/28/2017 10:00:00 AM,12,7,5
11/28/2017 09:00:00 AM,46,26,20
11/28/2017 08:00:00 AM,83,35,48
11/28/2017 07:00:00 AM,38,18,20
11/28/2017 06:00:00 AM,26,11,15
11/28/2017 05:00:00 AM,10,7,3
11/28/2017 04:00:00 AM,3,2,1
11/28/2017 03:00:00 AM,0,0,0
11/28/2017 02:00:00 AM,2,1,1
11/28/2017 01:00:00 AM,1,0,1
11/28/2017 12:00:00 AM,1,0,1
11/27/2017 11:00:00 PM,1,1,0
11/27/2017 10:00:00 PM,2,1,1
11/27/2017 09:00:00 PM,2,1,1
11/27/2017 08:00:00 PM,14,6,8
11/27/2017 07:00:00 PM,29,8,21
11/27/2017 06:00:00 PM,68,27,41
11/27/2017 05:00:00 PM,131,35,96
11/27/2017 04:00:00 PM,115,31,84
11/27/2017 03:00:00 PM,49,16,33
11/27/2017 02:00:00 PM,30,14,16
11/27/2017 01:00:00 PM,21,13,8
11/27/2017 12:00:00 PM,22,10,12
11/27/2017 11:00:00 AM,21,10,11
11/27/2017 10:00:00 AM,21,10,11
11/27/2017 09:00:00 AM,61,32,29
11/27/2017 08:00:00 AM,108,51,57
11/27/2017 07:00:00 AM,58,30,28
11/27/2017 06:00:00 AM,35,22,13
11/27/2017 05:00:00 AM,7,4,3
11/27/2017 04:00:00 AM,1,1,0
11/27/2017 03:00:00 AM,1,0,1
11/27/2017 02:00:00 AM,0,0,0
11/27/2017 01:00:00 AM,0,0,0
11/27/2017 12:00:00 AM,0,0,0
11/26/2017 11:00:00 PM,2,0,2
11/26/2017 10:00:00 PM,0,0,0
11/26/2017 09:00:00 PM,3,2,1
11/26/2017 08:00:00 PM,3,1,2
11/26/2017 07:00:00 PM,3,1,2
11/26/2017 06:00:00 PM,6,1,5
11/26/2017 05:00:00 PM,8,4,4
11/26/2017 04:00:00 PM,10,7,3
11/26/2017 03:00:00 PM,4,1,3
11/26/2017 02:00:00 PM,7,4,3
11/26/2017 01:00:00 PM,2,2,0
11/26/2017 12:00:00 PM,3,1,2
11/26/2017 11:00:00 AM,2,0,2
11/26/2017 10:00:00 AM,12,10,2
11/26/2017 09:00:00 AM,3,1,2
11/26/2017 08:00:00 AM,3,2,1
11/26/2017 07:00:00 AM,2,1,1
11/26/2017 06:00:00 AM,0,0,0
11/26/2017 05:00:00 AM,1,0,1
11/26/2017 04:00:00 AM,1,0,1
11/26/2017 03:00:00 AM,2,1,1
11/26/2017 02:00:00 AM,1,0,1
11/26/2017 01:00:00 AM,1,0,1
11/26/2017 12:00:00 AM,1,1,0
11/25/2017 11:00:00 PM,1,0,1
11/25/2017 10:00:00 PM,2,0,2
11/25/2017 09:00:00 PM,1,0,1
11/25/2017 08:00:00 PM,0,0,0
11/25/2017 07:00:00 PM,5,1,4
11/25/2017 06:00:00 PM,10,5,5
11/25/2017 05:00:00 PM,2,1,1
11/25/2017 04:00:00 PM,13,9,4
11/25/2017 03:00:00 PM,15,4,11
11/25/2017 02:00:00 PM,12,8,4
11/25/2017 01:00:00 PM,25,13,12
11/25/2017 12:00:00 PM,13,6,7
11/25/2017 11:00:00 AM,8,1,7
11/25/2017 10:00:00 AM,15,10,5
11/25/2017 09:00:00 AM,10,3,7
11/25/2017 08:00:00 AM,9,6,3
11/25/2017 07:00:00 AM,5,3,2
11/25/2017 06:00:00 AM,0,0,0
11/25/2017 05:00:00 AM,3,0,3
11/25/2017 04:00:00 AM,0,0,0
11/25/2017 03:00:00 AM,1,1,0
11/25/2017 02:00:00 AM,0,0,0
11/25/2017 01:00:00 AM,3,1,2
11/25/2017 12:00:00 AM,0,0,0
11/24/2017 11:00:00 PM,7,2,5
11/24/2017 10:00:00 PM,6,3,3
11/24/2017 09:00:00 PM,5,1,4
11/24/2017 08:00:00 PM,4,2,2
11/24/2017 07:00:00 PM,9,4,5
11/24/2017 06:00:00 PM,6,4,2
11/24/2017 05:00:00 PM,14,4,10
11/24/2017 04:00:00 PM,15,7,8
11/24/2017 03:00:00 PM,16,6,10
11/24/2017 02:00:00 PM,22,14,8
11/24/2017 01:00:00 PM,13,8,5
11/24/2017 12:00:00 PM,15,7,8
11/24/2017 11:00:00 AM,15,11,4
11/24/2017 10:00:00 AM,11,9,2
11/24/2017 09:00:00 AM,8,6,2
11/24/2017 08:00:00 AM,12,7,5
11/24/2017 07:00:00 AM,9,5,4
11/24/2017 06:00:00 AM,4,1,3
11/24/2017 05:00:00 AM,1,1,0
11/24/2017 04:00:00 AM,1,1,0
11/24/2017 03:00:00 AM,0,0,0
11/24/2017 02:00:00 AM,3,2,1
11/24/2017 01:00:00 AM,3,1,2
11/24/2017 12:00:00 AM,0,0,0
11/23/2017 11:00:00 PM,3,2,1
11/23/2017 10:00:00 PM,0,0,0
11/23/2017 09:00:00 PM,10,4,6
11/23/2017 08:00:00 PM,4,3,1
11/23/2017 07:00:00 PM,1,1,0
11/23/2017 06:00:00 PM,1,1,0
11/23/2017 05:00:00 PM,5,5,0
11/23/2017 04:00:00 PM,3,2,1
11/23/2017 03:00:00 PM,8,5,3
11/23/2017 02:00:00 PM,1,1,0
11/23/2017 01:00:00 PM,4,3,1
11/23/2017 12:00:00 PM,8,3,5
11/23/2017 11:00:00 AM,3,3,0
11/23/2017 10:00:00 AM,5,1,4
11/23/2017 09:00:00 AM,1,1,0
11/23/2017 08:00:00 AM,6,3,3
11/23/2017 07:00:00 AM,3,3,0
11/23/2017 06:00:00 AM,2,1,1
11/23/2017 05:00:00 AM,0,0,0
11/23/2017 04:00:00 AM,0,0,0
11/23/2017 03:00:00 AM,3,2,1
11/23/2017 02:00:00 AM,2,2,0
11/23/2017 01:00:00 AM,3,2,1
11/23/2017 12:00:00 AM,0,0,0
11/22/2017 11:00:00 PM,3,1,2
11/22/2017 10:00:00 PM,1,0,1
11/22/2017 09:00:00 PM,2,2,0
11/22/2017 08:00:00 PM,13,6,7
11/22/2017 07:00:00 PM,16,3,13
11/22/2017 06:00:00 PM,31,14,17
11/22/2017 05:00:00 PM,51,23,28
11/22/2017 04:00:00 PM,69,22,47
11/22/2017 03:00:00 PM,53,16,37
11/22/2017 02:00:00 PM,36,12,24
11/22/2017 01:00:00 PM,21,14,7
11/22/2017 12:00:00 PM,20,8,12
11/22/2017 11:00:00 AM,20,10,10
11/22/2017 10:00:00 AM,17,9,8
11/22/2017 09:00:00 AM,31,15,16
11/22/2017 08:00:00 AM,48,24,24
11/22/2017 07:00:00 AM,30,17,13
11/22/2017 06:00:00 AM,20,12,8
11/22/2017 05:00:00 AM,6,4,2
11/22/2017 04:00:00 AM,2,1,1
11/22/2017 03:00:00 AM,1,0,1
11/22/2017 02:00:00 AM,2,1,1
11/22/2017 01:00:00 AM,1,1,0
11/22/2017 12:00:00 AM,2,0,2
11/21/2017 11:00:00 PM,2,2,0
11/21/2017 10:00:00 PM,3,2,1
11/21/2017 09:00:00 PM,2,1,1
11/21/2017 08:00:00 PM,4,2,2
11/21/2017 07:00:00 PM,10,5,5
11/21/2017 06:00:00 PM,27,13,14
11/21/2017 05:00:00 PM,84,27,57
11/21/2017 04:00:00 PM,53,16,37
11/21/2017 03:00:00 PM,33,9,24
11/21/2017 02:00:00 PM,18,6,12
11/21/2017 01:00:00 PM,15,8,7
11/21/2017 12:00:00 PM,11,5,6
11/21/2017 11:00:00 AM,13,5,8
11/21/2017 10:00:00 AM,18,9,9
11/21/2017 09:00:00 AM,35,17,18
11/21/2017 08:00:00 AM,51,23,28
11/21/2017 07:00:00 AM,30,16,14
11/21/2017 06:00:00 AM,18,11,7
11/21/2017 05:00:00 AM,8,5,3
11/21/2017 04:00:00 AM,1,1,0
11/21/2017 03:00:00 AM,0,0,0
11/21/2017 02:00:00 AM,1,1,0
11/21/2017 01:00:00 AM,2,2,0
11/21/2017 12:00:00 AM,1,1,0
11/20/2017 11:00:00 PM,3,2,1
11/20/2017 10:00:00 PM,3,1,2
11/20/2017 09:00:00 PM,35,21,14
11/20/2017 08:00:00 PM,15,5,10
11/20/2017 07:00:00 PM,16,6,10
11/20/2017 06:00:00 PM,46,16,30
11/20/2017 05:00:00 PM,95,24,71
11/20/2017 04:00:00 PM,105,30,75
11/20/2017 03:00:00 PM,39,13,26
11/20/2017 02:00:00 PM,30,8,22
11/20/2017 01:00:00 PM,19,13,6
11/20/2017 12:00:00 PM,18,9,9
11/20/2017 11:00:00 AM,17,10,7
11/20/2017 10:00:00 AM,24,9,15
11/20/2017 09:00:00 AM,34,23,11
11/20/2017 08:00:00 AM,47,21,26
11/20/2017 07:00:00 AM,27,16,11
11/20/2017 06:00:00 AM,23,13,10
11/20/2017 05:00:00 AM,10,7,3
11/20/2017 04:00:00 AM,2,1,1
11/20/2017 03:00:00 AM,0,0,0
11/20/2017 02:00:00 AM,1,1,0
11/20/2017 01:00:00 AM,0,0,0
11/20/2017 12:00:00 AM,1,1,0
11/19/2017 11:00:00 PM,0,0,0
11/19/2017 10:00:00 PM,0,0,0
11/19/2017 09:00:00 PM,0,0,0
11/19/2017 08:00:00 PM,1,1,0
11/19/2017 07:00:00 PM,2,1,1
11/19/2017 06:00:00 PM,4,2,2
11/19/2017 05:00:00 PM,2,1,1
11/19/2017 04:00:00 PM,8,3,5
11/19/2017 03:00:00 PM,8,4,4
11/19/2017 02:00:00 PM,5,3,2
11/19/2017 01:00:00 PM,10,8,2
11/19/2017 12:00:00 PM,4,3,1
11/19/2017 11:00:00 AM,8,5,3
11/19/2017 10:00:00 AM,5,4,1
11/19/2017 09:00:00 AM,6,2,4
11/19/2017 08:00:00 AM,6,2,4
11/19/2017 07:00:00 AM,3,1,2
11/19/2017 06:00:00 AM,1,0,1
11/19/2017 05:00:00 AM,2,0,2
11/19/2017 04:00:00 AM,0,0,0
11/19/2017 03:00:00 AM,0,0,0
11/19/2017 02:00:00 AM,1,0,1
11/19/2017 01:00:00 AM,6,3,3
11/19/2017 12:00:00 AM,3,1,2
11/18/2017 11:00:00 PM,2,2,0
11/18/2017 10:00:00 PM,4,2,2
11/18/2017 09:00:00 PM,2,1,1
11/18/2017 08:00:00 PM,8,4,4
11/18/2017 07:00:00 PM,10,2,8
11/18/2017 06:00:00 PM,15,5,10
11/18/2017 05:00:00 PM,14,9,5
11/18/2017 04:00:00 PM,22,14,8
11/18/2017 03:00:00 PM,27,13,14
11/18/2017 02:00:00 PM,26,13,13
11/18/2017 01:00:00 PM,26,9,17
11/18/2017 12:00:00 PM,26,10,16
11/18/2017 11:00:00 AM,39,26,13
11/18/2017 10:00:00 AM,32,5,27
11/18/2017 09:00:00 AM,18,7,11
11/18/2017 08:00:00 AM,10,6,4
11/18/2017 07:00:00 AM,6,3,3
11/18/2017 06:00:00 AM,3,1,2
11/18/2017 05:00:00 AM,4,2,2
11/18/2017 04:00:00 AM,0,0,0
11/18/2017 03:00:00 AM,1,0,1
11/18/2017 02:00:00 AM,1,1,0
11/18/2017 01:00:00 AM,0,0,0
11/18/2017 12:00:00 AM,1,1,0
11/17/2017 11:00:00 PM,7,2,5
11/17/2017 10:00:00 PM,5,0,5
11/17/2017 09:00:00 PM,5,3,2
11/17/2017 08:00:00 PM,11,8,3
11/17/2017 07:00:00 PM,27,11,16
11/17/2017 06:00:00 PM,43,15,28
11/17/2017 05:00:00 PM,104,43,61
11/17/2017 04:00:00 PM,87,29,58
11/17/2017 03:00:00 PM,58,16,42
11/17/2017 02:00:00 PM,38,17,21
11/17/2017 01:00:00 PM,27,9,18
11/17/2017 12:00:00 PM,27,15,12
11/17/2017 11:00:00 AM,25,14,11
11/17/2017 10:00:00 AM,30,18,12
11/17/2017 09:00:00 AM,47,23,24
11/17/2017 08:00:00 AM,95,44,51
11/17/2017 07:00:00 AM,47,25,22
11/17/2017 06:00:00 AM,20,12,8
11/17/2017 05:00:00 AM,12,6,6
11/17/2017 04:00:00 AM,1,1,0
11/17/2017 03:00:00 AM,0,0,0
11/17/2017 02:00:00 AM,1,0,1
11/17/2017 01:00:00 AM,1,1,0
11/17/2017 12:00:00 AM,2,2,0
11/16/2017 11:00:00 PM,2,1,1
11/16/2017 10:00:00 PM,4,3,1
11/16/2017 09:00:00 PM,6,3,3
11/16/2017 08:00:00 PM,5,3,2
11/16/2017 07:00:00 PM,26,13,13
11/16/2017 06:00:00 PM,67,21,46
11/16/2017 05:00:00 PM,117,37,80
11/16/2017 04:00:00 PM,72,23,49
11/16/2017 03:00:00 PM,43,15,28
11/16/2017 02:00:00 PM,14,9,5
11/16/2017 01:00:00 PM,15,11,4
11/16/2017 12:00:00 PM,17,9,8
11/16/2017 11:00:00 AM,30,17,13
11/16/2017 10:00:00 AM,31,15,16
11/16/2017 09:00:00 AM,50,19,31
11/16/2017 08:00:00 AM,87,40,47
11/16/2017 07:00:00 AM,36,17,19
11/16/2017 06:00:00 AM,21,12,9
11/16/2017 05:00:00 AM,12,7,5
11/16/2017 04:00:00 AM,2,1,1
11/16/2017 03:00:00 AM,1,1,0
11/16/2017 02:00:00 AM,0,0,0
11/16/2017 01:00:00 AM,0,0,0
11/16/2017 12:00:00 AM,3,1,2
11/15/2017 11:00:00 PM,2,1,1
11/15/2017 10:00:00 PM,7,3,4
11/15/2017 09:00:00 PM,5,2,3
11/15/2017 08:00:00 PM,8,5,3
11/15/2017 07:00:00 PM,19,12,7
11/15/2017 06:00:00 PM,55,24,31
11/15/2017 05:00:00 PM,99,34,65
11/15/2017 04:00:00 PM,71,17,54
11/15/2017 03:00:00 PM,38,10,28
11/15/2017 02:00:00 PM,18,6,12
11/15/2017 01:00:00 PM,23,9,14
11/15/2017 12:00:00 PM,19,12,7
11/15/2017 11:00:00 AM,19,7,12
11/15/2017 10:00:00 AM,13,6,7
11/15/2017 09:00:00 AM,39,21,18
11/15/2017 08:00:00 AM,63,27,36
11/15/2017 07:00:00 AM,43,21,22
11/15/2017 06:00:00 AM,25,13,12
11/15/2017 05:00:00 AM,9,6,3
11/15/2017 04:00:00 AM,2,1,1
11/15/2017 03:00:00 AM,0,0,0
11/15/2017 02:00:00 AM,1,1,0
11/15/2017 01:00:00 AM,0,0,0
11/15/2017 12:00:00 AM,2,2,0
11/14/2017 11:00:00 PM,1,1,0
11/14/2017 10:00:00 PM,8,3,5
11/14/2017 09:00:00 PM,5,2,3
11/14/2017 08:00:00 PM,2,0,2
11/14/2017 07:00:00 PM,34,17,17
11/14/2017 06:00:00 PM,46,19,27
11/14/2017 05:00:00 PM,109,34,75
11/14/2017 04:00:00 PM,72,27,45
11/14/2017 03:00:00 PM,36,12,24
11/14/2017 02:00:00 PM,25,10,15
11/14/2017 01:00:00 PM,20,11,9
11/14/2017 12:00:00 PM,23,11,12
11/14/2017 11:00:00 AM,25,16,9
11/14/2017 10:00:00 AM,20,6,14
11/14/2017 09:00:00 AM,38,20,18
11/14/2017 08:00:00 AM,75,30,45
11/14/2017 07:00:00 AM,40,24,16
11/14/2017 06:00:00 AM,20,10,10
11/14/2017 05:00:00 AM,10,5,5
11/14/2017 04:00:00 AM,1,0,1
11/14/2017 03:00:00 AM,0,0,0
11/14/2017 02:00:00 AM,3,2,1
11/14/2017 01:00:00 AM,1,1,0
11/14/2017 12:00:00 AM,1,1,0
11/13/2017 11:00:00 PM,3,1,2
11/13/2017 10:00:00 PM,5,0,5
11/13/2017 09:00:00 PM,2,1,1
11/13/2017 08:00:00 PM,6,3,3
11/13/2017 07:00:00 PM,6,3,3
11/13/2017 06:00:00 PM,42,15,27
11/13/2017 05:00:00 PM,57,19,38
11/13/2017 04:00:00 PM,35,12,23
11/13/2017 03:00:00 PM,28,7,21
11/13/2017 02:00:00 PM,21,11,10
11/13/2017 01:00:00 PM,16,9,7
11/13/2017 12:00:00 PM,21,14,7
11/13/2017 11:00:00 AM,16,11,5
11/13/2017 10:00:00 AM,28,10,18
11/13/2017 09:00:00 AM,41,20,21
11/13/2017 08:00:00 AM,72,35,37
11/13/2017 07:00:00 AM,32,19,13
11/13/2017 06:00:00 AM,16,7,9
11/13/2017 05:00:00 AM,5,4,1
11/13/2017 04:00:00 AM,3,2,1
11/13/2017 03:00:00 AM,0,0,0
11/13/2017 02:00:00 AM,1,1,0
11/13/2017 01:00:00 AM,2,1,1
11/13/2017 12:00:00 AM,2,0,2
11/12/2017 11:00:00 PM,0,0,0
11/12/2017 10:00:00 PM,4,1,3
11/12/2017 09:00:00 PM,3,2,1
11/12/2017 08:00:00 PM,0,0,0
11/12/2017 07:00:00 PM,6,2,4
11/12/2017 06:00:00 PM,5,1,4
11/12/2017 05:00:00 PM,6,4,2
11/12/2017 04:00:00 PM,6,2,4
11/12/2017 03:00:00 PM,7,3,4
11/12/2017 02:00:00 PM,6,4,2
11/12/2017 01:00:00 PM,17,11,6
11/12/2017 12:00:00 PM,6,4,2
11/12/2017 11:00:00 AM,12,6,6
11/12/2017 10:00:00 AM,10,6,4
11/12/2017 09:00:00 AM,7,3,4
11/12/2017 08:00:00 AM,6,4,2
11/12/2017 07:00:00 AM,3,2,1
11/12/2017 06:00:00 AM,2,0,2
11/12/2017 05:00:00 AM,1,0,1
11/12/2017 04:00:00 AM,1,0,1
11/12/2017 03:00:00 AM,1,1,0
11/12/2017 02:00:00 AM,2,1,1
11/12/2017 01:00:00 AM,0,0,0
11/12/2017 12:00:00 AM,0,0,0
11/11/2017 11:00:00 PM,1,0,1
11/11/2017 10:00:00 PM,4,2,2
11/11/2017 09:00:00 PM,0,0,0
11/11/2017 08:00:00 PM,1,1,0
11/11/2017 07:00:00 PM,1,1,0
11/11/2017 06:00:00 PM,5,2,3
11/11/2017 05:00:00 PM,6,3,3
11/11/2017 04:00:00 PM,1,0,1
11/11/2017 03:00:00 PM,6,1,5
11/11/2017 02:00:00 PM,15,4,11
11/11/2017 01:00:00 PM,7,3,4
11/11/2017 12:00:00 PM,4,3,1
11/11/2017 11:00:00 AM,5,2,3
11/11/2017 10:00:00 AM,8,4,4
11/11/2017 09:00:00 AM,5,3,2
11/11/2017 08:00:00 AM,6,4,2
11/11/2017 07:00:00 AM,4,3,1
11/11/2017 06:00:00 AM,3,2,1
11/11/2017 05:00:00 AM,3,2,1
11/11/2017 04:00:00 AM,0,0,0
11/11/2017 03:00:00 AM,0,0,0
11/11/2017 02:00:00 AM,0,0,0
11/11/2017 01:00:00 AM,1,0,1
11/11/2017 12:00:00 AM,1,1,0
11/10/2017 11:00:00 PM,6,2,4
11/10/2017 10:00:00 PM,3,1,2
11/10/2017 09:00:00 PM,5,1,4
11/10/2017 08:00:00 PM,7,2,5
11/10/2017 07:00:00 PM,21,5,16
11/10/2017 06:00:00 PM,60,22,38
11/10/2017 05:00:00 PM,97,29,68
11/10/2017 04:00:00 PM,83,25,58
11/10/2017 03:00:00 PM,53,20,33
11/10/2017 02:00:00 PM,34,13,21
11/10/2017 01:00:00 PM,44,23,21
11/10/2017 12:00:00 PM,22,10,12
11/10/2017 11:00:00 AM,29,18,11
11/10/2017 10:00:00 AM,33,15,18
11/10/2017 09:00:00 AM,47,25,22
11/10/2017 08:00:00 AM,60,32,28
11/10/2017 07:00:00 AM,51,31,20
11/10/2017 06:00:00 AM,29,19,10
11/10/2017 05:00:00 AM,12,5,7
11/10/2017 04:00:00 AM,1,0,1
11/10/2017 03:00:00 AM,0,0,0
11/10/2017 02:00:00 AM,1,0,1
11/10/2017 01:00:00 AM,0,0,0
11/10/2017 12:00:00 AM,1,0,1
11/09/2017 11:00:00 PM,6,2,4
11/09/2017 10:00:00 PM,3,1,2
11/09/2017 09:00:00 PM,9,6,3
11/09/2017 08:00:00 PM,10,7,3
11/09/2017 07:00:00 PM,12,5,7
11/09/2017 06:00:00 PM,44,12,32
11/09/2017 05:00:00 PM,80,30,50
11/09/2017 04:00:00 PM,70,23,47
11/09/2017 03:00:00 PM,38,8,30
11/09/2017 02:00:00 PM,16,7,9
11/09/2017 01:00:00 PM,17,6,11
11/09/2017 12:00:00 PM,10,4,6
11/09/2017 11:00:00 AM,17,11,6
11/09/2017 10:00:00 AM,16,9,7
11/09/2017 09:00:00 AM,41,20,21
11/09/2017 08:00:00 AM,64,27,37
11/09/2017 07:00:00 AM,38,22,16
11/09/2017 06:00:00 AM,20,10,10
11/09/2017 05:00:00 AM,10,5,5
11/09/2017 04:00:00 AM,1,0,1
11/09/2017 03:00:00 AM,0,0,0
11/09/2017 02:00:00 AM,1,1,0
11/09/2017 01:00:00 AM,1,1,0
11/09/2017 12:00:00 AM,5,2,3
11/08/2017 11:00:00 PM,0,0,0
11/08/2017 10:00:00 PM,2,0,2
11/08/2017 09:00:00 PM,7,3,4
11/08/2017 08:00:00 PM,8,2,6
11/08/2017 07:00:00 PM,15,5,10
11/08/2017 06:00:00 PM,50,18,32
11/08/2017 05:00:00 PM,102,31,71
11/08/2017 04:00:00 PM,90,24,66
11/08/2017 03:00:00 PM,37,9,28
11/08/2017 02:00:00 PM,28,11,17
11/08/2017 01:00:00 PM,26,13,13
11/08/2017 12:00:00 PM,25,11,14
11/08/2017 11:00:00 AM,24,15,9
11/08/2017 10:00:00 AM,29,17,12
11/08/2017 09:00:00 AM,67,34,33
11/08/2017 08:00:00 AM,94,48,46
11/08/2017 07:00:00 AM,63,32,31
11/08/2017 06:00:00 AM,27,13,14
11/08/2017 05:00:00 AM,9,5,4
11/08/2017 04:00:00 AM,3,0,3
11/08/2017 03:00:00 AM,1,1,0
11/08/2017 02:00:00 AM,1,0,1
11/08/2017 01:00:00 AM,1,0,1
11/08/2017 12:00:00 AM,3,1,2
11/07/2017 11:00:00 PM,7,4,3
11/07/2017 10:00:00 PM,3,3,0
11/07/2017 09:00:00 PM,13,7,6
11/07/2017 08:00:00 PM,7,4,3
11/07/2017 07:00:00 PM,23,11,12
11/07/2017 06:00:00 PM,64,23,41
11/07/2017 05:00:00 PM,145,46,99
11/07/2017 04:00:00 PM,111,29,82
11/07/2017 03:00:00 PM,46,14,32
11/07/2017 02:00:00 PM,22,9,13
11/07/2017 01:00:00 PM,27,16,11
11/07/2017 12:00:00 PM,19,9,10
11/07/2017 11:00:00 AM,16,9,7
11/07/2017 10:00:00 AM,23,14,9
11/07/2017 09:00:00 AM,61,28,33
11/07/2017 08:00:00 AM,83,33,50
11/07/2017 07:00:00 AM,75,34,41
11/07/2017 06:00:00 AM,48,26,22
11/07/2017 05:00:00 AM,1,1,0
11/07/2017 04:00:00 AM,0,0,0
11/07/2017 03:00:00 AM,0,0,0
11/07/2017 02:00:00 AM,2,2,0
11/07/2017 01:00:00 AM,0,0,0
11/07/2017 12:00:00 AM,0,0,0
11/06/2017 11:00:00 PM,3,1,2
11/06/2017 10:00:00 PM,6,4,2
11/06/2017 09:00:00 PM,5,3,2
11/06/2017 08:00:00 PM,11,6,5
11/06/2017 07:00:00 PM,18,8,10
11/06/2017 06:00:00 PM,59,18,41
11/06/2017 05:00:00 PM,128,33,95
11/06/2017 04:00:00 PM,98,30,68
11/06/2017 03:00:00 PM,41,12,29
11/06/2017 02:00:00 PM,32,14,18
11/06/2017 01:00:00 PM,30,15,15
11/06/2017 12:00:00 PM,28,19,9
11/06/2017 11:00:00 AM,26,16,10
11/06/2017 10:00:00 AM,23,14,9
11/06/2017 09:00:00 AM,44,22,22
11/06/2017 08:00:00 AM,96,46,50
11/06/2017 07:00:00 AM,62,29,33
11/06/2017 06:00:00 AM,28,16,12
11/06/2017 05:00:00 AM,14,8,6
11/06/2017 04:00:00 AM,1,0,1
11/06/2017 03:00:00 AM,1,1,0
11/06/2017 02:00:00 AM,0,0,0
11/06/2017 01:00:00 AM,0,0,0
11/06/2017 12:00:00 AM,4,2,2
11/05/2017 11:00:00 PM,0,0,0
11/05/2017 10:00:00 PM,0,0,0
11/05/2017 09:00:00 PM,5,0,5
11/05/2017 08:00:00 PM,5,4,1
11/05/2017 07:00:00 PM,4,1,3
11/05/2017 06:00:00 PM,6,3,3
11/05/2017 05:00:00 PM,21,15,6
11/05/2017 04:00:00 PM,12,10,2
11/05/2017 03:00:00 PM,7,2,5
11/05/2017 02:00:00 PM,3,2,1
11/05/2017 01:00:00 PM,12,4,8
11/05/2017 12:00:00 PM,12,4,8
11/05/2017 11:00:00 AM,8,1,7
11/05/2017 10:00:00 AM,13,7,6
11/05/2017 09:00:00 AM,2,1,1
11/05/2017 08:00:00 AM,6,4,2
11/05/2017 07:00:00 AM,3,1,2
11/05/2017 06:00:00 AM,2,1,1
11/05/2017 05:00:00 AM,1,0,1
11/05/2017 04:00:00 AM,0,0,0
11/05/2017 03:00:00 AM,0,0,0
11/05/2017 02:00:00 AM,0,0,0
11/05/2017 01:00:00 AM,2,2,0
11/05/2017 12:00:00 AM,3,0,3
11/04/2017 11:00:00 PM,3,0,3
11/04/2017 10:00:00 PM,5,2,3
11/04/2017 09:00:00 PM,3,1,2
11/04/2017 08:00:00 PM,2,1,1
11/04/2017 07:00:00 PM,4,2,2
11/04/2017 06:00:00 PM,11,5,6
11/04/2017 05:00:00 PM,9,5,4
11/04/2017 04:00:00 PM,11,3,8
11/04/2017 03:00:00 PM,19,8,11
11/04/2017 02:00:00 PM,18,15,3
11/04/2017 01:00:00 PM,14,5,9
11/04/2017 12:00:00 PM,10,8,2
11/04/2017 11:00:00 AM,13,4,9
11/04/2017 10:00:00 AM,7,3,4
11/04/2017 09:00:00 AM,6,4,2
11/04/2017 08:00:00 AM,5,4,1
11/04/2017 07:00:00 AM,2,1,1
11/04/2017 06:00:00 AM,2,0,2
11/04/2017 05:00:00 AM,2,1,1
11/04/2017 04:00:00 AM,0,0,0
11/04/2017 03:00:00 AM,1,0,1
11/04/2017 02:00:00 AM,1,0,1
11/04/2017 01:00:00 AM,3,2,1
11/04/2017 12:00:00 AM,2,0,2
11/03/2017 11:00:00 PM,1,0,1
11/03/2017 10:00:00 PM,2,0,2
11/03/2017 09:00:00 PM,2,0,2
11/03/2017 08:00:00 PM,1,0,1
11/03/2017 07:00:00 PM,15,7,8
11/03/2017 06:00:00 PM,36,12,24
11/03/2017 05:00:00 PM,82,24,58
11/03/2017 04:00:00 PM,63,20,43
11/03/2017 03:00:00 PM,35,14,21
11/03/2017 02:00:00 PM,17,5,12
11/03/2017 01:00:00 PM,16,9,7
11/03/2017 12:00:00 PM,19,9,10
11/03/2017 11:00:00 AM,21,10,11
11/03/2017 10:00:00 AM,21,10,11
11/03/2017 09:00:00 AM,42,19,23
11/03/2017 08:00:00 AM,66,29,37
11/03/2017 07:00:00 AM,41,22,19
11/03/2017 06:00:00 AM,19,11,8
11/03/2017 05:00:00 AM,4,3,1
11/03/2017 04:00:00 AM,1,1,0
11/03/2017 03:00:00 AM,1,0,1
11/03/2017 02:00:00 AM,1,1,0
11/03/2017 01:00:00 AM,1,1,0
11/03/2017 12:00:00 AM,4,2,2
11/02/2017 11:00:00 PM,7,3,4
11/02/2017 10:00:00 PM,14,12,2
11/02/2017 09:00:00 PM,20,11,9
11/02/2017 08:00:00 PM,17,12,5
11/02/2017 07:00:00 PM,42,11,31
11/02/2017 06:00:00 PM,77,16,61
11/02/2017 05:00:00 PM,148,33,115
11/02/2017 04:00:00 PM,77,24,53
11/02/2017 03:00:00 PM,33,10,23
11/02/2017 02:00:00 PM,34,11,23
11/02/2017 01:00:00 PM,23,8,15
11/02/2017 12:00:00 PM,21,11,10
11/02/2017 11:00:00 AM,27,18,9
11/02/2017 10:00:00 AM,24,9,15
11/02/2017 09:00:00 AM,52,24,28
11/02/2017 08:00:00 AM,89,39,50
11/02/2017 07:00:00 AM,45,21,24
11/02/2017 06:00:00 AM,25,17,8
11/02/2017 05:00:00 AM,9,5,4
11/02/2017 04:00:00 AM,1,0,1
11/02/2017 03:00:00 AM,3,1,2
11/02/2017 02:00:00 AM,0,0,0
11/02/2017 01:00:00 AM,0,0,0
11/02/2017 12:00:00 AM,2,2,0
11/01/2017 11:00:00 PM,7,3,4
11/01/2017 10:00:00 PM,4,0,4
11/01/2017 09:00:00 PM,6,5,1
11/01/2017 08:00:00 PM,13,4,9
11/01/2017 07:00:00 PM,28,14,14
11/01/2017 06:00:00 PM,61,19,42
11/01/2017 05:00:00 PM,144,46,98
11/01/2017 04:00:00 PM,76,21,55
11/01/2017 03:00:00 PM,48,13,35
11/01/2017 02:00:00 PM,33,16,17
11/01/2017 01:00:00 PM,16,11,5
11/01/2017 12:00:00 PM,17,8,9
11/01/2017 11:00:00 AM,31,17,14
11/01/2017 10:00:00 AM,23,7,16
11/01/2017 09:00:00 AM,65,28,37
11/01/2017 08:00:00 AM,99,56,43
11/01/2017 07:00:00 AM,58,28,30
11/01/2017 06:00:00 AM,33,20,13
11/01/2017 05:00:00 AM,9,7,2
11/01/2017 04:00:00 AM,2,1,1
11/01/2017 03:00:00 AM,2,1,1
11/01/2017 02:00:00 AM,3,1,2
11/01/2017 01:00:00 AM,4,2,2
11/01/2017 12:00:00 AM,3,3,0
10/31/2017 11:00:00 PM,3,1,2
10/31/2017 10:00:00 PM,9,3,6
10/31/2017 09:00:00 PM,7,7,0
10/31/2017 08:00:00 PM,9,4,5
10/31/2017 07:00:00 PM,25,8,17
10/31/2017 06:00:00 PM,51,19,32
10/31/2017 05:00:00 PM,158,52,106
10/31/2017 04:00:00 PM,159,54,105
10/31/2017 03:00:00 PM,63,18,45
10/31/2017 02:00:00 PM,36,18,18
10/31/2017 01:00:00 PM,15,5,10
10/31/2017 12:00:00 PM,16,11,5
10/31/2017 11:00:00 AM,16,10,6
10/31/2017 10:00:00 AM,29,18,11
10/31/2017 09:00:00 AM,65,32,33
10/31/2017 08:00:00 AM,126,54,72
10/31/2017 07:00:00 AM,78,41,37
10/31/2017 06:00:00 AM,33,21,12
10/31/2017 05:00:00 AM,15,9,6
10/31/2017 04:00:00 AM,2,1,1
10/31/2017 03:00:00 AM,1,1,0
10/31/2017 02:00:00 AM,0,0,0
10/31/2017 01:00:00 AM,2,1,1
10/31/2017 12:00:00 AM,1,0,1
10/30/2017 11:00:00 PM,2,0,2
10/30/2017 10:00:00 PM,5,1,4
10/30/2017 09:00:00 PM,7,3,4
10/30/2017 08:00:00 PM,17,9,8
10/30/2017 07:00:00 PM,28,11,17
10/30/2017 06:00:00 PM,69,20,49
10/30/2017 05:00:00 PM,164,60,104
10/30/2017 04:00:00 PM,117,35,82
10/30/2017 03:00:00 PM,71,17,54
10/30/2017 02:00:00 PM,28,13,15
10/30/2017 01:00:00 PM,19,7,12
10/30/2017 12:00:00 PM,9,6,3
10/30/2017 11:00:00 AM,26,16,10
10/30/2017 10:00:00 AM,28,14,14
10/30/2017 09:00:00 AM,77,35,42
10/30/2017 08:00:00 AM,122,65,57
10/30/2017 07:00:00 AM,79,37,42
10/30/2017 06:00:00 AM,26,14,12
10/30/2017 05:00:00 AM,12,8,4
10/30/2017 04:00:00 AM,3,2,1
10/30/2017 03:00:00 AM,1,1,0
10/30/2017 02:00:00 AM,2,0,2
10/30/2017 01:00:00 AM,1,0,1
10/30/2017 12:00:00 AM,3,0,3
10/29/2017 11:00:00 PM,0,0,0
10/29/2017 10:00:00 PM,0,0,0
10/29/2017 09:00:00 PM,6,3,3
10/29/2017 08:00:00 PM,7,3,4
10/29/2017 07:00:00 PM,11,7,4
10/29/2017 06:00:00 PM,10,6,4
10/29/2017 05:00:00 PM,28,14,14
10/29/2017 04:00:00 PM,35,24,11
10/29/2017 03:00:00 PM,13,5,8
10/29/2017 02:00:00 PM,10,4,6
10/29/2017 01:00:00 PM,16,7,9
10/29/2017 12:00:00 PM,27,5,22
10/29/2017 11:00:00 AM,16,4,12
10/29/2017 10:00:00 AM,12,9,3
10/29/2017 09:00:00 AM,4,1,3
10/29/2017 08:00:00 AM,8,5,3
10/29/2017 07:00:00 AM,5,1,4
10/29/2017 06:00:00 AM,3,3,0
10/29/2017 05:00:00 AM,2,1,1
10/29/2017 04:00:00 AM,1,1,0
10/29/2017 03:00:00 AM,1,1,0
10/29/2017 02:00:00 AM,1,1,0
10/29/2017 01:00:00 AM,3,1,2
10/29/2017 12:00:00 AM,2,0,2
10/28/2017 11:00:00 PM,9,3,6
10/28/2017 10:00:00 PM,5,2,3
10/28/2017 09:00:00 PM,12,6,6
10/28/2017 08:00:00 PM,4,2,2
10/28/2017 07:00:00 PM,12,5,7
10/28/2017 06:00:00 PM,14,9,5
10/28/2017 05:00:00 PM,15,7,8
10/28/2017 04:00:00 PM,21,12,9
10/28/2017 03:00:00 PM,20,10,10
10/28/2017 02:00:00 PM,29,12,17
10/28/2017 01:00:00 PM,21,11,10
10/28/2017 12:00:00 PM,26,16,10
10/28/2017 11:00:00 AM,17,9,8
10/28/2017 10:00:00 AM,22,9,13
10/28/2017 09:00:00 AM,7,2,5
10/28/2017 08:00:00 AM,13,10,3
10/28/2017 07:00:00 AM,6,5,1
10/28/2017 06:00:00 AM,2,1,1
10/28/2017 05:00:00 AM,5,2,3
10/28/2017 04:00:00 AM,1,0,1
10/28/2017 03:00:00 AM,1,1,0
10/28/2017 02:00:00 AM,9,7,2
10/28/2017 01:00:00 AM,2,1,1
10/28/2017 12:00:00 AM,1,0,1
10/27/2017 11:00:00 PM,4,2,2
10/27/2017 10:00:00 PM,7,3,4
10/27/2017 09:00:00 PM,10,4,6
10/27/2017 08:00:00 PM,16,7,9
10/27/2017 07:00:00 PM,22,10,12
10/27/2017 06:00:00 PM,71,26,45
10/27/2017 05:00:00 PM,136,54,82
10/27/2017 04:00:00 PM,116,32,84
10/27/2017 03:00:00 PM,87,31,56
10/27/2017 02:00:00 PM,43,15,28
10/27/2017 01:00:00 PM,38,15,23
10/27/2017 12:00:00 PM,41,21,20
10/27/2017 11:00:00 AM,36,19,17
10/27/2017 10:00:00 AM,28,14,14
10/27/2017 09:00:00 AM,64,33,31
10/27/2017 08:00:00 AM,92,42,50
10/27/2017 07:00:00 AM,58,31,27
10/27/2017 06:00:00 AM,28,19,9
10/27/2017 05:00:00 AM,13,10,3
10/27/2017 04:00:00 AM,0,0,0
10/27/2017 03:00:00 AM,2,1,1
10/27/2017 02:00:00 AM,0,0,0
10/27/2017 01:00:00 AM,3,2,1
10/27/2017 12:00:00 AM,0,0,0
10/26/2017 11:00:00 PM,2,1,1
10/26/2017 10:00:00 PM,6,1,5
10/26/2017 09:00:00 PM,12,4,8
10/26/2017 08:00:00 PM,25,14,11
10/26/2017 07:00:00 PM,28,14,14
10/26/2017 06:00:00 PM,97,34,63
10/26/2017 05:00:00 PM,150,53,97
10/26/2017 04:00:00 PM,125,31,94
10/26/2017 03:00:00 PM,47,13,34
10/26/2017 02:00:00 PM,36,20,16
10/26/2017 01:00:00 PM,30,14,16
10/26/2017 12:00:00 PM,37,21,16
10/26/2017 11:00:00 AM,25,15,10
10/26/2017 10:00:00 AM,31,18,13
10/26/2017 09:00:00 AM,65,26,39
10/26/2017 08:00:00 AM,113,52,61
10/26/2017 07:00:00 AM,73,38,35
10/26/2017 06:00:00 AM,44,26,18
10/26/2017 05:00:00 AM,10,6,4
10/26/2017 04:00:00 AM,2,0,2
10/26/2017 03:00:00 AM,1,1,0
10/26/2017 02:00:00 AM,0,0,0
10/26/2017 01:00:00 AM,2,1,1
10/26/2017 12:00:00 AM,3,1,2
10/25/2017 11:00:00 PM,6,3,3
10/25/2017 10:00:00 PM,3,3,0
10/25/2017 09:00:00 PM,15,3,12
10/25/2017 08:00:00 PM,12,4,8
10/25/2017 07:00:00 PM,22,8,14
10/25/2017 06:00:00 PM,75,30,45
10/25/2017 05:00:00 PM,161,49,112
10/25/2017 04:00:00 PM,125,44,81
10/25/2017 03:00:00 PM,65,18,47
10/25/2017 02:00:00 PM,41,22,19
10/25/2017 01:00:00 PM,29,13,16
10/25/2017 12:00:00 PM,28,12,16
10/25/2017 11:00:00 AM,24,15,9
10/25/2017 10:00:00 AM,30,13,17
10/25/2017 09:00:00 AM,67,26,41
10/25/2017 08:00:00 AM,125,54,71
10/25/2017 07:00:00 AM,69,40,29
10/25/2017 06:00:00 AM,39,19,20
10/25/2017 05:00:00 AM,12,9,3
10/25/2017 04:00:00 AM,1,1,0
10/25/2017 03:00:00 AM,1,1,0
10/25/2017 02:00:00 AM,0,0,0
10/25/2017 01:00:00 AM,1,1,0
10/25/2017 12:00:00 AM,2,0,2
10/24/2017 11:00:00 PM,4,3,1
10/24/2017 10:00:00 PM,5,5,0
10/24/2017 09:00:00 PM,10,2,8
10/24/2017 08:00:00 PM,15,4,11
10/24/2017 07:00:00 PM,38,14,24
10/24/2017 06:00:00 PM,76,27,49
10/24/2017 05:00:00 PM,189,62,127
10/24/2017 04:00:00 PM,138,41,97
10/24/2017 03:00:00 PM,60,26,34
10/24/2017 02:00:00 PM,31,14,17
10/24/2017 01:00:00 PM,32,13,19
10/24/2017 12:00:00 PM,33,15,18
10/24/2017 11:00:00 AM,36,16,20
10/24/2017 10:00:00 AM,26,15,11
10/24/2017 09:00:00 AM,81,33,48
10/24/2017 08:00:00 AM,146,56,90
10/24/2017 07:00:00 AM,80,44,36
10/24/2017 06:00:00 AM,41,23,18
10/24/2017 05:00:00 AM,9,8,1
10/24/2017 04:00:00 AM,1,0,1
10/24/2017 03:00:00 AM,1,1,0
10/24/2017 02:00:00 AM,0,0,0
10/24/2017 01:00:00 AM,1,1,0
10/24/2017 12:00:00 AM,3,2,1
10/23/2017 11:00:00 PM,5,4,1
10/23/2017 10:00:00 PM,3,0,3
10/23/2017 09:00:00 PM,10,3,7
10/23/2017 08:00:00 PM,16,8,8
10/23/2017 07:00:00 PM,25,10,15
10/23/2017 06:00:00 PM,77,30,47
10/23/2017 05:00:00 PM,163,48,115
10/23/2017 04:00:00 PM,130,40,90
10/23/2017 03:00:00 PM,53,20,33
10/23/2017 02:00:00 PM,31,12,19
10/23/2017 01:00:00 PM,31,19,12
10/23/2017 12:00:00 PM,33,16,17
10/23/2017 11:00:00 AM,26,19,7
10/23/2017 10:00:00 AM,32,19,13
10/23/2017 09:00:00 AM,67,29,38
10/23/2017 08:00:00 AM,126,55,71
10/23/2017 07:00:00 AM,69,31,38
10/23/2017 06:00:00 AM,34,17,17
10/23/2017 05:00:00 AM,9,8,1
10/23/2017 04:00:00 AM,1,1,0
10/23/2017 03:00:00 AM,0,0,0
10/23/2017 02:00:00 AM,0,0,0
10/23/2017 01:00:00 AM,1,1,0
10/23/2017 12:00:00 AM,2,1,1
10/22/2017 11:00:00 PM,7,2,5
10/22/2017 10:00:00 PM,1,1,0
10/22/2017 09:00:00 PM,9,5,4
10/22/2017 08:00:00 PM,6,2,4
10/22/2017 07:00:00 PM,7,4,3
10/22/2017 06:00:00 PM,9,6,3
10/22/2017 05:00:00 PM,24,14,10
10/22/2017 04:00:00 PM,13,6,7
10/22/2017 03:00:00 PM,30,16,14
10/22/2017 02:00:00 PM,19,11,8
10/22/2017 01:00:00 PM,24,4,20
10/22/2017 12:00:00 PM,40,11,29
10/22/2017 11:00:00 AM,19,9,10
10/22/2017 10:00:00 AM,12,7,5
10/22/2017 09:00:00 AM,5,0,5
10/22/2017 08:00:00 AM,8,3,5
10/22/2017 07:00:00 AM,2,1,1
10/22/2017 06:00:00 AM,2,1,1
10/22/2017 05:00:00 AM,2,1,1
10/22/2017 04:00:00 AM,0,0,0
10/22/2017 03:00:00 AM,2,1,1
10/22/2017 02:00:00 AM,0,0,0
10/22/2017 01:00:00 AM,0,0,0
10/22/2017 12:00:00 AM,1,1,0
10/21/2017 11:00:00 PM,1,0,1
10/21/2017 10:00:00 PM,4,1,3
10/21/2017 09:00:00 PM,3,3,0
10/21/2017 08:00:00 PM,3,1,2
10/21/2017 07:00:00 PM,8,2,6
10/21/2017 06:00:00 PM,9,3,6
10/21/2017 05:00:00 PM,4,2,2
10/21/2017 04:00:00 PM,5,2,3
10/21/2017 03:00:00 PM,9,6,3
10/21/2017 02:00:00 PM,5,3,2
10/21/2017 01:00:00 PM,4,2,2
10/21/2017 12:00:00 PM,6,3,3
10/21/2017 11:00:00 AM,10,6,4
10/21/2017 10:00:00 AM,6,3,3
10/21/2017 09:00:00 AM,8,3,5
10/21/2017 08:00:00 AM,4,4,0
10/21/2017 07:00:00 AM,3,2,1
10/21/2017 06:00:00 AM,1,0,1
10/21/2017 05:00:00 AM,2,2,0
10/21/2017 04:00:00 AM,1,0,1
10/21/2017 03:00:00 AM,2,0,2
10/21/2017 02:00:00 AM,2,0,2
10/21/2017 01:00:00 AM,2,2,0
10/21/2017 12:00:00 AM,1,1,0
10/20/2017 11:00:00 PM,5,3,2
10/20/2017 10:00:00 PM,5,2,3
10/20/2017 09:00:00 PM,4,1,3
10/20/2017 08:00:00 PM,8,2,6
10/20/2017 07:00:00 PM,28,9,19
10/20/2017 06:00:00 PM,52,20,32
10/20/2017 05:00:00 PM,81,26,55
10/20/2017 04:00:00 PM,84,26,58
10/20/2017 03:00:00 PM,49,18,31
10/20/2017 02:00:00 PM,21,14,7
10/20/2017 01:00:00 PM,20,9,11
10/20/2017 12:00:00 PM,25,17,8
10/20/2017 11:00:00 AM,31,16,15
10/20/2017 10:00:00 AM,20,10,10
10/20/2017 09:00:00 AM,36,17,19
10/20/2017 08:00:00 AM,76,30,46
10/20/2017 07:00:00 AM,36,21,15
10/20/2017 06:00:00 AM,17,11,6
10/20/2017 05:00:00 AM,6,4,2
10/20/2017 04:00:00 AM,1,1,0
10/20/2017 03:00:00 AM,0,0,0
10/20/2017 02:00:00 AM,1,0,1
10/20/2017 01:00:00 AM,2,2,0
10/20/2017 12:00:00 AM,0,0,0
10/19/2017 11:00:00 PM,3,3,0
10/19/2017 10:00:00 PM,3,0,3
10/19/2017 09:00:00 PM,5,2,3
10/19/2017 08:00:00 PM,9,4,5
10/19/2017 07:00:00 PM,21,7,14
10/19/2017 06:00:00 PM,44,10,34
10/19/2017 05:00:00 PM,75,31,44
10/19/2017 04:00:00 PM,65,18,47
10/19/2017 03:00:00 PM,27,5,22
10/19/2017 02:00:00 PM,17,7,10
10/19/2017 01:00:00 PM,22,14,8
10/19/2017 12:00:00 PM,19,13,6
10/19/2017 11:00:00 AM,24,13,11
10/19/2017 10:00:00 AM,11,10,1
10/19/2017 09:00:00 AM,39,17,22
10/19/2017 08:00:00 AM,70,33,37
10/19/2017 07:00:00 AM,34,15,19
10/19/2017 06:00:00 AM,26,14,12
10/19/2017 05:00:00 AM,6,4,2
10/19/2017 04:00:00 AM,3,2,1
10/19/2017 03:00:00 AM,0,0,0
10/19/2017 02:00:00 AM,1,1,0
10/19/2017 01:00:00 AM,0,0,0
10/19/2017 12:00:00 AM,1,0,1
10/18/2017 11:00:00 PM,1,1,0
10/18/2017 10:00:00 PM,4,1,3
10/18/2017 09:00:00 PM,3,1,2
10/18/2017 08:00:00 PM,7,4,3
10/18/2017 07:00:00 PM,16,6,10
10/18/2017 06:00:00 PM,40,16,24
10/18/2017 05:00:00 PM,95,36,59
10/18/2017 04:00:00 PM,85,27,58
10/18/2017 03:00:00 PM,31,5,26
10/18/2017 02:00:00 PM,23,12,11
10/18/2017 01:00:00 PM,22,8,14
10/18/2017 12:00:00 PM,14,7,7
10/18/2017 11:00:00 AM,15,9,6
10/18/2017 10:00:00 AM,19,11,8
10/18/2017 09:00:00 AM,48,20,28
10/18/2017 08:00:00 AM,74,35,39
10/18/2017 07:00:00 AM,55,34,21
10/18/2017 06:00:00 AM,15,6,9
10/18/2017 05:00:00 AM,8,7,1
10/18/2017 04:00:00 AM,1,1,0
10/18/2017 03:00:00 AM,0,0,0
10/18/2017 02:00:00 AM,2,1,1
10/18/2017 01:00:00 AM,1,0,1
10/18/2017 12:00:00 AM,4,2,2
10/17/2017 11:00:00 PM,3,2,1
10/17/2017 10:00:00 PM,6,2,4
10/17/2017 09:00:00 PM,10,7,3
10/17/2017 08:00:00 PM,17,6,11
10/17/2017 07:00:00 PM,23,13,10
10/17/2017 06:00:00 PM,68,23,45
10/17/2017 05:00:00 PM,115,29,86
10/17/2017 04:00:00 PM,98,25,73
10/17/2017 03:00:00 PM,42,15,27
10/17/2017 02:00:00 PM,19,12,7
10/17/2017 01:00:00 PM,14,8,6
10/17/2017 12:00:00 PM,23,14,9
10/17/2017 11:00:00 AM,23,14,9
10/17/2017 10:00:00 AM,17,8,9
10/17/2017 09:00:00 AM,44,17,27
10/17/2017 08:00:00 AM,86,44,42
10/17/2017 07:00:00 AM,66,37,29
10/17/2017 06:00:00 AM,23,13,10
10/17/2017 05:00:00 AM,10,6,4
10/17/2017 04:00:00 AM,1,0,1
10/17/2017 03:00:00 AM,0,0,0
10/17/2017 02:00:00 AM,1,0,1
10/17/2017 01:00:00 AM,1,1,0
10/17/2017 12:00:00 AM,2,1,1
10/16/2017 11:00:00 PM,1,1,0
10/16/2017 10:00:00 PM,7,5,2
10/16/2017 09:00:00 PM,9,4,5
10/16/2017 08:00:00 PM,18,8,10
10/16/2017 07:00:00 PM,29,16,13
10/16/2017 06:00:00 PM,77,29,48
10/16/2017 05:00:00 PM,175,50,125
10/16/2017 04:00:00 PM,125,38,87
10/16/2017 03:00:00 PM,69,24,45
10/16/2017 02:00:00 PM,27,9,18
10/16/2017 01:00:00 PM,22,10,12
10/16/2017 12:00:00 PM,30,13,17
10/16/2017 11:00:00 AM,24,14,10
10/16/2017 10:00:00 AM,39,18,21
10/16/2017 09:00:00 AM,73,41,32
10/16/2017 08:00:00 AM,120,65,55
10/16/2017 07:00:00 AM,80,45,35
10/16/2017 06:00:00 AM,33,17,16
10/16/2017 05:00:00 AM,10,8,2
10/16/2017 04:00:00 AM,3,3,0
10/16/2017 03:00:00 AM,0,0,0
10/16/2017 02:00:00 AM,2,1,1
10/16/2017 01:00:00 AM,0,0,0
10/16/2017 12:00:00 AM,0,0,0
10/15/2017 11:00:00 PM,1,1,0
10/15/2017 10:00:00 PM,0,0,0
10/15/2017 09:00:00 PM,6,5,1
10/15/2017 08:00:00 PM,14,8,6
10/15/2017 07:00:00 PM,12,9,3
10/15/2017 06:00:00 PM,45,32,13
10/15/2017 05:00:00 PM,19,9,10
10/15/2017 04:00:00 PM,58,11,47
10/15/2017 03:00:00 PM,41,18,23
10/15/2017 02:00:00 PM,27,13,14
10/15/2017 01:00:00 PM,25,9,16
10/15/2017 12:00:00 PM,16,2,14
10/15/2017 11:00:00 AM,14,6,8
10/15/2017 10:00:00 AM,13,8,5
10/15/2017 09:00:00 AM,9,7,2
10/15/2017 08:00:00 AM,11,7,4
10/15/2017 07:00:00 AM,1,1,0
10/15/2017 06:00:00 AM,0,0,0
10/15/2017 05:00:00 AM,2,1,1
10/15/2017 04:00:00 AM,0,0,0
10/15/2017 03:00:00 AM,0,0,0
10/15/2017 02:00:00 AM,2,1,1
10/15/2017 01:00:00 AM,2,0,2
10/15/2017 12:00:00 AM,1,0,1
10/14/2017 11:00:00 PM,3,1,2
10/14/2017 10:00:00 PM,4,2,2
10/14/2017 09:00:00 PM,5,4,1
10/14/2017 08:00:00 PM,12,7,5
10/14/2017 07:00:00 PM,7,4,3
10/14/2017 06:00:00 PM,13,5,8
10/14/2017 05:00:00 PM,12,4,8
10/14/2017 04:00:00 PM,21,8,13
10/14/2017 03:00:00 PM,26,11,15
10/14/2017 02:00:00 PM,18,10,8
10/14/2017 01:00:00 PM,19,10,9
10/14/2017 12:00:00 PM,22,11,11
10/14/2017 11:00:00 AM,27,16,11
10/14/2017 10:00:00 AM,12,4,8
10/14/2017 09:00:00 AM,20,8,12
10/14/2017 08:00:00 AM,11,6,5
10/14/2017 07:00:00 AM,7,3,4
10/14/2017 06:00:00 AM,7,1,6
10/14/2017 05:00:00 AM,2,1,1
10/14/2017 04:00:00 AM,0,0,0
10/14/2017 03:00:00 AM,1,1,0
10/14/2017 02:00:00 AM,1,0,1
10/14/2017 01:00:00 AM,4,3,1
10/14/2017 12:00:00 AM,1,1,0
10/13/2017 11:00:00 PM,3,2,1
10/13/2017 10:00:00 PM,4,1,3
10/13/2017 09:00:00 PM,5,3,2
10/13/2017 08:00:00 PM,12,4,8
10/13/2017 07:00:00 PM,16,7,9
10/13/2017 06:00:00 PM,56,22,34
10/13/2017 05:00:00 PM,114,42,72
10/13/2017 04:00:00 PM,103,30,73
10/13/2017 03:00:00 PM,59,12,47
10/13/2017 02:00:00 PM,36,19,17
10/13/2017 01:00:00 PM,29,11,18
10/13/2017 12:00:00 PM,35,11,24
10/13/2017 11:00:00 AM,24,15,9
10/13/2017 10:00:00 AM,26,13,13
10/13/2017 09:00:00 AM,51,23,28
10/13/2017 08:00:00 AM,79,35,44
10/13/2017 07:00:00 AM,57,32,25
10/13/2017 06:00:00 AM,23,11,12
10/13/2017 05:00:00 AM,12,9,3
10/13/2017 04:00:00 AM,0,0,0
10/13/2017 03:00:00 AM,0,0,0
10/13/2017 02:00:00 AM,0,0,0
10/13/2017 01:00:00 AM,3,2,1
10/13/2017 12:00:00 AM,1,1,0
10/12/2017 11:00:00 PM,3,2,1
10/12/2017 10:00:00 PM,17,11,6
10/12/2017 09:00:00 PM,7,4,3
10/12/2017 08:00:00 PM,10,5,5
10/12/2017 07:00:00 PM,26,9,17
10/12/2017 06:00:00 PM,49,19,30
10/12/2017 05:00:00 PM,112,29,83
10/12/2017 04:00:00 PM,93,30,63
10/12/2017 03:00:00 PM,36,11,25
10/12/2017 02:00:00 PM,21,8,13
10/12/2017 01:00:00 PM,24,14,10
10/12/2017 12:00:00 PM,9,7,2
10/12/2017 11:00:00 AM,24,14,10
10/12/2017 10:00:00 AM,22,11,11
10/12/2017 09:00:00 AM,51,24,27
10/12/2017 08:00:00 AM,85,41,44
10/12/2017 07:00:00 AM,49,28,21
10/12/2017 06:00:00 AM,21,12,9
10/12/2017 05:00:00 AM,9,8,1
10/12/2017 04:00:00 AM,1,0,1
10/12/2017 03:00:00 AM,0,0,0
10/12/2017 02:00:00 AM,1,0,1
10/12/2017 01:00:00 AM,0,0,0
10/12/2017 12:00:00 AM,0,0,0
10/11/2017 11:00:00 PM,3,0,3
10/11/2017 10:00:00 PM,10,6,4
10/11/2017 09:00:00 PM,8,5,3
10/11/2017 08:00:00 PM,17,9,8
10/11/2017 07:00:00 PM,27,12,15
10/11/2017 06:00:00 PM,80,28,52
10/11/2017 05:00:00 PM,144,52,92
10/11/2017 04:00:00 PM,111,36,75
10/11/2017 03:00:00 PM,50,13,37
10/11/2017 02:00:00 PM,35,15,20
10/11/2017 01:00:00 PM,31,15,16
10/11/2017 12:00:00 PM,31,15,16
10/11/2017 11:00:00 AM,23,14,9
10/11/2017 10:00:00 AM,32,12,20
10/11/2017 09:00:00 AM,71,36,35
10/11/2017 08:00:00 AM,92,43,49
10/11/2017 07:00:00 AM,60,33,27
10/11/2017 06:00:00 AM,26,18,8
10/11/2017 05:00:00 AM,10,8,2
10/11/2017 04:00:00 AM,3,2,1
10/11/2017 03:00:00 AM,0,0,0
10/11/2017 02:00:00 AM,0,0,0
10/11/2017 01:00:00 AM,0,0,0
10/11/2017 12:00:00 AM,1,1,0
10/10/2017 11:00:00 PM,3,1,2
10/10/2017 10:00:00 PM,7,4,3
10/10/2017 09:00:00 PM,6,2,4
10/10/2017 08:00:00 PM,12,4,8
10/10/2017 07:00:00 PM,27,13,14
10/10/2017 06:00:00 PM,71,24,47
10/10/2017 05:00:00 PM,144,46,98
10/10/2017 04:00:00 PM,110,33,77
10/10/2017 03:00:00 PM,42,12,30
10/10/2017 02:00:00 PM,21,8,13
10/10/2017 01:00:00 PM,25,13,12
10/10/2017 12:00:00 PM,29,17,12
10/10/2017 11:00:00 AM,18,13,5
10/10/2017 10:00:00 AM,24,13,11
10/10/2017 09:00:00 AM,64,28,36
10/10/2017 08:00:00 AM,108,42,66
10/10/2017 07:00:00 AM,60,34,26
10/10/2017 06:00:00 AM,35,17,18
10/10/2017 05:00:00 AM,9,7,2
10/10/2017 04:00:00 AM,1,1,0
10/10/2017 03:00:00 AM,0,0,0
10/10/2017 02:00:00 AM,1,1,0
10/10/2017 01:00:00 AM,3,1,2
10/10/2017 12:00:00 AM,1,0,1
10/09/2017 11:00:00 PM,1,0,1
10/09/2017 10:00:00 PM,5,2,3
10/09/2017 09:00:00 PM,7,3,4
10/09/2017 08:00:00 PM,19,4,15
10/09/2017 07:00:00 PM,24,10,14
10/09/2017 06:00:00 PM,85,31,54
10/09/2017 05:00:00 PM,192,69,123
10/09/2017 04:00:00 PM,120,36,84
10/09/2017 03:00:00 PM,47,12,35
10/09/2017 02:00:00 PM,31,12,19
10/09/2017 01:00:00 PM,28,18,10
10/09/2017 12:00:00 PM,37,13,24
10/09/2017 11:00:00 AM,33,21,12
10/09/2017 10:00:00 AM,25,9,16
10/09/2017 09:00:00 AM,81,41,40
10/09/2017 08:00:00 AM,120,49,71
10/09/2017 07:00:00 AM,73,45,28
10/09/2017 06:00:00 AM,30,18,12
10/09/2017 05:00:00 AM,10,7,3
10/09/2017 04:00:00 AM,1,0,1
10/09/2017 03:00:00 AM,1,1,0
10/09/2017 02:00:00 AM,2,0,2
10/09/2017 01:00:00 AM,2,1,1
10/09/2017 12:00:00 AM,2,0,2
10/08/2017 11:00:00 PM,0,0,0
10/08/2017 10:00:00 PM,5,2,3
10/08/2017 09:00:00 PM,2,1,1
10/08/2017 08:00:00 PM,9,3,6
10/08/2017 07:00:00 PM,11,5,6
10/08/2017 06:00:00 PM,8,2,6
10/08/2017 05:00:00 PM,21,8,13
10/08/2017 04:00:00 PM,19,11,8
10/08/2017 03:00:00 PM,19,10,9
10/08/2017 02:00:00 PM,21,6,15
10/08/2017 01:00:00 PM,7,3,4
10/08/2017 12:00:00 PM,24,13,11
10/08/2017 11:00:00 AM,15,5,10
10/08/2017 10:00:00 AM,13,8,5
10/08/2017 09:00:00 AM,5,1,4
10/08/2017 08:00:00 AM,4,3,1
10/08/2017 07:00:00 AM,4,2,2
10/08/2017 06:00:00 AM,3,1,2
10/08/2017 05:00:00 AM,1,0,1
10/08/2017 04:00:00 AM,0,0,0
10/08/2017 03:00:00 AM,0,0,0
10/08/2017 02:00:00 AM,8,6,2
10/08/2017 01:00:00 AM,2,1,1
10/08/2017 12:00:00 AM,2,0,2
10/07/2017 11:00:00 PM,3,2,1
10/07/2017 10:00:00 PM,6,1,5
10/07/2017 09:00:00 PM,1,1,0
10/07/2017 08:00:00 PM,10,4,6
10/07/2017 07:00:00 PM,5,3,2
10/07/2017 06:00:00 PM,20,8,12
10/07/2017 05:00:00 PM,16,12,4
10/07/2017 04:00:00 PM,20,12,8
10/07/2017 03:00:00 PM,16,6,10
10/07/2017 02:00:00 PM,20,10,10
10/07/2017 01:00:00 PM,18,11,7
10/07/2017 12:00:00 PM,18,10,8
10/07/2017 11:00:00 AM,15,9,6
10/07/2017 10:00:00 AM,12,4,8
10/07/2017 09:00:00 AM,9,4,5
10/07/2017 08:00:00 AM,8,4,4
10/07/2017 07:00:00 AM,2,2,0
10/07/2017 06:00:00 AM,1,0,1
10/07/2017 05:00:00 AM,2,1,1
10/07/2017 04:00:00 AM,0,0,0
10/07/2017 03:00:00 AM,0,0,0
10/07/2017 02:00:00 AM,2,2,0
10/07/2017 01:00:00 AM,6,1,5
10/07/2017 12:00:00 AM,3,0,3
10/06/2017 11:00:00 PM,3,1,2
10/06/2017 10:00:00 PM,7,4,3
10/06/2017 09:00:00 PM,6,3,3
10/06/2017 08:00:00 PM,13,5,8
10/06/2017 07:00:00 PM,29,12,17
10/06/2017 06:00:00 PM,64,25,39
10/06/2017 05:00:00 PM,125,45,80
10/06/2017 04:00:00 PM,110,31,79
10/06/2017 03:00:00 PM,74,29,45
10/06/2017 02:00:00 PM,40,13,27
10/06/2017 01:00:00 PM,35,13,22
10/06/2017 12:00:00 PM,43,19,24
10/06/2017 11:00:00 AM,33,20,13
10/06/2017 10:00:00 AM,30,15,15
10/06/2017 09:00:00 AM,56,30,26
10/06/2017 08:00:00 AM,115,52,63
10/06/2017 07:00:00 AM,66,39,27
10/06/2017 06:00:00 AM,18,10,8
10/06/2017 05:00:00 AM,7,5,2
10/06/2017 04:00:00 AM,1,0,1
10/06/2017 03:00:00 AM,0,0,0
10/06/2017 02:00:00 AM,1,0,1
10/06/2017 01:00:00 AM,0,0,0
10/06/2017 12:00:00 AM,4,1,3
10/05/2017 11:00:00 PM,5,2,3
10/05/2017 10:00:00 PM,9,4,5
10/05/2017 09:00:00 PM,20,13,7
10/05/2017 08:00:00 PM,18,12,6
10/05/2017 07:00:00 PM,39,20,19
10/05/2017 06:00:00 PM,101,30,71
10/05/2017 05:00:00 PM,167,58,109
10/05/2017 04:00:00 PM,118,36,82
10/05/2017 03:00:00 PM,53,19,34
10/05/2017 02:00:00 PM,32,11,21
10/05/2017 01:00:00 PM,29,16,13
10/05/2017 12:00:00 PM,34,18,16
10/05/2017 11:00:00 AM,29,16,13
10/05/2017 10:00:00 AM,26,9,17
10/05/2017 09:00:00 AM,77,31,46
10/05/2017 08:00:00 AM,111,54,57
10/05/2017 07:00:00 AM,69,35,34
10/05/2017 06:00:00 AM,33,16,17
10/05/2017 05:00:00 AM,10,9,1
10/05/2017 04:00:00 AM,2,1,1
10/05/2017 03:00:00 AM,0,0,0
10/05/2017 02:00:00 AM,0,0,0
10/05/2017 01:00:00 AM,1,1,0
10/05/2017 12:00:00 AM,4,2,2
10/04/2017 11:00:00 PM,4,1,3
10/04/2017 10:00:00 PM,13,7,6
10/04/2017 09:00:00 PM,10,5,5
10/04/2017 08:00:00 PM,14,11,3
10/04/2017 07:00:00 PM,34,19,15
10/04/2017 06:00:00 PM,86,34,52
10/04/2017 05:00:00 PM,179,66,113
10/04/2017 04:00:00 PM,116,29,87
10/04/2017 03:00:00 PM,56,15,41
10/04/2017 02:00:00 PM,44,16,28
10/04/2017 01:00:00 PM,24,8,16
10/04/2017 12:00:00 PM,31,14,17
10/04/2017 11:00:00 AM,29,16,13
10/04/2017 10:00:00 AM,28,14,14
10/04/2017 09:00:00 AM,75,35,40
10/04/2017 08:00:00 AM,132,59,73
10/04/2017 07:00:00 AM,87,46,41
10/04/2017 06:00:00 AM,30,16,14
10/04/2017 05:00:00 AM,7,6,1
10/04/2017 04:00:00 AM,2,0,2
10/04/2017 03:00:00 AM,1,1,0
10/04/2017 02:00:00 AM,3,2,1
10/04/2017 01:00:00 AM,0,0,0
10/04/2017 12:00:00 AM,4,4,0
10/03/2017 11:00:00 PM,6,2,4
10/03/2017 10:00:00 PM,6,3,3
10/03/2017 09:00:00 PM,12,3,9
10/03/2017 08:00:00 PM,12,5,7
10/03/2017 07:00:00 PM,38,14,24
10/03/2017 06:00:00 PM,88,40,48
10/03/2017 05:00:00 PM,212,66,146
10/03/2017 04:00:00 PM,130,47,83
10/03/2017 03:00:00 PM,72,21,51
10/03/2017 02:00:00 PM,32,14,18
10/03/2017 01:00:00 PM,39,18,21
10/03/2017 12:00:00 PM,46,22,24
10/03/2017 11:00:00 AM,40,22,18
10/03/2017 10:00:00 AM,39,23,16
10/03/2017 09:00:00 AM,69,35,34
10/03/2017 08:00:00 AM,136,60,76
10/03/2017 07:00:00 AM,93,53,40
10/03/2017 06:00:00 AM,29,14,15
10/03/2017 05:00:00 AM,7,4,3
10/03/2017 04:00:00 AM,2,1,1
10/03/2017 03:00:00 AM,1,1,0
10/03/2017 02:00:00 AM,1,1,0
10/03/2017 01:00:00 AM,2,0,2
10/03/2017 12:00:00 AM,4,3,1
10/02/2017 11:00:00 PM,2,2,0
10/02/2017 10:00:00 PM,6,3,3
10/02/2017 09:00:00 PM,6,4,2
10/02/2017 08:00:00 PM,15,6,9
10/02/2017 07:00:00 PM,33,11,22
10/02/2017 06:00:00 PM,83,35,48
10/02/2017 05:00:00 PM,158,50,108
10/02/2017 04:00:00 PM,141,44,97
10/02/2017 03:00:00 PM,45,11,34
10/02/2017 02:00:00 PM,23,9,14
10/02/2017 01:00:00 PM,24,10,14
10/02/2017 12:00:00 PM,33,17,16
10/02/2017 11:00:00 AM,32,16,16
10/02/2017 10:00:00 AM,28,14,14
10/02/2017 09:00:00 AM,61,36,25
10/02/2017 08:00:00 AM,130,65,65
10/02/2017 07:00:00 AM,69,39,30
10/02/2017 06:00:00 AM,33,21,12
10/02/2017 05:00:00 AM,8,6,2
10/02/2017 04:00:00 AM,1,1,0
10/02/2017 03:00:00 AM,1,1,0
10/02/2017 02:00:00 AM,2,1,1
10/02/2017 01:00:00 AM,1,0,1
10/02/2017 12:00:00 AM,4,3,1
10/01/2017 11:00:00 PM,4,3,1
10/01/2017 10:00:00 PM,6,2,4
10/01/2017 09:00:00 PM,27,18,9
10/01/2017 08:00:00 PM,18,13,5
10/01/2017 07:00:00 PM,15,5,10
10/01/2017 06:00:00 PM,10,7,3
10/01/2017 05:00:00 PM,23,9,14
10/01/2017 04:00:00 PM,24,7,17
10/01/2017 03:00:00 PM,36,16,20
10/01/2017 02:00:00 PM,22,4,18
10/01/2017 01:00:00 PM,14,8,6
10/01/2017 12:00:00 PM,17,10,7
10/01/2017 11:00:00 AM,5,2,3
10/01/2017 10:00:00 AM,12,8,4
10/01/2017 09:00:00 AM,8,4,4
10/01/2017 08:00:00 AM,7,5,2
10/01/2017 07:00:00 AM,1,1,0
10/01/2017 06:00:00 AM,1,1,0
10/01/2017 05:00:00 AM,1,1,0
10/01/2017 04:00:00 AM,1,0,1
10/01/2017 03:00:00 AM,1,1,0
10/01/2017 02:00:00 AM,6,4,2
10/01/2017 01:00:00 AM,0,0,0
10/01/2017 12:00:00 AM,6,3,3
09/30/2017 11:00:00 PM,11,8,3
09/30/2017 10:00:00 PM,8,3,5
09/30/2017 09:00:00 PM,8,3,5
09/30/2017 08:00:00 PM,9,2,7
09/30/2017 07:00:00 PM,14,9,5
09/30/2017 06:00:00 PM,9,2,7
09/30/2017 05:00:00 PM,16,9,7
09/30/2017 04:00:00 PM,17,5,12
09/30/2017 03:00:00 PM,16,8,8
09/30/2017 02:00:00 PM,10,5,5
09/30/2017 01:00:00 PM,26,17,9
09/30/2017 12:00:00 PM,29,15,14
09/30/2017 11:00:00 AM,17,12,5
09/30/2017 10:00:00 AM,14,6,8
09/30/2017 09:00:00 AM,7,1,6
09/30/2017 08:00:00 AM,16,10,6
09/30/2017 07:00:00 AM,5,2,3
09/30/2017 06:00:00 AM,1,0,1
09/30/2017 05:00:00 AM,0,0,0
09/30/2017 04:00:00 AM,1,0,1
09/30/2017 03:00:00 AM,1,1,0
09/30/2017 02:00:00 AM,3,2,1
09/30/2017 01:00:00 AM,2,2,0
09/30/2017 12:00:00 AM,2,1,1
09/29/2017 11:00:00 PM,3,2,1
09/29/2017 10:00:00 PM,11,4,7
09/29/2017 09:00:00 PM,6,3,3
09/29/2017 08:00:00 PM,12,7,5
09/29/2017 07:00:00 PM,22,9,13
09/29/2017 06:00:00 PM,56,22,34
09/29/2017 05:00:00 PM,129,49,80
09/29/2017 04:00:00 PM,82,25,57
09/29/2017 03:00:00 PM,58,14,44
09/29/2017 02:00:00 PM,33,16,17
09/29/2017 01:00:00 PM,39,17,22
09/29/2017 12:00:00 PM,27,14,13
09/29/2017 11:00:00 AM,26,17,9
09/29/2017 10:00:00 AM,23,15,8
09/29/2017 09:00:00 AM,56,28,28
09/29/2017 08:00:00 AM,76,34,42
09/29/2017 07:00:00 AM,55,27,28
09/29/2017 06:00:00 AM,18,12,6
09/29/2017 05:00:00 AM,4,4,0
09/29/2017 04:00:00 AM,0,0,0
09/29/2017 03:00:00 AM,1,1,0
09/29/2017 02:00:00 AM,0,0,0
09/29/2017 01:00:00 AM,0,0,0
09/29/2017 12:00:00 AM,2,1,1
09/28/2017 11:00:00 PM,3,1,2
09/28/2017 10:00:00 PM,8,5,3
09/28/2017 09:00:00 PM,16,8,8
09/28/2017 08:00:00 PM,23,10,13
09/28/2017 07:00:00 PM,40,19,21
09/28/2017 06:00:00 PM,77,25,52
09/28/2017 05:00:00 PM,221,77,144
09/28/2017 04:00:00 PM,126,50,76
09/28/2017 03:00:00 PM,77,24,53
09/28/2017 02:00:00 PM,46,20,26
09/28/2017 01:00:00 PM,48,28,20
09/28/2017 12:00:00 PM,27,13,14
09/28/2017 11:00:00 AM,31,12,19
09/28/2017 10:00:00 AM,35,17,18
09/28/2017 09:00:00 AM,77,30,47
09/28/2017 08:00:00 AM,125,54,71
09/28/2017 07:00:00 AM,95,45,50
09/28/2017 06:00:00 AM,41,18,23
09/28/2017 05:00:00 AM,7,5,2
09/28/2017 04:00:00 AM,1,0,1
09/28/2017 03:00:00 AM,2,1,1
09/28/2017 02:00:00 AM,0,0,0
09/28/2017 01:00:00 AM,2,2,0
09/28/2017 12:00:00 AM,5,2,3
09/27/2017 11:00:00 PM,3,3,0
09/27/2017 10:00:00 PM,32,24,8
09/27/2017 09:00:00 PM,48,43,5
09/27/2017 08:00:00 PM,34,18,16
09/27/2017 07:00:00 PM,66,32,34
09/27/2017 06:00:00 PM,137,30,107
09/27/2017 05:00:00 PM,208,66,142
09/27/2017 04:00:00 PM,147,37,110
09/27/2017 03:00:00 PM,73,20,53
09/27/2017 02:00:00 PM,45,24,21
09/27/2017 01:00:00 PM,37,14,23
09/27/2017 12:00:00 PM,38,15,23
09/27/2017 11:00:00 AM,39,23,16
09/27/2017 10:00:00 AM,35,18,17
09/27/2017 09:00:00 AM,93,45,48
09/27/2017 08:00:00 AM,105,55,50
09/27/2017 07:00:00 AM,84,38,46
09/27/2017 06:00:00 AM,30,16,14
09/27/2017 05:00:00 AM,5,5,0
09/27/2017 04:00:00 AM,0,0,0
09/27/2017 03:00:00 AM,0,0,0
09/27/2017 02:00:00 AM,0,0,0
09/27/2017 01:00:00 AM,0,0,0
09/27/2017 12:00:00 AM,1,1,0
09/26/2017 11:00:00 PM,8,2,6
09/26/2017 10:00:00 PM,10,7,3
09/26/2017 09:00:00 PM,13,7,6
09/26/2017 08:00:00 PM,19,10,9
09/26/2017 07:00:00 PM,39,15,24
09/26/2017 06:00:00 PM,101,37,64
09/26/2017 05:00:00 PM,202,71,131
09/26/2017 04:00:00 PM,143,55,88
09/26/2017 03:00:00 PM,68,19,49
09/26/2017 02:00:00 PM,31,9,22
09/26/2017 01:00:00 PM,40,22,18
09/26/2017 12:00:00 PM,43,22,21
09/26/2017 11:00:00 AM,34,22,12
09/26/2017 10:00:00 AM,32,12,20
09/26/2017 09:00:00 AM,69,37,32
09/26/2017 08:00:00 AM,126,62,64
09/26/2017 07:00:00 AM,95,45,50
09/26/2017 06:00:00 AM,37,22,15
09/26/2017 05:00:00 AM,4,4,0
09/26/2017 04:00:00 AM,1,0,1
09/26/2017 03:00:00 AM,1,0,1
09/26/2017 02:00:00 AM,0,0,0
09/26/2017 01:00:00 AM,1,0,1
09/26/2017 12:00:00 AM,0,0,0
09/25/2017 11:00:00 PM,1,1,0
09/25/2017 10:00:00 PM,6,4,2
09/25/2017 09:00:00 PM,6,4,2
09/25/2017 08:00:00 PM,14,5,9
09/25/2017 07:00:00 PM,28,15,13
09/25/2017 06:00:00 PM,71,24,47
09/25/2017 05:00:00 PM,155,52,103
09/25/2017 04:00:00 PM,113,30,83
09/25/2017 03:00:00 PM,46,12,34
09/25/2017 02:00:00 PM,24,10,14
09/25/2017 01:00:00 PM,15,6,9
09/25/2017 12:00:00 PM,21,11,10
09/25/2017 11:00:00 AM,28,15,13
09/25/2017 10:00:00 AM,22,13,9
09/25/2017 09:00:00 AM,59,35,24
09/25/2017 08:00:00 AM,88,41,47
09/25/2017 07:00:00 AM,67,32,35
09/25/2017 06:00:00 AM,38,25,13
09/25/2017 05:00:00 AM,9,6,3
09/25/2017 04:00:00 AM,2,0,2
09/25/2017 03:00:00 AM,0,0,0
09/25/2017 02:00:00 AM,2,1,1
09/25/2017 01:00:00 AM,0,0,0
09/25/2017 12:00:00 AM,4,2,2
09/24/2017 11:00:00 PM,1,1,0
09/24/2017 10:00:00 PM,5,4,1
09/24/2017 09:00:00 PM,4,1,3
09/24/2017 08:00:00 PM,7,3,4
09/24/2017 07:00:00 PM,11,9,2
09/24/2017 06:00:00 PM,13,5,8
09/24/2017 05:00:00 PM,24,10,14
09/24/2017 04:00:00 PM,29,13,16
09/24/2017 03:00:00 PM,17,8,9
09/24/2017 02:00:00 PM,22,9,13
09/24/2017 01:00:00 PM,33,17,16
09/24/2017 12:00:00 PM,27,18,9
09/24/2017 11:00:00 AM,19,6,13
09/24/2017 10:00:00 AM,16,10,6
09/24/2017 09:00:00 AM,13,6,7
09/24/2017 08:00:00 AM,5,2,3
09/24/2017 07:00:00 AM,4,3,1
09/24/2017 06:00:00 AM,1,1,0
09/24/2017 05:00:00 AM,3,1,2
09/24/2017 04:00:00 AM,2,2,0
09/24/2017 03:00:00 AM,1,1,0
09/24/2017 02:00:00 AM,6,5,1
09/24/2017 01:00:00 AM,0,0,0
09/24/2017 12:00:00 AM,10,7,3
09/23/2017 11:00:00 PM,31,24,7
09/23/2017 10:00:00 PM,7,3,4
09/23/2017 09:00:00 PM,13,9,4
09/23/2017 08:00:00 PM,11,2,9
09/23/2017 07:00:00 PM,22,9,13
09/23/2017 06:00:00 PM,29,6,23
09/23/2017 05:00:00 PM,37,16,21
09/23/2017 04:00:00 PM,32,17,15
09/23/2017 03:00:00 PM,20,9,11
09/23/2017 02:00:00 PM,39,19,20
09/23/2017 01:00:00 PM,42,18,24
09/23/2017 12:00:00 PM,29,13,16
09/23/2017 11:00:00 AM,20,8,12
09/23/2017 10:00:00 AM,17,10,7
09/23/2017 09:00:00 AM,15,6,9
09/23/2017 08:00:00 AM,12,6,6
09/23/2017 07:00:00 AM,9,5,4
09/23/2017 06:00:00 AM,2,1,1
09/23/2017 05:00:00 AM,2,2,0
09/23/2017 04:00:00 AM,0,0,0
09/23/2017 03:00:00 AM,1,1,0
09/23/2017 02:00:00 AM,6,4,2
09/23/2017 01:00:00 AM,1,0,1
09/23/2017 12:00:00 AM,3,2,1
09/22/2017 11:00:00 PM,3,2,1
09/22/2017 10:00:00 PM,17,14,3
09/22/2017 09:00:00 PM,12,6,6
09/22/2017 08:00:00 PM,14,5,9
09/22/2017 07:00:00 PM,33,11,22
09/22/2017 06:00:00 PM,89,39,50
09/22/2017 05:00:00 PM,125,33,92
09/22/2017 04:00:00 PM,131,44,87
09/22/2017 03:00:00 PM,71,29,42
09/22/2017 02:00:00 PM,62,31,31
09/22/2017 01:00:00 PM,60,27,33
09/22/2017 12:00:00 PM,35,17,18
09/22/2017 11:00:00 AM,28,12,16
09/22/2017 10:00:00 AM,35,17,18
09/22/2017 09:00:00 AM,66,27,39
09/22/2017 08:00:00 AM,99,45,54
09/22/2017 07:00:00 AM,69,34,35
09/22/2017 06:00:00 AM,25,17,8
09/22/2017 05:00:00 AM,4,3,1
09/22/2017 04:00:00 AM,0,0,0
09/22/2017 03:00:00 AM,0,0,0
09/22/2017 02:00:00 AM,2,0,2
09/22/2017 01:00:00 AM,0,0,0
09/22/2017 12:00:00 AM,1,1,0
09/21/2017 11:00:00 PM,7,2,5
09/21/2017 10:00:00 PM,7,5,2
09/21/2017 09:00:00 PM,12,4,8
09/21/2017 08:00:00 PM,16,8,8
09/21/2017 07:00:00 PM,26,14,12
09/21/2017 06:00:00 PM,80,31,49
09/21/2017 05:00:00 PM,150,56,94
09/21/2017 04:00:00 PM,114,30,84
09/21/2017 03:00:00 PM,45,13,32
09/21/2017 02:00:00 PM,34,7,27
09/21/2017 01:00:00 PM,36,18,18
09/21/2017 12:00:00 PM,25,16,9
09/21/2017 11:00:00 AM,26,15,11
09/21/2017 10:00:00 AM,18,10,8
09/21/2017 09:00:00 AM,57,25,32
09/21/2017 08:00:00 AM,97,47,50
09/21/2017 07:00:00 AM,58,32,26
09/21/2017 06:00:00 AM,25,14,11
09/21/2017 05:00:00 AM,7,5,2
09/21/2017 04:00:00 AM,1,1,0
09/21/2017 03:00:00 AM,0,0,0
09/21/2017 02:00:00 AM,1,1,0
09/21/2017 01:00:00 AM,1,0,1
09/21/2017 12:00:00 AM,1,1,0
09/20/2017 11:00:00 PM,4,3,1
09/20/2017 10:00:00 PM,10,6,4
09/20/2017 09:00:00 PM,14,8,6
09/20/2017 08:00:00 PM,15,8,7
09/20/2017 07:00:00 PM,20,7,13
09/20/2017 06:00:00 PM,85,33,52
09/20/2017 05:00:00 PM,144,48,96
09/20/2017 04:00:00 PM,98,29,69
09/20/2017 03:00:00 PM,46,12,34
09/20/2017 02:00:00 PM,38,20,18
09/20/2017 01:00:00 PM,34,17,17
09/20/2017 12:00:00 PM,42,18,24
09/20/2017 11:00:00 AM,25,18,7
09/20/2017 10:00:00 AM,26,13,13
09/20/2017 09:00:00 AM,7,3,4
09/20/2017 08:00:00 AM,81,35,46
09/20/2017 07:00:00 AM,69,41,28
09/20/2017 06:00:00 AM,29,18,11
09/20/2017 05:00:00 AM,7,5,2
09/20/2017 04:00:00 AM,1,0,1
09/20/2017 03:00:00 AM,1,0,1
09/20/2017 02:00:00 AM,0,0,0
09/20/2017 01:00:00 AM,1,0,1
09/20/2017 12:00:00 AM,0,0,0
09/19/2017 11:00:00 PM,5,3,2
09/19/2017 10:00:00 PM,5,3,2
09/19/2017 09:00:00 PM,5,3,2
09/19/2017 08:00:00 PM,10,4,6
09/19/2017 07:00:00 PM,27,19,8
09/19/2017 06:00:00 PM,47,16,31
09/19/2017 05:00:00 PM,125,32,93
09/19/2017 04:00:00 PM,84,23,61
09/19/2017 03:00:00 PM,45,18,27
09/19/2017 02:00:00 PM,19,10,9
09/19/2017 01:00:00 PM,17,11,6
09/19/2017 12:00:00 PM,32,17,15
09/19/2017 11:00:00 AM,23,12,11
09/19/2017 10:00:00 AM,28,19,9
09/19/2017 09:00:00 AM,43,22,21
09/19/2017 08:00:00 AM,89,39,50
09/19/2017 07:00:00 AM,50,25,25
09/19/2017 06:00:00 AM,27,19,8
09/19/2017 05:00:00 AM,5,4,1
09/19/2017 04:00:00 AM,1,0,1
09/19/2017 03:00:00 AM,0,0,0
09/19/2017 02:00:00 AM,2,2,0
09/19/2017 01:00:00 AM,0,0,0
09/19/2017 12:00:00 AM,1,1,0
09/18/2017 11:00:00 PM,1,1,0
09/18/2017 10:00:00 PM,4,0,4
09/18/2017 09:00:00 PM,7,6,1
09/18/2017 08:00:00 PM,13,7,6
09/18/2017 07:00:00 PM,17,7,10
09/18/2017 06:00:00 PM,72,22,50
09/18/2017 05:00:00 PM,143,37,106
09/18/2017 04:00:00 PM,76,20,56
09/18/2017 03:00:00 PM,44,10,34
09/18/2017 02:00:00 PM,28,11,17
09/18/2017 01:00:00 PM,23,9,14
09/18/2017 12:00:00 PM,35,23,12
09/18/2017 11:00:00 AM,34,18,16
09/18/2017 10:00:00 AM,37,22,15
09/18/2017 09:00:00 AM,59,24,35
09/18/2017 08:00:00 AM,96,45,51
09/18/2017 07:00:00 AM,66,32,34
09/18/2017 06:00:00 AM,29,14,15
09/18/2017 05:00:00 AM,7,7,0
09/18/2017 04:00:00 AM,1,0,1
09/18/2017 03:00:00 AM,1,1,0
09/18/2017 02:00:00 AM,2,1,1
09/18/2017 01:00:00 AM,1,1,0
09/18/2017 12:00:00 AM,4,2,2
09/17/2017 11:00:00 PM,1,1,0
09/17/2017 10:00:00 PM,15,7,8
09/17/2017 09:00:00 PM,3,1,2
09/17/2017 08:00:00 PM,2,2,0
09/17/2017 07:00:00 PM,11,9,2
09/17/2017 06:00:00 PM,7,3,4
09/17/2017 05:00:00 PM,15,9,6
09/17/2017 04:00:00 PM,18,16,2
09/17/2017 03:00:00 PM,10,4,6
09/17/2017 02:00:00 PM,7,7,0
09/17/2017 01:00:00 PM,9,1,8
09/17/2017 12:00:00 PM,31,12,19
09/17/2017 11:00:00 AM,17,6,11
09/17/2017 10:00:00 AM,27,7,20
09/17/2017 09:00:00 AM,9,5,4
09/17/2017 08:00:00 AM,11,4,7
09/17/2017 07:00:00 AM,13,6,7
09/17/2017 06:00:00 AM,2,0,2
09/17/2017 05:00:00 AM,1,0,1
09/17/2017 04:00:00 AM,0,0,0
09/17/2017 03:00:00 AM,0,0,0
09/17/2017 02:00:00 AM,2,1,1
09/17/2017 01:00:00 AM,2,2,0
09/17/2017 12:00:00 AM,3,2,1
09/16/2017 11:00:00 PM,12,8,4
09/16/2017 10:00:00 PM,6,3,3
09/16/2017 09:00:00 PM,15,8,7
09/16/2017 08:00:00 PM,6,4,2
09/16/2017 07:00:00 PM,19,7,12
09/16/2017 06:00:00 PM,20,5,15
09/16/2017 05:00:00 PM,28,13,15
09/16/2017 04:00:00 PM,32,19,13
09/16/2017 03:00:00 PM,21,9,12
09/16/2017 02:00:00 PM,43,16,27
09/16/2017 01:00:00 PM,31,19,12
09/16/2017 12:00:00 PM,25,12,13
09/16/2017 11:00:00 AM,22,14,8
09/16/2017 10:00:00 AM,17,6,11
09/16/2017 09:00:00 AM,18,4,14
09/16/2017 08:00:00 AM,6,3,3
09/16/2017 07:00:00 AM,9,3,6
09/16/2017 06:00:00 AM,6,3,3
09/16/2017 05:00:00 AM,1,1,0
09/16/2017 04:00:00 AM,1,0,1
09/16/2017 03:00:00 AM,0,0,0
09/16/2017 02:00:00 AM,3,2,1
09/16/2017 01:00:00 AM,4,2,2
09/16/2017 12:00:00 AM,6,3,3
09/15/2017 11:00:00 PM,4,2,2
09/15/2017 10:00:00 PM,5,2,3
09/15/2017 09:00:00 PM,4,0,4
09/15/2017 08:00:00 PM,11,5,6
09/15/2017 07:00:00 PM,31,13,18
09/15/2017 06:00:00 PM,76,29,47
09/15/2017 05:00:00 PM,177,61,116
09/15/2017 04:00:00 PM,147,55,92
09/15/2017 03:00:00 PM,80,25,55
09/15/2017 02:00:00 PM,47,16,31
09/15/2017 01:00:00 PM,47,22,25
09/15/2017 12:00:00 PM,26,15,11
09/15/2017 11:00:00 AM,32,16,16
09/15/2017 10:00:00 AM,26,13,13
09/15/2017 09:00:00 AM,71,35,36
09/15/2017 08:00:00 AM,99,48,51
09/15/2017 07:00:00 AM,69,41,28
09/15/2017 06:00:00 AM,25,15,10
09/15/2017 05:00:00 AM,6,4,2
09/15/2017 04:00:00 AM,1,1,0
09/15/2017 03:00:00 AM,1,1,0
09/15/2017 02:00:00 AM,2,1,1
09/15/2017 01:00:00 AM,0,0,0
09/15/2017 12:00:00 AM,2,0,2
09/14/2017 11:00:00 PM,4,2,2
09/14/2017 10:00:00 PM,5,3,2
09/14/2017 09:00:00 PM,9,3,6
09/14/2017 08:00:00 PM,26,16,10
09/14/2017 07:00:00 PM,42,24,18
09/14/2017 06:00:00 PM,106,36,70
09/14/2017 05:00:00 PM,175,60,115
09/14/2017 04:00:00 PM,128,34,94
09/14/2017 03:00:00 PM,63,18,45
09/14/2017 02:00:00 PM,27,12,15
09/14/2017 01:00:00 PM,33,13,20
09/14/2017 12:00:00 PM,38,18,20
09/14/2017 11:00:00 AM,23,10,13
09/14/2017 10:00:00 AM,33,15,18
09/14/2017 09:00:00 AM,72,31,41
09/14/2017 08:00:00 AM,138,62,76
09/14/2017 07:00:00 AM,79,44,35
09/14/2017 06:00:00 AM,46,22,24
09/14/2017 05:00:00 AM,10,7,3
09/14/2017 04:00:00 AM,2,0,2
09/14/2017 03:00:00 AM,0,0,0
09/14/2017 02:00:00 AM,0,0,0
09/14/2017 01:00:00 AM,3,2,1
09/14/2017 12:00:00 AM,5,2,3
09/13/2017 11:00:00 PM,2,0,2
09/13/2017 10:00:00 PM,14,5,9
09/13/2017 09:00:00 PM,11,5,6
09/13/2017 08:00:00 PM,27,10,17
09/13/2017 07:00:00 PM,51,23,28
09/13/2017 06:00:00 PM,110,36,74
09/13/2017 05:00:00 PM,195,62,133
09/13/2017 04:00:00 PM,130,32,98
09/13/2017 03:00:00 PM,72,15,57
09/13/2017 02:00:00 PM,37,15,22
09/13/2017 01:00:00 PM,37,14,23
09/13/2017 12:00:00 PM,36,21,15
09/13/2017 11:00:00 AM,38,17,21
09/13/2017 10:00:00 AM,35,17,18
09/13/2017 09:00:00 AM,71,38,33
09/13/2017 08:00:00 AM,133,53,80
09/13/2017 07:00:00 AM,99,46,53
09/13/2017 06:00:00 AM,42,22,20
09/13/2017 05:00:00 AM,8,6,2
09/13/2017 04:00:00 AM,1,0,1
09/13/2017 03:00:00 AM,1,0,1
09/13/2017 02:00:00 AM,0,0,0
09/13/2017 01:00:00 AM,0,0,0
09/13/2017 12:00:00 AM,4,2,2
09/12/2017 11:00:00 PM,7,0,7
09/12/2017 10:00:00 PM,3,1,2
09/12/2017 09:00:00 PM,7,4,3
09/12/2017 08:00:00 PM,17,3,14
09/12/2017 07:00:00 PM,40,20,20
09/12/2017 06:00:00 PM,109,32,77
09/12/2017 05:00:00 PM,214,66,148
09/12/2017 04:00:00 PM,149,48,101
09/12/2017 03:00:00 PM,75,24,51
09/12/2017 02:00:00 PM,50,18,32
09/12/2017 01:00:00 PM,42,20,22
09/12/2017 12:00:00 PM,37,17,20
09/12/2017 11:00:00 AM,31,20,11
09/12/2017 10:00:00 AM,33,15,18
09/12/2017 09:00:00 AM,72,31,41
09/12/2017 08:00:00 AM,148,57,91
09/12/2017 07:00:00 AM,116,57,59
09/12/2017 06:00:00 AM,33,20,13
09/12/2017 05:00:00 AM,10,9,1
09/12/2017 04:00:00 AM,3,0,3
09/12/2017 03:00:00 AM,0,0,0
09/12/2017 02:00:00 AM,3,1,2
09/12/2017 01:00:00 AM,0,0,0
09/12/2017 12:00:00 AM,0,0,0
09/11/2017 11:00:00 PM,2,0,2
09/11/2017 10:00:00 PM,6,2,4
09/11/2017 09:00:00 PM,7,4,3
09/11/2017 08:00:00 PM,19,10,9
09/11/2017 07:00:00 PM,36,18,18
09/11/2017 06:00:00 PM,103,31,72
09/11/2017 05:00:00 PM,205,74,131
09/11/2017 04:00:00 PM,144,43,101
09/11/2017 03:00:00 PM,57,13,44
09/11/2017 02:00:00 PM,29,7,22
09/11/2017 01:00:00 PM,23,11,12
09/11/2017 12:00:00 PM,37,21,16
09/11/2017 11:00:00 AM,18,7,11
09/11/2017 10:00:00 AM,30,17,13
09/11/2017 09:00:00 AM,83,39,44
09/11/2017 08:00:00 AM,125,53,72
09/11/2017 07:00:00 AM,107,57,50
09/11/2017 06:00:00 AM,36,21,15
09/11/2017 05:00:00 AM,11,11,0
09/11/2017 04:00:00 AM,2,0,2
09/11/2017 03:00:00 AM,1,0,1
09/11/2017 02:00:00 AM,2,1,1
09/11/2017 01:00:00 AM,3,1,2
09/11/2017 12:00:00 AM,0,0,0
09/10/2017 11:00:00 PM,2,1,1
09/10/2017 10:00:00 PM,6,3,3
09/10/2017 09:00:00 PM,4,2,2
09/10/2017 08:00:00 PM,39,36,3
09/10/2017 07:00:00 PM,16,11,5
09/10/2017 06:00:00 PM,32,12,20
09/10/2017 05:00:00 PM,35,16,19
09/10/2017 04:00:00 PM,21,10,11
09/10/2017 03:00:00 PM,18,7,11
09/10/2017 02:00:00 PM,23,12,11
09/10/2017 01:00:00 PM,17,5,12
09/10/2017 12:00:00 PM,31,11,20
09/10/2017 11:00:00 AM,20,7,13
09/10/2017 10:00:00 AM,21,6,15
09/10/2017 09:00:00 AM,11,5,6
09/10/2017 08:00:00 AM,10,6,4
09/10/2017 07:00:00 AM,0,0,0
09/10/2017 06:00:00 AM,3,2,1
09/10/2017 05:00:00 AM,0,0,0
09/10/2017 04:00:00 AM,3,2,1
09/10/2017 03:00:00 AM,1,1,0
09/10/2017 02:00:00 AM,1,0,1
09/10/2017 01:00:00 AM,0,0,0
09/10/2017 12:00:00 AM,0,0,0
09/09/2017 11:00:00 PM,3,2,1
09/09/2017 10:00:00 PM,7,2,5
09/09/2017 09:00:00 PM,7,4,3
09/09/2017 08:00:00 PM,4,2,2
09/09/2017 07:00:00 PM,16,10,6
09/09/2017 06:00:00 PM,16,10,6
09/09/2017 05:00:00 PM,29,9,20
09/09/2017 04:00:00 PM,30,12,18
09/09/2017 03:00:00 PM,43,21,22
09/09/2017 02:00:00 PM,36,20,16
09/09/2017 01:00:00 PM,30,18,12
09/09/2017 12:00:00 PM,27,10,17
09/09/2017 11:00:00 AM,18,7,11
09/09/2017 10:00:00 AM,15,6,9
09/09/2017 09:00:00 AM,7,4,3
09/09/2017 08:00:00 AM,14,5,9
09/09/2017 07:00:00 AM,7,3,4
09/09/2017 06:00:00 AM,7,2,5
09/09/2017 05:00:00 AM,1,1,0
09/09/2017 04:00:00 AM,0,0,0
09/09/2017 03:00:00 AM,0,0,0
09/09/2017 02:00:00 AM,0,0,0
09/09/2017 01:00:00 AM,2,2,0
09/09/2017 12:00:00 AM,5,3,2
09/08/2017 11:00:00 PM,7,4,3
09/08/2017 10:00:00 PM,9,6,3
09/08/2017 09:00:00 PM,10,3,7
09/08/2017 08:00:00 PM,11,4,7
09/08/2017 07:00:00 PM,35,14,21
09/08/2017 06:00:00 PM,79,27,52
09/08/2017 05:00:00 PM,163,45,118
09/08/2017 04:00:00 PM,118,36,82
09/08/2017 03:00:00 PM,66,24,42
09/08/2017 02:00:00 PM,47,20,27
09/08/2017 01:00:00 PM,34,15,19
09/08/2017 12:00:00 PM,44,23,21
09/08/2017 11:00:00 AM,38,18,20
09/08/2017 10:00:00 AM,25,10,15
09/08/2017 09:00:00 AM,83,34,49
09/08/2017 08:00:00 AM,85,39,46
09/08/2017 07:00:00 AM,61,28,33
09/08/2017 06:00:00 AM,25,13,12
09/08/2017 05:00:00 AM,10,6,4
09/08/2017 04:00:00 AM,3,2,1
09/08/2017 03:00:00 AM,2,0,2
09/08/2017 02:00:00 AM,3,1,2
09/08/2017 01:00:00 AM,1,1,0
09/08/2017 12:00:00 AM,3,1,2
09/07/2017 11:00:00 PM,5,3,2
09/07/2017 10:00:00 PM,8,3,5
09/07/2017 09:00:00 PM,19,8,11
09/07/2017 08:00:00 PM,24,12,12
09/07/2017 07:00:00 PM,46,19,27
09/07/2017 06:00:00 PM,111,27,84
09/07/2017 05:00:00 PM,177,56,121
09/07/2017 04:00:00 PM,118,34,84
09/07/2017 03:00:00 PM,61,19,42
09/07/2017 02:00:00 PM,33,15,18
09/07/2017 01:00:00 PM,30,15,15
09/07/2017 12:00:00 PM,40,19,21
09/07/2017 11:00:00 AM,37,21,16
09/07/2017 10:00:00 AM,32,8,24
09/07/2017 09:00:00 AM,74,28,46
09/07/2017 08:00:00 AM,117,43,74
09/07/2017 07:00:00 AM,74,41,33
09/07/2017 06:00:00 AM,37,17,20
09/07/2017 05:00:00 AM,12,10,2
09/07/2017 04:00:00 AM,5,2,3
09/07/2017 03:00:00 AM,0,0,0
09/07/2017 02:00:00 AM,0,0,0
09/07/2017 01:00:00 AM,3,2,1
09/07/2017 12:00:00 AM,5,1,4
09/06/2017 11:00:00 PM,2,2,0
09/06/2017 10:00:00 PM,10,6,4
09/06/2017 09:00:00 PM,7,5,2
09/06/2017 08:00:00 PM,27,12,15
09/06/2017 07:00:00 PM,36,13,23
09/06/2017 06:00:00 PM,96,29,67
09/06/2017 05:00:00 PM,186,58,128
09/06/2017 04:00:00 PM,107,37,70
09/06/2017 03:00:00 PM,47,13,34
09/06/2017 02:00:00 PM,40,22,18
09/06/2017 01:00:00 PM,21,10,11
09/06/2017 12:00:00 PM,36,16,20
09/06/2017 11:00:00 AM,21,6,15
09/06/2017 10:00:00 AM,28,13,15
09/06/2017 09:00:00 AM,83,39,44
09/06/2017 08:00:00 AM,101,51,50
09/06/2017 07:00:00 AM,77,33,44
09/06/2017 06:00:00 AM,33,16,17
09/06/2017 05:00:00 AM,9,8,1
09/06/2017 04:00:00 AM,2,1,1
09/06/2017 03:00:00 AM,0,0,0
09/06/2017 02:00:00 AM,1,1,0
09/06/2017 01:00:00 AM,1,1,0
09/06/2017 12:00:00 AM,0,0,0
09/05/2017 11:00:00 PM,4,1,3
09/05/2017 10:00:00 PM,21,15,6
09/05/2017 09:00:00 PM,10,6,4
09/05/2017 08:00:00 PM,20,6,14
09/05/2017 07:00:00 PM,19,8,11
09/05/2017 06:00:00 PM,92,27,65
09/05/2017 05:00:00 PM,187,65,122
09/05/2017 04:00:00 PM,129,31,98
09/05/2017 03:00:00 PM,53,14,39
09/05/2017 02:00:00 PM,27,12,15
09/05/2017 01:00:00 PM,20,12,8
09/05/2017 12:00:00 PM,19,6,13
09/05/2017 11:00:00 AM,46,25,21
09/05/2017 10:00:00 AM,33,17,16
09/05/2017 09:00:00 AM,65,28,37
09/05/2017 08:00:00 AM,136,55,81
09/05/2017 07:00:00 AM,84,39,45
09/05/2017 06:00:00 AM,40,22,18
09/05/2017 05:00:00 AM,10,8,2
09/05/2017 04:00:00 AM,1,0,1
09/05/2017 03:00:00 AM,1,0,1
09/05/2017 02:00:00 AM,1,0,1
09/05/2017 01:00:00 AM,1,1,0
09/05/2017 12:00:00 AM,4,2,2
09/04/2017 11:00:00 PM,3,0,3
09/04/2017 10:00:00 PM,7,5,2
09/04/2017 09:00:00 PM,14,7,7
09/04/2017 08:00:00 PM,17,10,7
09/04/2017 07:00:00 PM,15,12,3
09/04/2017 06:00:00 PM,27,13,14
09/04/2017 05:00:00 PM,21,4,17
09/04/2017 04:00:00 PM,28,14,14
09/04/2017 03:00:00 PM,36,15,21
09/04/2017 02:00:00 PM,32,14,18
09/04/2017 01:00:00 PM,31,14,17
09/04/2017 12:00:00 PM,33,13,20
09/04/2017 11:00:00 AM,20,5,15
09/04/2017 10:00:00 AM,16,6,10
09/04/2017 09:00:00 AM,11,7,4
09/04/2017 08:00:00 AM,16,8,8
09/04/2017 07:00:00 AM,10,3,7
09/04/2017 06:00:00 AM,4,2,2
09/04/2017 05:00:00 AM,1,0,1
09/04/2017 04:00:00 AM,0,0,0
09/04/2017 03:00:00 AM,2,0,2
09/04/2017 02:00:00 AM,1,1,0
09/04/2017 01:00:00 AM,1,0,1
09/04/2017 12:00:00 AM,6,2,4
09/03/2017 11:00:00 PM,5,0,5
09/03/2017 10:00:00 PM,3,2,1
09/03/2017 09:00:00 PM,4,0,4
09/03/2017 08:00:00 PM,15,11,4
09/03/2017 07:00:00 PM,17,10,7
09/03/2017 06:00:00 PM,16,5,11
09/03/2017 05:00:00 PM,30,13,17
09/03/2017 04:00:00 PM,32,21,11
09/03/2017 03:00:00 PM,15,6,9
09/03/2017 02:00:00 PM,34,10,24
09/03/2017 01:00:00 PM,24,15,9
09/03/2017 12:00:00 PM,26,11,15
09/03/2017 11:00:00 AM,24,4,20
09/03/2017 10:00:00 AM,23,10,13
09/03/2017 09:00:00 AM,16,3,13
09/03/2017 08:00:00 AM,9,3,6
09/03/2017 07:00:00 AM,3,2,1
09/03/2017 06:00:00 AM,3,1,2
09/03/2017 05:00:00 AM,0,0,0
09/03/2017 04:00:00 AM,0,0,0
09/03/2017 03:00:00 AM,2,1,1
09/03/2017 02:00:00 AM,3,1,2
09/03/2017 01:00:00 AM,5,3,2
09/03/2017 12:00:00 AM,2,0,2
09/02/2017 11:00:00 PM,6,3,3
09/02/2017 10:00:00 PM,13,8,5
09/02/2017 09:00:00 PM,13,9,4
09/02/2017 08:00:00 PM,8,3,5
09/02/2017 07:00:00 PM,15,8,7
09/02/2017 06:00:00 PM,25,10,15
09/02/2017 05:00:00 PM,20,7,13
09/02/2017 04:00:00 PM,21,9,12
09/02/2017 03:00:00 PM,25,10,15
09/02/2017 02:00:00 PM,26,12,14
09/02/2017 01:00:00 PM,27,14,13
09/02/2017 12:00:00 PM,23,8,15
09/02/2017 11:00:00 AM,23,10,13
09/02/2017 10:00:00 AM,17,7,10
09/02/2017 09:00:00 AM,20,11,9
09/02/2017 08:00:00 AM,18,6,12
09/02/2017 07:00:00 AM,7,6,1
09/02/2017 06:00:00 AM,2,1,1
09/02/2017 05:00:00 AM,1,0,1
09/02/2017 04:00:00 AM,0,0,0
09/02/2017 03:00:00 AM,3,2,1
09/02/2017 02:00:00 AM,2,2,0
09/02/2017 01:00:00 AM,6,1,5
09/02/2017 12:00:00 AM,3,1,2
09/01/2017 11:00:00 PM,13,4,9
09/01/2017 10:00:00 PM,8,7,1
09/01/2017 09:00:00 PM,14,6,8
09/01/2017 08:00:00 PM,27,11,16
09/01/2017 07:00:00 PM,47,21,26
09/01/2017 06:00:00 PM,78,25,53
09/01/2017 05:00:00 PM,129,39,90
09/01/2017 04:00:00 PM,141,49,92
09/01/2017 03:00:00 PM,70,26,44
09/01/2017 02:00:00 PM,64,29,35
09/01/2017 01:00:00 PM,30,18,12
09/01/2017 12:00:00 PM,37,12,25
09/01/2017 11:00:00 AM,40,20,20
09/01/2017 10:00:00 AM,44,20,24
09/01/2017 09:00:00 AM,85,36,49
09/01/2017 08:00:00 AM,96,46,50
09/01/2017 07:00:00 AM,74,36,38
09/01/2017 06:00:00 AM,31,16,15
09/01/2017 05:00:00 AM,11,4,7
09/01/2017 04:00:00 AM,2,1,1
09/01/2017 03:00:00 AM,0,0,0
09/01/2017 02:00:00 AM,1,0,1
09/01/2017 01:00:00 AM,2,0,2
09/01/2017 12:00:00 AM,3,1,2
08/31/2017 11:00:00 PM,2,0,2
08/31/2017 10:00:00 PM,10,7,3
08/31/2017 09:00:00 PM,18,7,11
08/31/2017 08:00:00 PM,25,9,16
08/31/2017 07:00:00 PM,46,23,23
08/31/2017 06:00:00 PM,116,35,81
08/31/2017 05:00:00 PM,164,60,104
08/31/2017 04:00:00 PM,134,34,100
08/31/2017 03:00:00 PM,46,18,28
08/31/2017 02:00:00 PM,24,12,12
08/31/2017 01:00:00 PM,23,8,15
08/31/2017 12:00:00 PM,34,22,12
08/31/2017 11:00:00 AM,28,18,10
08/31/2017 10:00:00 AM,37,18,19
08/31/2017 09:00:00 AM,60,34,26
08/31/2017 08:00:00 AM,142,60,82
08/31/2017 07:00:00 AM,81,39,42
08/31/2017 06:00:00 AM,36,16,20
08/31/2017 05:00:00 AM,11,7,4
08/31/2017 04:00:00 AM,1,0,1
08/31/2017 03:00:00 AM,3,0,3
08/31/2017 02:00:00 AM,1,0,1
08/31/2017 01:00:00 AM,1,1,0
08/31/2017 12:00:00 AM,1,1,0
08/30/2017 11:00:00 PM,6,3,3
08/30/2017 10:00:00 PM,11,5,6
08/30/2017 09:00:00 PM,15,5,10
08/30/2017 08:00:00 PM,20,5,15
08/30/2017 07:00:00 PM,36,17,19
08/30/2017 06:00:00 PM,108,31,77
08/30/2017 05:00:00 PM,199,60,139
08/30/2017 04:00:00 PM,134,39,95
08/30/2017 03:00:00 PM,66,15,51
08/30/2017 02:00:00 PM,39,24,15
08/30/2017 01:00:00 PM,36,17,19
08/30/2017 12:00:00 PM,33,17,16
08/30/2017 11:00:00 AM,32,15,17
08/30/2017 10:00:00 AM,38,12,26
08/30/2017 09:00:00 AM,78,33,45
08/30/2017 08:00:00 AM,139,64,75
08/30/2017 07:00:00 AM,97,40,57
08/30/2017 06:00:00 AM,29,15,14
08/30/2017 05:00:00 AM,11,7,4
08/30/2017 04:00:00 AM,1,0,1
08/30/2017 03:00:00 AM,2,1,1
08/30/2017 02:00:00 AM,1,0,1
08/30/2017 01:00:00 AM,5,2,3
08/30/2017 12:00:00 AM,1,0,1
08/29/2017 11:00:00 PM,4,1,3
08/29/2017 10:00:00 PM,10,4,6
08/29/2017 09:00:00 PM,9,4,5
08/29/2017 08:00:00 PM,21,11,10
08/29/2017 07:00:00 PM,43,17,26
08/29/2017 06:00:00 PM,88,36,52
08/29/2017 05:00:00 PM,205,73,132
08/29/2017 04:00:00 PM,136,43,93
08/29/2017 03:00:00 PM,64,15,49
08/29/2017 02:00:00 PM,28,19,9
08/29/2017 01:00:00 PM,18,6,12
08/29/2017 12:00:00 PM,43,25,18
08/29/2017 11:00:00 AM,33,15,18
08/29/2017 10:00:00 AM,33,22,11
08/29/2017 09:00:00 AM,85,30,55
08/29/2017 08:00:00 AM,153,63,90
08/29/2017 07:00:00 AM,105,50,55
08/29/2017 06:00:00 AM,38,21,17
08/29/2017 05:00:00 AM,8,5,3
08/29/2017 04:00:00 AM,2,1,1
08/29/2017 03:00:00 AM,1,0,1
08/29/2017 02:00:00 AM,2,2,0
08/29/2017 01:00:00 AM,1,1,0
08/29/2017 12:00:00 AM,1,1,0
08/28/2017 11:00:00 PM,3,2,1
08/28/2017 10:00:00 PM,7,3,4
08/28/2017 09:00:00 PM,13,6,7
08/28/2017 08:00:00 PM,16,8,8
08/28/2017 07:00:00 PM,44,13,31
08/28/2017 06:00:00 PM,124,49,75
08/28/2017 05:00:00 PM,187,58,129
08/28/2017 04:00:00 PM,119,47,72
08/28/2017 03:00:00 PM,53,19,34
08/28/2017 02:00:00 PM,34,12,22
08/28/2017 01:00:00 PM,36,17,19
08/28/2017 12:00:00 PM,33,15,18
08/28/2017 11:00:00 AM,34,13,21
08/28/2017 10:00:00 AM,27,14,13
08/28/2017 09:00:00 AM,84,49,35
08/28/2017 08:00:00 AM,152,69,83
08/28/2017 07:00:00 AM,100,48,52
08/28/2017 06:00:00 AM,32,18,14
08/28/2017 05:00:00 AM,7,4,3
08/28/2017 04:00:00 AM,1,0,1
08/28/2017 03:00:00 AM,1,1,0
08/28/2017 02:00:00 AM,3,1,2
08/28/2017 01:00:00 AM,0,0,0
08/28/2017 12:00:00 AM,1,0,1
08/27/2017 11:00:00 PM,5,3,2
08/27/2017 10:00:00 PM,8,6,2
08/27/2017 09:00:00 PM,32,23,9
08/27/2017 08:00:00 PM,33,32,1
08/27/2017 07:00:00 PM,8,5,3
08/27/2017 06:00:00 PM,42,15,27
08/27/2017 05:00:00 PM,51,15,36
08/27/2017 04:00:00 PM,34,11,23
08/27/2017 03:00:00 PM,25,12,13
08/27/2017 02:00:00 PM,35,25,10
08/27/2017 01:00:00 PM,23,14,9
08/27/2017 12:00:00 PM,28,15,13
08/27/2017 11:00:00 AM,26,14,12
08/27/2017 10:00:00 AM,29,10,19
08/27/2017 09:00:00 AM,10,5,5
08/27/2017 08:00:00 AM,9,6,3
08/27/2017 07:00:00 AM,4,1,3
08/27/2017 06:00:00 AM,7,1,6
08/27/2017 05:00:00 AM,0,0,0
08/27/2017 04:00:00 AM,2,1,1
08/27/2017 03:00:00 AM,2,2,0
08/27/2017 02:00:00 AM,5,2,3
08/27/2017 01:00:00 AM,1,1,0
08/27/2017 12:00:00 AM,1,0,1
08/26/2017 11:00:00 PM,5,3,2
08/26/2017 10:00:00 PM,9,4,5
08/26/2017 09:00:00 PM,6,3,3
08/26/2017 08:00:00 PM,11,7,4
08/26/2017 07:00:00 PM,15,10,5
08/26/2017 06:00:00 PM,23,10,13
08/26/2017 05:00:00 PM,20,5,15
08/26/2017 04:00:00 PM,25,17,8
08/26/2017 03:00:00 PM,27,18,9
08/26/2017 02:00:00 PM,20,9,11
08/26/2017 01:00:00 PM,40,22,18
08/26/2017 12:00:00 PM,29,12,17
08/26/2017 11:00:00 AM,32,18,14
08/26/2017 10:00:00 AM,21,11,10
08/26/2017 09:00:00 AM,18,6,12
08/26/2017 08:00:00 AM,14,7,7
08/26/2017 07:00:00 AM,10,5,5
08/26/2017 06:00:00 AM,6,3,3
08/26/2017 05:00:00 AM,2,2,0
08/26/2017 04:00:00 AM,0,0,0
08/26/2017 03:00:00 AM,3,0,3
08/26/2017 02:00:00 AM,4,4,0
08/26/2017 01:00:00 AM,2,1,1
08/26/2017 12:00:00 AM,4,2,2
08/25/2017 11:00:00 PM,11,4,7
08/25/2017 10:00:00 PM,13,2,11
08/25/2017 09:00:00 PM,19,11,8
08/25/2017 08:00:00 PM,43,29,14
08/25/2017 07:00:00 PM,42,21,21
08/25/2017 06:00:00 PM,87,29,58
08/25/2017 05:00:00 PM,147,53,94
08/25/2017 04:00:00 PM,160,50,110
08/25/2017 03:00:00 PM,77,27,50
08/25/2017 02:00:00 PM,37,12,25
08/25/2017 01:00:00 PM,49,22,27
08/25/2017 12:00:00 PM,42,22,20
08/25/2017 11:00:00 AM,52,25,27
08/25/2017 10:00:00 AM,35,18,17
08/25/2017 09:00:00 AM,94,45,49
08/25/2017 08:00:00 AM,100,35,65
08/25/2017 07:00:00 AM,86,39,47
08/25/2017 06:00:00 AM,24,11,13
08/25/2017 05:00:00 AM,7,7,0
08/25/2017 04:00:00 AM,3,1,2
08/25/2017 03:00:00 AM,0,0,0
08/25/2017 02:00:00 AM,1,0,1
08/25/2017 01:00:00 AM,0,0,0
08/25/2017 12:00:00 AM,2,1,1
08/24/2017 11:00:00 PM,5,2,3
08/24/2017 10:00:00 PM,6,2,4
08/24/2017 09:00:00 PM,11,3,8
08/24/2017 08:00:00 PM,23,14,9
08/24/2017 07:00:00 PM,55,23,32
08/24/2017 06:00:00 PM,117,40,77
08/24/2017 05:00:00 PM,164,51,113
08/24/2017 04:00:00 PM,133,47,86
08/24/2017 03:00:00 PM,57,21,36
08/24/2017 02:00:00 PM,26,14,12
08/24/2017 01:00:00 PM,37,17,20
08/24/2017 12:00:00 PM,45,25,20
08/24/2017 11:00:00 AM,35,19,16
08/24/2017 10:00:00 AM,33,13,20
08/24/2017 09:00:00 AM,82,45,37
08/24/2017 08:00:00 AM,134,53,81
08/24/2017 07:00:00 AM,83,43,40
08/24/2017 06:00:00 AM,41,22,19
08/24/2017 05:00:00 AM,6,4,2
08/24/2017 04:00:00 AM,3,2,1
08/24/2017 03:00:00 AM,0,0,0
08/24/2017 02:00:00 AM,2,1,1
08/24/2017 01:00:00 AM,0,0,0
08/24/2017 12:00:00 AM,5,3,2
08/23/2017 11:00:00 PM,4,1,3
08/23/2017 10:00:00 PM,14,6,8
08/23/2017 09:00:00 PM,7,4,3
08/23/2017 08:00:00 PM,21,6,15
08/23/2017 07:00:00 PM,40,18,22
08/23/2017 06:00:00 PM,121,51,70
08/23/2017 05:00:00 PM,191,73,118
08/23/2017 04:00:00 PM,152,50,102
08/23/2017 03:00:00 PM,64,18,46
08/23/2017 02:00:00 PM,30,15,15
08/23/2017 01:00:00 PM,28,18,10
08/23/2017 12:00:00 PM,50,24,26
08/23/2017 11:00:00 AM,28,12,16
08/23/2017 10:00:00 AM,27,9,18
08/23/2017 09:00:00 AM,92,45,47
08/23/2017 08:00:00 AM,134,53,81
08/23/2017 07:00:00 AM,97,41,56
08/23/2017 06:00:00 AM,44,25,19
08/23/2017 05:00:00 AM,10,7,3
08/23/2017 04:00:00 AM,5,4,1
08/23/2017 03:00:00 AM,0,0,0
08/23/2017 02:00:00 AM,1,0,1
08/23/2017 01:00:00 AM,1,0,1
08/23/2017 12:00:00 AM,1,1,0
08/22/2017 11:00:00 PM,4,2,2
08/22/2017 10:00:00 PM,9,7,2
08/22/2017 09:00:00 PM,12,4,8
08/22/2017 08:00:00 PM,21,11,10
08/22/2017 07:00:00 PM,49,20,29
08/22/2017 06:00:00 PM,101,40,61
08/22/2017 05:00:00 PM,197,70,127
08/22/2017 04:00:00 PM,152,39,113
08/22/2017 03:00:00 PM,42,11,31
08/22/2017 02:00:00 PM,30,14,16
08/22/2017 01:00:00 PM,46,27,19
08/22/2017 12:00:00 PM,41,16,25
08/22/2017 11:00:00 AM,31,12,19
08/22/2017 10:00:00 AM,38,14,24
08/22/2017 09:00:00 AM,86,36,50
08/22/2017 08:00:00 AM,150,56,94
08/22/2017 07:00:00 AM,98,42,56
08/22/2017 06:00:00 AM,44,22,22
08/22/2017 05:00:00 AM,10,8,2
08/22/2017 04:00:00 AM,1,0,1
08/22/2017 03:00:00 AM,1,1,0
08/22/2017 02:00:00 AM,1,0,1
08/22/2017 01:00:00 AM,0,0,0
08/22/2017 12:00:00 AM,2,1,1
08/21/2017 11:00:00 PM,0,0,0
08/21/2017 10:00:00 PM,4,1,3
08/21/2017 09:00:00 PM,7,3,4
08/21/2017 08:00:00 PM,14,8,6
08/21/2017 07:00:00 PM,23,12,11
08/21/2017 06:00:00 PM,84,29,55
08/21/2017 05:00:00 PM,155,55,100
08/21/2017 04:00:00 PM,106,34,72
08/21/2017 03:00:00 PM,59,19,40
08/21/2017 02:00:00 PM,36,19,17
08/21/2017 01:00:00 PM,26,14,12
08/21/2017 12:00:00 PM,40,18,22
08/21/2017 11:00:00 AM,39,19,20
08/21/2017 10:00:00 AM,32,15,17
08/21/2017 09:00:00 AM,57,27,30
08/21/2017 08:00:00 AM,93,37,56
08/21/2017 07:00:00 AM,85,37,48
08/21/2017 06:00:00 AM,39,17,22
08/21/2017 05:00:00 AM,10,8,2
08/21/2017 04:00:00 AM,1,0,1
08/21/2017 03:00:00 AM,2,2,0
08/21/2017 02:00:00 AM,4,0,4
08/21/2017 01:00:00 AM,1,1,0
08/21/2017 12:00:00 AM,0,0,0
08/20/2017 11:00:00 PM,5,3,2
08/20/2017 10:00:00 PM,5,5,0
08/20/2017 09:00:00 PM,38,35,3
08/20/2017 08:00:00 PM,13,6,7
08/20/2017 07:00:00 PM,19,3,16
08/20/2017 06:00:00 PM,41,12,29
08/20/2017 05:00:00 PM,42,19,23
08/20/2017 04:00:00 PM,27,15,12
08/20/2017 03:00:00 PM,25,9,16
08/20/2017 02:00:00 PM,33,14,19
08/20/2017 01:00:00 PM,23,12,11
08/20/2017 12:00:00 PM,21,11,10
08/20/2017 11:00:00 AM,18,4,14
08/20/2017 10:00:00 AM,12,6,6
08/20/2017 09:00:00 AM,16,12,4
08/20/2017 08:00:00 AM,10,5,5
08/20/2017 07:00:00 AM,10,7,3
08/20/2017 06:00:00 AM,1,0,1
08/20/2017 05:00:00 AM,0,0,0
08/20/2017 04:00:00 AM,0,0,0
08/20/2017 03:00:00 AM,2,0,2
08/20/2017 02:00:00 AM,0,0,0
08/20/2017 01:00:00 AM,4,4,0
08/20/2017 12:00:00 AM,11,5,6
08/19/2017 11:00:00 PM,10,10,0
08/19/2017 10:00:00 PM,6,5,1
08/19/2017 09:00:00 PM,8,6,2
08/19/2017 08:00:00 PM,17,7,10
08/19/2017 07:00:00 PM,16,9,7
08/19/2017 06:00:00 PM,32,8,24
08/19/2017 05:00:00 PM,27,16,11
08/19/2017 04:00:00 PM,31,18,13
08/19/2017 03:00:00 PM,32,17,15
08/19/2017 02:00:00 PM,27,17,10
08/19/2017 01:00:00 PM,44,18,26
08/19/2017 12:00:00 PM,15,6,9
08/19/2017 11:00:00 AM,21,10,11
08/19/2017 10:00:00 AM,16,5,11
08/19/2017 09:00:00 AM,15,11,4
08/19/2017 08:00:00 AM,9,4,5
08/19/2017 07:00:00 AM,12,9,3
08/19/2017 06:00:00 AM,4,2,2
08/19/2017 05:00:00 AM,1,0,1
08/19/2017 04:00:00 AM,0,0,0
08/19/2017 03:00:00 AM,0,0,0
08/19/2017 02:00:00 AM,1,1,0
08/19/2017 01:00:00 AM,0,0,0
08/19/2017 12:00:00 AM,6,4,2
08/18/2017 11:00:00 PM,16,11,5
08/18/2017 10:00:00 PM,19,10,9
08/18/2017 09:00:00 PM,20,12,8
08/18/2017 08:00:00 PM,17,8,9
08/18/2017 07:00:00 PM,49,23,26
08/18/2017 06:00:00 PM,87,33,54
08/18/2017 05:00:00 PM,165,53,112
08/18/2017 04:00:00 PM,142,53,89
08/18/2017 03:00:00 PM,69,23,46
08/18/2017 02:00:00 PM,55,22,33
08/18/2017 01:00:00 PM,44,17,27
08/18/2017 12:00:00 PM,50,32,18
08/18/2017 11:00:00 AM,31,17,14
08/18/2017 10:00:00 AM,32,11,21
08/18/2017 09:00:00 AM,82,35,47
08/18/2017 08:00:00 AM,114,50,64
08/18/2017 07:00:00 AM,72,33,39
08/18/2017 06:00:00 AM,27,18,9
08/18/2017 05:00:00 AM,11,7,4
08/18/2017 04:00:00 AM,1,1,0
08/18/2017 03:00:00 AM,0,0,0
08/18/2017 02:00:00 AM,1,1,0
08/18/2017 01:00:00 AM,1,0,1
08/18/2017 12:00:00 AM,5,5,0
08/17/2017 11:00:00 PM,3,2,1
08/17/2017 10:00:00 PM,16,9,7
08/17/2017 09:00:00 PM,12,4,8
08/17/2017 08:00:00 PM,24,12,12
08/17/2017 07:00:00 PM,42,18,24
08/17/2017 06:00:00 PM,116,40,76
08/17/2017 05:00:00 PM,206,65,141
08/17/2017 04:00:00 PM,133,50,83
08/17/2017 03:00:00 PM,68,23,45
08/17/2017 02:00:00 PM,40,18,22
08/17/2017 01:00:00 PM,40,20,20
08/17/2017 12:00:00 PM,47,29,18
08/17/2017 11:00:00 AM,32,19,13
08/17/2017 10:00:00 AM,33,16,17
08/17/2017 09:00:00 AM,86,42,44
08/17/2017 08:00:00 AM,151,59,92
08/17/2017 07:00:00 AM,92,40,52
08/17/2017 06:00:00 AM,41,19,22
08/17/2017 05:00:00 AM,9,8,1
08/17/2017 04:00:00 AM,1,0,1
08/17/2017 03:00:00 AM,3,1,2
08/17/2017 02:00:00 AM,1,1,0
08/17/2017 01:00:00 AM,2,2,0
08/17/2017 12:00:00 AM,2,2,0
08/16/2017 11:00:00 PM,5,3,2
08/16/2017 10:00:00 PM,6,4,2
08/16/2017 09:00:00 PM,12,3,9
08/16/2017 08:00:00 PM,29,10,19
08/16/2017 07:00:00 PM,41,18,23
08/16/2017 06:00:00 PM,119,42,77
08/16/2017 05:00:00 PM,226,69,157
08/16/2017 04:00:00 PM,153,68,85
08/16/2017 03:00:00 PM,69,23,46
08/16/2017 02:00:00 PM,35,13,22
08/16/2017 01:00:00 PM,53,22,31
08/16/2017 12:00:00 PM,56,16,40
08/16/2017 11:00:00 AM,46,15,31
08/16/2017 10:00:00 AM,40,19,21
08/16/2017 09:00:00 AM,101,46,55
08/16/2017 08:00:00 AM,177,86,91
08/16/2017 07:00:00 AM,96,43,53
08/16/2017 06:00:00 AM,36,15,21
08/16/2017 05:00:00 AM,12,12,0
08/16/2017 04:00:00 AM,1,0,1
08/16/2017 03:00:00 AM,1,0,1
08/16/2017 02:00:00 AM,1,0,1
08/16/2017 01:00:00 AM,0,0,0
08/16/2017 12:00:00 AM,1,0,1
08/15/2017 11:00:00 PM,3,1,2
08/15/2017 10:00:00 PM,19,11,8
08/15/2017 09:00:00 PM,19,12,7
08/15/2017 08:00:00 PM,20,7,13
08/15/2017 07:00:00 PM,42,22,20
08/15/2017 06:00:00 PM,133,41,92
08/15/2017 05:00:00 PM,224,78,146
08/15/2017 04:00:00 PM,145,47,98
08/15/2017 03:00:00 PM,74,21,53
08/15/2017 02:00:00 PM,40,12,28
08/15/2017 01:00:00 PM,33,16,17
08/15/2017 12:00:00 PM,37,20,17
08/15/2017 11:00:00 AM,23,10,13
08/15/2017 10:00:00 AM,37,14,23
08/15/2017 09:00:00 AM,97,36,61
08/15/2017 08:00:00 AM,158,66,92
08/15/2017 07:00:00 AM,96,43,53
08/15/2017 06:00:00 AM,49,22,27
08/15/2017 05:00:00 AM,12,8,4
08/15/2017 04:00:00 AM,3,3,0
08/15/2017 03:00:00 AM,0,0,0
08/15/2017 02:00:00 AM,0,0,0
08/15/2017 01:00:00 AM,0,0,0
08/15/2017 12:00:00 AM,1,1,0
08/14/2017 11:00:00 PM,4,1,3
08/14/2017 10:00:00 PM,17,13,4
08/14/2017 09:00:00 PM,15,8,7
08/14/2017 08:00:00 PM,22,7,15
08/14/2017 07:00:00 PM,44,15,29
08/14/2017 06:00:00 PM,113,40,73
08/14/2017 05:00:00 PM,221,65,156
08/14/2017 04:00:00 PM,150,46,104
08/14/2017 03:00:00 PM,69,20,49
08/14/2017 02:00:00 PM,32,14,18
08/14/2017 01:00:00 PM,36,17,19
08/14/2017 12:00:00 PM,33,12,21
08/14/2017 11:00:00 AM,25,10,15
08/14/2017 10:00:00 AM,36,16,20
08/14/2017 09:00:00 AM,102,55,47
08/14/2017 08:00:00 AM,157,67,90
08/14/2017 07:00:00 AM,73,33,40
08/14/2017 06:00:00 AM,36,19,17
08/14/2017 05:00:00 AM,10,7,3
08/14/2017 04:00:00 AM,3,2,1
08/14/2017 03:00:00 AM,0,0,0
08/14/2017 02:00:00 AM,1,0,1
08/14/2017 01:00:00 AM,1,0,1
08/14/2017 12:00:00 AM,0,0,0
08/13/2017 11:00:00 PM,5,1,4
08/13/2017 10:00:00 PM,8,5,3
08/13/2017 09:00:00 PM,3,1,2
08/13/2017 08:00:00 PM,8,1,7
08/13/2017 07:00:00 PM,13,9,4
08/13/2017 06:00:00 PM,18,5,13
08/13/2017 05:00:00 PM,33,20,13
08/13/2017 04:00:00 PM,26,10,16
08/13/2017 03:00:00 PM,25,13,12
08/13/2017 02:00:00 PM,18,7,11
08/13/2017 01:00:00 PM,33,15,18
08/13/2017 12:00:00 PM,34,10,24
08/13/2017 11:00:00 AM,31,11,20
08/13/2017 10:00:00 AM,13,6,7
08/13/2017 09:00:00 AM,10,3,7
08/13/2017 08:00:00 AM,7,4,3
08/13/2017 07:00:00 AM,7,6,1
08/13/2017 06:00:00 AM,2,0,2
08/13/2017 05:00:00 AM,2,1,1
08/13/2017 04:00:00 AM,2,2,0
08/13/2017 03:00:00 AM,2,2,0
08/13/2017 02:00:00 AM,2,1,1
08/13/2017 01:00:00 AM,0,0,0
08/13/2017 12:00:00 AM,3,2,1
08/12/2017 11:00:00 PM,2,2,0
08/12/2017 10:00:00 PM,11,7,4
08/12/2017 09:00:00 PM,9,6,3
08/12/2017 08:00:00 PM,14,2,12
08/12/2017 07:00:00 PM,25,10,15
08/12/2017 06:00:00 PM,20,12,8
08/12/2017 05:00:00 PM,23,12,11
08/12/2017 04:00:00 PM,54,33,21
08/12/2017 03:00:00 PM,57,48,9
08/12/2017 02:00:00 PM,31,11,20
08/12/2017 01:00:00 PM,41,17,24
08/12/2017 12:00:00 PM,58,8,50
08/12/2017 11:00:00 AM,38,18,20
08/12/2017 10:00:00 AM,21,6,15
08/12/2017 09:00:00 AM,20,4,16
08/12/2017 08:00:00 AM,18,6,12
08/12/2017 07:00:00 AM,13,5,8
08/12/2017 06:00:00 AM,6,6,0
08/12/2017 05:00:00 AM,2,1,1
08/12/2017 04:00:00 AM,1,1,0
08/12/2017 03:00:00 AM,0,0,0
08/12/2017 02:00:00 AM,3,0,3
08/12/2017 01:00:00 AM,6,5,1
08/12/2017 12:00:00 AM,8,5,3
08/11/2017 11:00:00 PM,6,4,2
08/11/2017 10:00:00 PM,16,12,4
08/11/2017 09:00:00 PM,11,3,8
08/11/2017 08:00:00 PM,19,4,15
08/11/2017 07:00:00 PM,37,12,25
08/11/2017 06:00:00 PM,81,28,53
08/11/2017 05:00:00 PM,147,62,85
08/11/2017 04:00:00 PM,136,42,94
08/11/2017 03:00:00 PM,71,25,46
08/11/2017 02:00:00 PM,60,29,31
08/11/2017 01:00:00 PM,49,22,27
08/11/2017 12:00:00 PM,34,14,20
08/11/2017 11:00:00 AM,43,26,17
08/11/2017 10:00:00 AM,27,6,21
08/11/2017 09:00:00 AM,82,37,45
08/11/2017 08:00:00 AM,92,33,59
08/11/2017 07:00:00 AM,74,36,38
08/11/2017 06:00:00 AM,31,19,12
08/11/2017 05:00:00 AM,11,7,4
08/11/2017 04:00:00 AM,2,1,1
08/11/2017 03:00:00 AM,0,0,0
08/11/2017 02:00:00 AM,3,1,2
08/11/2017 01:00:00 AM,1,1,0
08/11/2017 12:00:00 AM,6,2,4
08/10/2017 11:00:00 PM,5,3,2
08/10/2017 10:00:00 PM,17,10,7
08/10/2017 09:00:00 PM,20,10,10
08/10/2017 08:00:00 PM,19,9,10
08/10/2017 07:00:00 PM,42,20,22
08/10/2017 06:00:00 PM,117,33,84
08/10/2017 05:00:00 PM,172,51,121
08/10/2017 04:00:00 PM,134,35,99
08/10/2017 03:00:00 PM,70,26,44
08/10/2017 02:00:00 PM,47,19,28
08/10/2017 01:00:00 PM,40,19,21
08/10/2017 12:00:00 PM,46,27,19
08/10/2017 11:00:00 AM,36,22,14
08/10/2017 10:00:00 AM,29,13,16
08/10/2017 09:00:00 AM,84,40,44
08/10/2017 08:00:00 AM,117,44,73
08/10/2017 07:00:00 AM,89,40,49
08/10/2017 06:00:00 AM,37,21,16
08/10/2017 05:00:00 AM,12,8,4
08/10/2017 04:00:00 AM,2,1,1
08/10/2017 03:00:00 AM,1,1,0
08/10/2017 02:00:00 AM,1,1,0
08/10/2017 01:00:00 AM,1,0,1
08/10/2017 12:00:00 AM,14,8,6
08/09/2017 11:00:00 PM,13,10,3
08/09/2017 10:00:00 PM,14,3,11
08/09/2017 09:00:00 PM,12,2,10
08/09/2017 08:00:00 PM,29,13,16
08/09/2017 07:00:00 PM,50,19,31
08/09/2017 06:00:00 PM,131,42,89
08/09/2017 05:00:00 PM,220,72,148
08/09/2017 04:00:00 PM,136,46,90
08/09/2017 03:00:00 PM,57,20,37
08/09/2017 02:00:00 PM,44,17,27
08/09/2017 01:00:00 PM,39,21,18
08/09/2017 12:00:00 PM,46,20,26
08/09/2017 11:00:00 AM,34,12,22
08/09/2017 10:00:00 AM,31,16,15
08/09/2017 09:00:00 AM,102,48,54
08/09/2017 08:00:00 AM,134,49,85
08/09/2017 07:00:00 AM,94,47,47
08/09/2017 06:00:00 AM,43,22,21
08/09/2017 05:00:00 AM,8,7,1
08/09/2017 04:00:00 AM,3,1,2
08/09/2017 03:00:00 AM,2,0,2
08/09/2017 02:00:00 AM,2,2,0
08/09/2017 01:00:00 AM,0,0,0
08/09/2017 12:00:00 AM,1,1,0
08/08/2017 11:00:00 PM,8,2,6
08/08/2017 10:00:00 PM,10,3,7
08/08/2017 09:00:00 PM,14,4,10
08/08/2017 08:00:00 PM,36,18,18
08/08/2017 07:00:00 PM,36,19,17
08/08/2017 06:00:00 PM,113,41,72
08/08/2017 05:00:00 PM,213,74,139
08/08/2017 04:00:00 PM,176,58,118
08/08/2017 03:00:00 PM,72,29,43
08/08/2017 02:00:00 PM,50,18,32
08/08/2017 01:00:00 PM,38,16,22
08/08/2017 12:00:00 PM,46,22,24
08/08/2017 11:00:00 AM,35,20,15
08/08/2017 10:00:00 AM,35,17,18
08/08/2017 09:00:00 AM,88,38,50
08/08/2017 08:00:00 AM,147,65,82
08/08/2017 07:00:00 AM,92,42,50
08/08/2017 06:00:00 AM,50,26,24
08/08/2017 05:00:00 AM,13,8,5
08/08/2017 04:00:00 AM,1,0,1
08/08/2017 03:00:00 AM,1,0,1
08/08/2017 02:00:00 AM,1,1,0
08/08/2017 01:00:00 AM,1,1,0
08/08/2017 12:00:00 AM,5,2,3
08/07/2017 11:00:00 PM,6,3,3
08/07/2017 10:00:00 PM,8,3,5
08/07/2017 09:00:00 PM,7,2,5
08/07/2017 08:00:00 PM,19,7,12
08/07/2017 07:00:00 PM,32,16,16
08/07/2017 06:00:00 PM,105,34,71
08/07/2017 05:00:00 PM,213,69,144
08/07/2017 04:00:00 PM,152,50,102
08/07/2017 03:00:00 PM,71,17,54
08/07/2017 02:00:00 PM,39,12,27
08/07/2017 01:00:00 PM,32,15,17
08/07/2017 12:00:00 PM,36,20,16
08/07/2017 11:00:00 AM,46,27,19
08/07/2017 10:00:00 AM,33,18,15
08/07/2017 09:00:00 AM,98,49,49
08/07/2017 08:00:00 AM,126,60,66
08/07/2017 07:00:00 AM,98,43,55
08/07/2017 06:00:00 AM,38,21,17
08/07/2017 05:00:00 AM,18,13,5
08/07/2017 04:00:00 AM,2,2,0
08/07/2017 03:00:00 AM,1,0,1
08/07/2017 02:00:00 AM,1,1,0
08/07/2017 01:00:00 AM,3,0,3
08/07/2017 12:00:00 AM,0,0,0
08/06/2017 11:00:00 PM,1,1,0
08/06/2017 10:00:00 PM,7,4,3
08/06/2017 09:00:00 PM,3,2,1
08/06/2017 08:00:00 PM,15,9,6
08/06/2017 07:00:00 PM,19,10,9
08/06/2017 06:00:00 PM,24,11,13
08/06/2017 05:00:00 PM,23,10,13
08/06/2017 04:00:00 PM,29,14,15
08/06/2017 03:00:00 PM,32,19,13
08/06/2017 02:00:00 PM,19,8,11
08/06/2017 01:00:00 PM,33,15,18
08/06/2017 12:00:00 PM,48,12,36
08/06/2017 11:00:00 AM,33,8,25
08/06/2017 10:00:00 AM,13,10,3
08/06/2017 09:00:00 AM,20,4,16
08/06/2017 08:00:00 AM,7,4,3
08/06/2017 07:00:00 AM,5,2,3
08/06/2017 06:00:00 AM,1,1,0
08/06/2017 05:00:00 AM,1,1,0
08/06/2017 04:00:00 AM,1,1,0
08/06/2017 03:00:00 AM,1,1,0
08/06/2017 02:00:00 AM,6,3,3
08/06/2017 01:00:00 AM,8,8,0
08/06/2017 12:00:00 AM,3,2,1
08/05/2017 11:00:00 PM,11,7,4
08/05/2017 10:00:00 PM,5,4,1
08/05/2017 09:00:00 PM,25,15,10
08/05/2017 08:00:00 PM,23,15,8
08/05/2017 07:00:00 PM,18,6,12
08/05/2017 06:00:00 PM,80,26,54
08/05/2017 05:00:00 PM,60,33,27
08/05/2017 04:00:00 PM,56,39,17
08/05/2017 03:00:00 PM,41,25,16
08/05/2017 02:00:00 PM,39,22,17
08/05/2017 01:00:00 PM,51,29,22
08/05/2017 12:00:00 PM,27,9,18
08/05/2017 11:00:00 AM,26,8,18
08/05/2017 10:00:00 AM,18,6,12
08/05/2017 09:00:00 AM,13,6,7
08/05/2017 08:00:00 AM,14,7,7
08/05/2017 07:00:00 AM,6,5,1
08/05/2017 06:00:00 AM,3,2,1
08/05/2017 05:00:00 AM,1,1,0
08/05/2017 04:00:00 AM,0,0,0
08/05/2017 03:00:00 AM,0,0,0
08/05/2017 02:00:00 AM,2,0,2
08/05/2017 01:00:00 AM,0,0,0
08/05/2017 12:00:00 AM,4,3,1
08/04/2017 11:00:00 PM,4,2,2
08/04/2017 10:00:00 PM,11,8,3
08/04/2017 09:00:00 PM,14,7,7
08/04/2017 08:00:00 PM,21,8,13
08/04/2017 07:00:00 PM,29,13,16
08/04/2017 06:00:00 PM,84,40,44
08/04/2017 05:00:00 PM,130,47,83
08/04/2017 04:00:00 PM,111,38,73
08/04/2017 03:00:00 PM,74,32,42
08/04/2017 02:00:00 PM,29,10,19
08/04/2017 01:00:00 PM,36,16,20
08/04/2017 12:00:00 PM,37,17,20
08/04/2017 11:00:00 AM,56,24,32
08/04/2017 10:00:00 AM,43,19,24
08/04/2017 09:00:00 AM,79,28,51
08/04/2017 08:00:00 AM,94,46,48
08/04/2017 07:00:00 AM,71,30,41
08/04/2017 06:00:00 AM,20,10,10
08/04/2017 05:00:00 AM,13,10,3
08/04/2017 04:00:00 AM,2,2,0
08/04/2017 03:00:00 AM,0,0,0
08/04/2017 02:00:00 AM,0,0,0
08/04/2017 01:00:00 AM,1,0,1
08/04/2017 12:00:00 AM,3,0,3
08/03/2017 11:00:00 PM,8,7,1
08/03/2017 10:00:00 PM,15,9,6
08/03/2017 09:00:00 PM,22,13,9
08/03/2017 08:00:00 PM,32,19,13
08/03/2017 07:00:00 PM,67,32,35
08/03/2017 06:00:00 PM,106,33,73
08/03/2017 05:00:00 PM,194,61,133
08/03/2017 04:00:00 PM,131,46,85
08/03/2017 03:00:00 PM,67,16,51
08/03/2017 02:00:00 PM,42,14,28
08/03/2017 01:00:00 PM,47,18,29
08/03/2017 12:00:00 PM,49,34,15
08/03/2017 11:00:00 AM,28,8,20
08/03/2017 10:00:00 AM,44,18,26
08/03/2017 09:00:00 AM,92,40,52
08/03/2017 08:00:00 AM,115,49,66
08/03/2017 07:00:00 AM,104,50,54
08/03/2017 06:00:00 AM,29,15,14
08/03/2017 05:00:00 AM,12,9,3
08/03/2017 04:00:00 AM,2,1,1
08/03/2017 03:00:00 AM,0,0,0
08/03/2017 02:00:00 AM,1,0,1
08/03/2017 01:00:00 AM,1,1,0
08/03/2017 12:00:00 AM,0,0,0
08/02/2017 11:00:00 PM,5,4,1
08/02/2017 10:00:00 PM,9,5,4
08/02/2017 09:00:00 PM,14,7,7
08/02/2017 08:00:00 PM,22,11,11
08/02/2017 07:00:00 PM,40,22,18
08/02/2017 06:00:00 PM,110,38,72
08/02/2017 05:00:00 PM,221,67,154
08/02/2017 04:00:00 PM,164,58,106
08/02/2017 03:00:00 PM,74,25,49
08/02/2017 02:00:00 PM,43,20,23
08/02/2017 01:00:00 PM,52,24,28
08/02/2017 12:00:00 PM,33,15,18
08/02/2017 11:00:00 AM,42,26,16
08/02/2017 10:00:00 AM,41,21,20
08/02/2017 09:00:00 AM,92,46,46
08/02/2017 08:00:00 AM,147,64,83
08/02/2017 07:00:00 AM,116,58,58
08/02/2017 06:00:00 AM,46,25,21
08/02/2017 05:00:00 AM,14,12,2
08/02/2017 04:00:00 AM,1,0,1
08/02/2017 03:00:00 AM,3,2,1
08/02/2017 02:00:00 AM,1,0,1
08/02/2017 01:00:00 AM,2,0,2
08/02/2017 12:00:00 AM,2,1,1
08/01/2017 11:00:00 PM,5,3,2
08/01/2017 10:00:00 PM,6,3,3
08/01/2017 09:00:00 PM,7,2,5
08/01/2017 08:00:00 PM,28,12,16
08/01/2017 07:00:00 PM,39,16,23
08/01/2017 06:00:00 PM,114,37,77
08/01/2017 05:00:00 PM,227,85,142
08/01/2017 04:00:00 PM,172,42,130
08/01/2017 03:00:00 PM,74,24,50
08/01/2017 02:00:00 PM,22,4,18
08/01/2017 01:00:00 PM,27,17,10
08/01/2017 12:00:00 PM,35,16,19
08/01/2017 11:00:00 AM,36,18,18
08/01/2017 10:00:00 AM,40,15,25
08/01/2017 09:00:00 AM,94,50,44
08/01/2017 08:00:00 AM,164,72,92
08/01/2017 07:00:00 AM,124,63,61
08/01/2017 06:00:00 AM,51,31,20
08/01/2017 05:00:00 AM,6,6,0
08/01/2017 04:00:00 AM,0,0,0
08/01/2017 03:00:00 AM,1,0,1
08/01/2017 02:00:00 AM,2,2,0
08/01/2017 01:00:00 AM,0,0,0
08/01/2017 12:00:00 AM,1,0,1
07/31/2017 11:00:00 PM,1,0,1
07/31/2017 10:00:00 PM,8,7,1
07/31/2017 09:00:00 PM,5,1,4
07/31/2017 08:00:00 PM,19,13,6
07/31/2017 07:00:00 PM,36,12,24
07/31/2017 06:00:00 PM,131,45,86
07/31/2017 05:00:00 PM,215,67,148
07/31/2017 04:00:00 PM,156,48,108
07/31/2017 03:00:00 PM,74,13,61
07/31/2017 02:00:00 PM,37,15,22
07/31/2017 01:00:00 PM,45,19,26
07/31/2017 12:00:00 PM,24,14,10
07/31/2017 11:00:00 AM,44,23,21
07/31/2017 10:00:00 AM,38,17,21
07/31/2017 09:00:00 AM,92,40,52
07/31/2017 08:00:00 AM,151,65,86
07/31/2017 07:00:00 AM,109,61,48
07/31/2017 06:00:00 AM,36,21,15
07/31/2017 05:00:00 AM,14,11,3
07/31/2017 04:00:00 AM,1,0,1
07/31/2017 03:00:00 AM,1,0,1
07/31/2017 02:00:00 AM,0,0,0
07/31/2017 01:00:00 AM,0,0,0
07/31/2017 12:00:00 AM,2,1,1
07/30/2017 11:00:00 PM,3,3,0
07/30/2017 10:00:00 PM,10,6,4
07/30/2017 09:00:00 PM,10,5,5
07/30/2017 08:00:00 PM,8,5,3
07/30/2017 07:00:00 PM,12,4,8
07/30/2017 06:00:00 PM,17,9,8
07/30/2017 05:00:00 PM,33,14,19
07/30/2017 04:00:00 PM,41,30,11
07/30/2017 03:00:00 PM,27,11,16
07/30/2017 02:00:00 PM,28,19,9
07/30/2017 01:00:00 PM,33,12,21
07/30/2017 12:00:00 PM,48,20,28
07/30/2017 11:00:00 AM,26,9,17
07/30/2017 10:00:00 AM,19,10,9
07/30/2017 09:00:00 AM,16,6,10
07/30/2017 08:00:00 AM,15,7,8
07/30/2017 07:00:00 AM,11,7,4
07/30/2017 06:00:00 AM,3,1,2
07/30/2017 05:00:00 AM,0,0,0
07/30/2017 04:00:00 AM,0,0,0
07/30/2017 03:00:00 AM,1,1,0
07/30/2017 02:00:00 AM,1,0,1
07/30/2017 01:00:00 AM,1,1,0
07/30/2017 12:00:00 AM,7,3,4
07/29/2017 11:00:00 PM,5,2,3
07/29/2017 10:00:00 PM,17,3,14
07/29/2017 09:00:00 PM,15,12,3
07/29/2017 08:00:00 PM,8,5,3
07/29/2017 07:00:00 PM,11,4,7
07/29/2017 06:00:00 PM,28,10,18
07/29/2017 05:00:00 PM,22,16,6
07/29/2017 04:00:00 PM,57,33,24
07/29/2017 03:00:00 PM,25,8,17
07/29/2017 02:00:00 PM,36,11,25
07/29/2017 01:00:00 PM,35,17,18
07/29/2017 12:00:00 PM,41,10,31
07/29/2017 11:00:00 AM,32,15,17
07/29/2017 10:00:00 AM,21,6,15
07/29/2017 09:00:00 AM,21,8,13
07/29/2017 08:00:00 AM,17,8,9
07/29/2017 07:00:00 AM,19,8,11
07/29/2017 06:00:00 AM,4,1,3
07/29/2017 05:00:00 AM,2,2,0
07/29/2017 04:00:00 AM,0,0,0
07/29/2017 03:00:00 AM,2,0,2
07/29/2017 02:00:00 AM,4,0,4
07/29/2017 01:00:00 AM,4,1,3
07/29/2017 12:00:00 AM,4,2,2
07/28/2017 11:00:00 PM,9,6,3
07/28/2017 10:00:00 PM,4,4,0
07/28/2017 09:00:00 PM,21,8,13
07/28/2017 08:00:00 PM,23,8,15
07/28/2017 07:00:00 PM,28,12,16
07/28/2017 06:00:00 PM,102,30,72
07/28/2017 05:00:00 PM,177,61,116
07/28/2017 04:00:00 PM,128,44,84
07/28/2017 03:00:00 PM,69,24,45
07/28/2017 02:00:00 PM,46,18,28
07/28/2017 01:00:00 PM,45,18,27
07/28/2017 12:00:00 PM,42,23,19
07/28/2017 11:00:00 AM,36,21,15
07/28/2017 10:00:00 AM,43,24,19
07/28/2017 09:00:00 AM,82,40,42
07/28/2017 08:00:00 AM,120,62,58
07/28/2017 07:00:00 AM,88,41,47
07/28/2017 06:00:00 AM,40,22,18
07/28/2017 05:00:00 AM,12,10,2
07/28/2017 04:00:00 AM,4,2,2
07/28/2017 03:00:00 AM,1,1,0
07/28/2017 02:00:00 AM,1,1,0
07/28/2017 01:00:00 AM,0,0,0
07/28/2017 12:00:00 AM,3,1,2
07/27/2017 11:00:00 PM,0,0,0
07/27/2017 10:00:00 PM,11,7,4
07/27/2017 09:00:00 PM,26,15,11
07/27/2017 08:00:00 PM,17,8,9
07/27/2017 07:00:00 PM,51,19,32
07/27/2017 06:00:00 PM,100,25,75
07/27/2017 05:00:00 PM,199,64,135
07/27/2017 04:00:00 PM,156,41,115
07/27/2017 03:00:00 PM,79,20,59
07/27/2017 02:00:00 PM,43,17,26
07/27/2017 01:00:00 PM,29,18,11
07/27/2017 12:00:00 PM,38,25,13
07/27/2017 11:00:00 AM,32,22,10
07/27/2017 10:00:00 AM,41,21,20
07/27/2017 09:00:00 AM,75,38,37
07/27/2017 08:00:00 AM,108,52,56
07/27/2017 07:00:00 AM,83,50,33
07/27/2017 06:00:00 AM,43,21,22
07/27/2017 05:00:00 AM,11,7,4
07/27/2017 04:00:00 AM,2,1,1
07/27/2017 03:00:00 AM,0,0,0
07/27/2017 02:00:00 AM,0,0,0
07/27/2017 01:00:00 AM,1,1,0
07/27/2017 12:00:00 AM,2,2,0
07/26/2017 11:00:00 PM,6,2,4
07/26/2017 10:00:00 PM,8,5,3
07/26/2017 09:00:00 PM,22,11,11
07/26/2017 08:00:00 PM,22,10,12
07/26/2017 07:00:00 PM,56,27,29
07/26/2017 06:00:00 PM,110,35,75
07/26/2017 05:00:00 PM,234,78,156
07/26/2017 04:00:00 PM,171,67,104
07/26/2017 03:00:00 PM,75,30,45
07/26/2017 02:00:00 PM,45,17,28
07/26/2017 01:00:00 PM,33,15,18
07/26/2017 12:00:00 PM,57,27,30
07/26/2017 11:00:00 AM,42,20,22
07/26/2017 10:00:00 AM,38,20,18
07/26/2017 09:00:00 AM,70,44,26
07/26/2017 08:00:00 AM,120,69,51
07/26/2017 07:00:00 AM,103,50,53
07/26/2017 06:00:00 AM,57,33,24
07/26/2017 05:00:00 AM,10,6,4
07/26/2017 04:00:00 AM,6,5,1
07/26/2017 03:00:00 AM,0,0,0
07/26/2017 02:00:00 AM,1,1,0
07/26/2017 01:00:00 AM,1,1,0
07/26/2017 12:00:00 AM,8,6,2
07/25/2017 11:00:00 PM,4,0,4
07/25/2017 10:00:00 PM,10,7,3
07/25/2017 09:00:00 PM,12,7,5
07/25/2017 08:00:00 PM,18,9,9
07/25/2017 07:00:00 PM,50,21,29
07/25/2017 06:00:00 PM,158,36,122
07/25/2017 05:00:00 PM,232,71,161
07/25/2017 04:00:00 PM,195,61,134
07/25/2017 03:00:00 PM,79,23,56
07/25/2017 02:00:00 PM,38,16,22
07/25/2017 01:00:00 PM,34,16,18
07/25/2017 12:00:00 PM,22,7,15
07/25/2017 11:00:00 AM,38,15,23
07/25/2017 10:00:00 AM,25,14,11
07/25/2017 09:00:00 AM,99,48,51
07/25/2017 08:00:00 AM,165,67,98
07/25/2017 07:00:00 AM,117,66,51
07/25/2017 06:00:00 AM,47,25,22
07/25/2017 05:00:00 AM,15,11,4
07/25/2017 04:00:00 AM,1,0,1
07/25/2017 03:00:00 AM,1,0,1
07/25/2017 02:00:00 AM,1,1,0
07/25/2017 01:00:00 AM,1,0,1
07/25/2017 12:00:00 AM,2,1,1
07/24/2017 11:00:00 PM,6,3,3
07/24/2017 10:00:00 PM,13,10,3
07/24/2017 09:00:00 PM,8,4,4
07/24/2017 08:00:00 PM,20,11,9
07/24/2017 07:00:00 PM,44,17,27
07/24/2017 06:00:00 PM,115,30,85
07/24/2017 05:00:00 PM,221,57,164
07/24/2017 04:00:00 PM,187,54,133
07/24/2017 03:00:00 PM,64,23,41
07/24/2017 02:00:00 PM,32,16,16
07/24/2017 01:00:00 PM,22,9,13
07/24/2017 12:00:00 PM,53,22,31
07/24/2017 11:00:00 AM,28,17,11
07/24/2017 10:00:00 AM,45,22,23
07/24/2017 09:00:00 AM,98,54,44
07/24/2017 08:00:00 AM,121,58,63
07/24/2017 07:00:00 AM,112,53,59
07/24/2017 06:00:00 AM,53,33,20
07/24/2017 05:00:00 AM,12,8,4
07/24/2017 04:00:00 AM,3,2,1
07/24/2017 03:00:00 AM,0,0,0
07/24/2017 02:00:00 AM,0,0,0
07/24/2017 01:00:00 AM,0,0,0
07/24/2017 12:00:00 AM,3,3,0
07/23/2017 11:00:00 PM,6,3,3
07/23/2017 10:00:00 PM,8,7,1
07/23/2017 09:00:00 PM,25,22,3
07/23/2017 08:00:00 PM,8,6,2
07/23/2017 07:00:00 PM,31,12,19
07/23/2017 06:00:00 PM,27,4,23
07/23/2017 05:00:00 PM,28,16,12
07/23/2017 04:00:00 PM,42,17,25
07/23/2017 03:00:00 PM,26,10,16
07/23/2017 02:00:00 PM,35,20,15
07/23/2017 01:00:00 PM,35,13,22
07/23/2017 12:00:00 PM,25,6,19
07/23/2017 11:00:00 AM,24,9,15
07/23/2017 10:00:00 AM,19,9,10
07/23/2017 09:00:00 AM,11,3,8
07/23/2017 08:00:00 AM,11,6,5
07/23/2017 07:00:00 AM,7,5,2
07/23/2017 06:00:00 AM,2,1,1
07/23/2017 05:00:00 AM,1,1,0
07/23/2017 04:00:00 AM,5,3,2
07/23/2017 03:00:00 AM,2,1,1
07/23/2017 02:00:00 AM,6,3,3
07/23/2017 01:00:00 AM,1,1,0
07/23/2017 12:00:00 AM,12,9,3
07/22/2017 11:00:00 PM,5,3,2
07/22/2017 10:00:00 PM,12,10,2
07/22/2017 09:00:00 PM,16,9,7
07/22/2017 08:00:00 PM,17,11,6
07/22/2017 07:00:00 PM,15,9,6
07/22/2017 06:00:00 PM,24,12,12
07/22/2017 05:00:00 PM,27,8,19
07/22/2017 04:00:00 PM,33,12,21
07/22/2017 03:00:00 PM,34,17,17
07/22/2017 02:00:00 PM,41,15,26
07/22/2017 01:00:00 PM,36,22,14
07/22/2017 12:00:00 PM,30,8,22
07/22/2017 11:00:00 AM,22,8,14
07/22/2017 10:00:00 AM,14,5,9
07/22/2017 09:00:00 AM,12,6,6
07/22/2017 08:00:00 AM,21,9,12
07/22/2017 07:00:00 AM,17,9,8
07/22/2017 06:00:00 AM,6,3,3
07/22/2017 05:00:00 AM,2,2,0
07/22/2017 04:00:00 AM,0,0,0
07/22/2017 03:00:00 AM,0,0,0
07/22/2017 02:00:00 AM,4,3,1
07/22/2017 01:00:00 AM,4,1,3
07/22/2017 12:00:00 AM,5,2,3
07/21/2017 11:00:00 PM,3,2,1
07/21/2017 10:00:00 PM,13,8,5
07/21/2017 09:00:00 PM,14,5,9
07/21/2017 08:00:00 PM,26,7,19
07/21/2017 07:00:00 PM,39,12,27
07/21/2017 06:00:00 PM,81,19,62
07/21/2017 05:00:00 PM,144,55,89
07/21/2017 04:00:00 PM,143,52,91
07/21/2017 03:00:00 PM,74,27,47
07/21/2017 02:00:00 PM,51,18,33
07/21/2017 01:00:00 PM,47,29,18
07/21/2017 12:00:00 PM,42,18,24
07/21/2017 11:00:00 AM,79,66,13
07/21/2017 10:00:00 AM,30,14,16
07/21/2017 09:00:00 AM,95,43,52
07/21/2017 08:00:00 AM,111,54,57
07/21/2017 07:00:00 AM,76,32,44
07/21/2017 06:00:00 AM,37,21,16
07/21/2017 05:00:00 AM,7,5,2
07/21/2017 04:00:00 AM,2,1,1
07/21/2017 03:00:00 AM,0,0,0
07/21/2017 02:00:00 AM,0,0,0
07/21/2017 01:00:00 AM,0,0,0
07/21/2017 12:00:00 AM,4,3,1
07/20/2017 11:00:00 PM,13,9,4
07/20/2017 10:00:00 PM,17,7,10
07/20/2017 09:00:00 PM,17,10,7
07/20/2017 08:00:00 PM,45,22,23
07/20/2017 07:00:00 PM,43,16,27
07/20/2017 06:00:00 PM,108,30,78
07/20/2017 05:00:00 PM,217,72,145
07/20/2017 04:00:00 PM,129,31,98
07/20/2017 03:00:00 PM,54,21,33
07/20/2017 02:00:00 PM,33,13,20
07/20/2017 01:00:00 PM,35,22,13
07/20/2017 12:00:00 PM,42,19,23
07/20/2017 11:00:00 AM,30,16,14
07/20/2017 10:00:00 AM,36,15,21
07/20/2017 09:00:00 AM,79,38,41
07/20/2017 08:00:00 AM,133,64,69
07/20/2017 07:00:00 AM,105,58,47
07/20/2017 06:00:00 AM,36,20,16
07/20/2017 05:00:00 AM,7,5,2
07/20/2017 04:00:00 AM,2,0,2
07/20/2017 03:00:00 AM,1,1,0
07/20/2017 02:00:00 AM,2,1,1
07/20/2017 01:00:00 AM,0,0,0
07/20/2017 12:00:00 AM,1,0,1
07/19/2017 11:00:00 PM,7,4,3
07/19/2017 10:00:00 PM,19,16,3
07/19/2017 09:00:00 PM,37,28,9
07/19/2017 08:00:00 PM,22,14,8
07/19/2017 07:00:00 PM,69,14,55
07/19/2017 06:00:00 PM,157,47,110
07/19/2017 05:00:00 PM,237,73,164
07/19/2017 04:00:00 PM,161,46,115
07/19/2017 03:00:00 PM,67,18,49
07/19/2017 02:00:00 PM,41,16,25
07/19/2017 01:00:00 PM,23,10,13
07/19/2017 12:00:00 PM,47,23,24
07/19/2017 11:00:00 AM,27,12,15
07/19/2017 10:00:00 AM,34,18,16
07/19/2017 09:00:00 AM,95,47,48
07/19/2017 08:00:00 AM,138,68,70
07/19/2017 07:00:00 AM,95,46,49
07/19/2017 06:00:00 AM,36,25,11
07/19/2017 05:00:00 AM,18,11,7
07/19/2017 04:00:00 AM,1,0,1
07/19/2017 03:00:00 AM,0,0,0
07/19/2017 02:00:00 AM,2,2,0
07/19/2017 01:00:00 AM,0,0,0
07/19/2017 12:00:00 AM,4,2,2
07/18/2017 11:00:00 PM,4,1,3
07/18/2017 10:00:00 PM,12,6,6
07/18/2017 09:00:00 PM,19,12,7
07/18/2017 08:00:00 PM,35,19,16
07/18/2017 07:00:00 PM,45,18,27
07/18/2017 06:00:00 PM,139,46,93
07/18/2017 05:00:00 PM,248,82,166
07/18/2017 04:00:00 PM,164,44,120
07/18/2017 03:00:00 PM,70,15,55
07/18/2017 02:00:00 PM,38,22,16
07/18/2017 01:00:00 PM,34,15,19
07/18/2017 12:00:00 PM,31,18,13
07/18/2017 11:00:00 AM,32,15,17
07/18/2017 10:00:00 AM,39,23,16
07/18/2017 09:00:00 AM,103,38,65
07/18/2017 08:00:00 AM,148,60,88
07/18/2017 07:00:00 AM,112,57,55
07/18/2017 06:00:00 AM,43,24,19
07/18/2017 05:00:00 AM,16,13,3
07/18/2017 04:00:00 AM,3,3,0
07/18/2017 03:00:00 AM,1,0,1
07/18/2017 02:00:00 AM,4,0,4
07/18/2017 01:00:00 AM,0,0,0
07/18/2017 12:00:00 AM,2,1,1
07/17/2017 11:00:00 PM,5,1,4
07/17/2017 10:00:00 PM,9,3,6
07/17/2017 09:00:00 PM,12,2,10
07/17/2017 08:00:00 PM,21,12,9
07/17/2017 07:00:00 PM,40,17,23
07/17/2017 06:00:00 PM,119,44,75
07/17/2017 05:00:00 PM,221,67,154
07/17/2017 04:00:00 PM,152,45,107
07/17/2017 03:00:00 PM,61,18,43
07/17/2017 02:00:00 PM,18,10,8
07/17/2017 01:00:00 PM,42,21,21
07/17/2017 12:00:00 PM,39,21,18
07/17/2017 11:00:00 AM,38,19,19
07/17/2017 10:00:00 AM,32,16,16
07/17/2017 09:00:00 AM,89,42,47
07/17/2017 08:00:00 AM,138,61,77
07/17/2017 07:00:00 AM,104,54,50
07/17/2017 06:00:00 AM,37,21,16
07/17/2017 05:00:00 AM,12,10,2
07/17/2017 04:00:00 AM,1,0,1
07/17/2017 03:00:00 AM,2,1,1
07/17/2017 02:00:00 AM,0,0,0
07/17/2017 01:00:00 AM,1,1,0
07/17/2017 12:00:00 AM,6,3,3
07/16/2017 11:00:00 PM,0,0,0
07/16/2017 10:00:00 PM,5,3,2
07/16/2017 09:00:00 PM,9,4,5
07/16/2017 08:00:00 PM,8,5,3
07/16/2017 07:00:00 PM,17,10,7
07/16/2017 06:00:00 PM,22,12,10
07/16/2017 05:00:00 PM,16,9,7
07/16/2017 04:00:00 PM,30,12,18
07/16/2017 03:00:00 PM,25,14,11
07/16/2017 02:00:00 PM,22,17,5
07/16/2017 01:00:00 PM,25,9,16
07/16/2017 12:00:00 PM,27,6,21
07/16/2017 11:00:00 AM,30,11,19
07/16/2017 10:00:00 AM,15,7,8
07/16/2017 09:00:00 AM,11,5,6
07/16/2017 08:00:00 AM,7,4,3
07/16/2017 07:00:00 AM,4,3,1
07/16/2017 06:00:00 AM,2,0,2
07/16/2017 05:00:00 AM,0,0,0
07/16/2017 04:00:00 AM,2,1,1
07/16/2017 03:00:00 AM,0,0,0
07/16/2017 02:00:00 AM,6,5,1
07/16/2017 01:00:00 AM,3,2,1
07/16/2017 12:00:00 AM,2,1,1
07/15/2017 11:00:00 PM,6,1,5
07/15/2017 10:00:00 PM,5,0,5
07/15/2017 09:00:00 PM,4,2,2
07/15/2017 08:00:00 PM,10,3,7
07/15/2017 07:00:00 PM,19,13,6
07/15/2017 06:00:00 PM,16,6,10
07/15/2017 05:00:00 PM,31,21,10
07/15/2017 04:00:00 PM,51,31,20
07/15/2017 03:00:00 PM,40,17,23
07/15/2017 02:00:00 PM,23,11,12
07/15/2017 01:00:00 PM,32,17,15
07/15/2017 12:00:00 PM,36,19,17
07/15/2017 11:00:00 AM,29,4,25
07/15/2017 10:00:00 AM,13,4,9
07/15/2017 09:00:00 AM,18,11,7
07/15/2017 08:00:00 AM,26,6,20
07/15/2017 07:00:00 AM,19,9,10
07/15/2017 06:00:00 AM,3,1,2
07/15/2017 05:00:00 AM,0,0,0
07/15/2017 04:00:00 AM,0,0,0
07/15/2017 03:00:00 AM,1,0,1
07/15/2017 02:00:00 AM,2,2,0
07/15/2017 01:00:00 AM,2,2,0
07/15/2017 12:00:00 AM,3,1,2
07/14/2017 11:00:00 PM,3,3,0
07/14/2017 10:00:00 PM,13,6,7
07/14/2017 09:00:00 PM,10,6,4
07/14/2017 08:00:00 PM,17,8,9
07/14/2017 07:00:00 PM,29,13,16
07/14/2017 06:00:00 PM,92,28,64
07/14/2017 05:00:00 PM,144,47,97
07/14/2017 04:00:00 PM,151,55,96
07/14/2017 03:00:00 PM,79,23,56
07/14/2017 02:00:00 PM,50,21,29
07/14/2017 01:00:00 PM,42,14,28
07/14/2017 12:00:00 PM,46,21,25
07/14/2017 11:00:00 AM,38,18,20
07/14/2017 10:00:00 AM,30,14,16
07/14/2017 09:00:00 AM,80,36,44
07/14/2017 08:00:00 AM,125,63,62
07/14/2017 07:00:00 AM,91,40,51
07/14/2017 06:00:00 AM,36,22,14
07/14/2017 05:00:00 AM,10,7,3
07/14/2017 04:00:00 AM,2,1,1
07/14/2017 03:00:00 AM,1,0,1
07/14/2017 02:00:00 AM,0,0,0
07/14/2017 01:00:00 AM,0,0,0
07/14/2017 12:00:00 AM,2,2,0
07/13/2017 11:00:00 PM,5,1,4
07/13/2017 10:00:00 PM,10,6,4
07/13/2017 09:00:00 PM,17,9,8
07/13/2017 08:00:00 PM,31,9,22
07/13/2017 07:00:00 PM,47,19,28
07/13/2017 06:00:00 PM,115,34,81
07/13/2017 05:00:00 PM,170,56,114
07/13/2017 04:00:00 PM,133,46,87
07/13/2017 03:00:00 PM,71,16,55
07/13/2017 02:00:00 PM,30,12,18
07/13/2017 01:00:00 PM,43,22,21
07/13/2017 12:00:00 PM,51,26,25
07/13/2017 11:00:00 AM,32,17,15
07/13/2017 10:00:00 AM,45,17,28
07/13/2017 09:00:00 AM,70,27,43
07/13/2017 08:00:00 AM,153,70,83
07/13/2017 07:00:00 AM,98,48,50
07/13/2017 06:00:00 AM,41,21,20
07/13/2017 05:00:00 AM,10,6,4
07/13/2017 04:00:00 AM,1,1,0
07/13/2017 03:00:00 AM,0,0,0
07/13/2017 02:00:00 AM,0,0,0
07/13/2017 01:00:00 AM,1,0,1
07/13/2017 12:00:00 AM,1,1,0
07/12/2017 11:00:00 PM,5,2,3
07/12/2017 10:00:00 PM,11,8,3
07/12/2017 09:00:00 PM,12,5,7
07/12/2017 08:00:00 PM,30,11,19
07/12/2017 07:00:00 PM,59,15,44
07/12/2017 06:00:00 PM,122,38,84
07/12/2017 05:00:00 PM,214,67,147
07/12/2017 04:00:00 PM,182,48,134
07/12/2017 03:00:00 PM,82,35,47
07/12/2017 02:00:00 PM,43,21,22
07/12/2017 01:00:00 PM,44,19,25
07/12/2017 12:00:00 PM,36,16,20
07/12/2017 11:00:00 AM,33,12,21
07/12/2017 10:00:00 AM,35,20,15
07/12/2017 09:00:00 AM,91,44,47
07/12/2017 08:00:00 AM,176,78,98
07/12/2017 07:00:00 AM,96,51,45
07/12/2017 06:00:00 AM,49,26,23
07/12/2017 05:00:00 AM,13,7,6
07/12/2017 04:00:00 AM,1,0,1
07/12/2017 03:00:00 AM,1,0,1
07/12/2017 02:00:00 AM,0,0,0
07/12/2017 01:00:00 AM,2,2,0
07/12/2017 12:00:00 AM,4,2,2
07/11/2017 11:00:00 PM,2,0,2
07/11/2017 10:00:00 PM,15,6,9
07/11/2017 09:00:00 PM,10,3,7
07/11/2017 08:00:00 PM,26,11,15
07/11/2017 07:00:00 PM,52,17,35
07/11/2017 06:00:00 PM,109,36,73
07/11/2017 05:00:00 PM,226,72,154
07/11/2017 04:00:00 PM,151,39,112
07/11/2017 03:00:00 PM,75,29,46
07/11/2017 02:00:00 PM,47,24,23
07/11/2017 01:00:00 PM,27,15,12
07/11/2017 12:00:00 PM,44,25,19
07/11/2017 11:00:00 AM,29,11,18
07/11/2017 10:00:00 AM,19,8,11
07/11/2017 09:00:00 AM,88,36,52
07/11/2017 08:00:00 AM,168,68,100
07/11/2017 07:00:00 AM,103,66,37
07/11/2017 06:00:00 AM,40,19,21
07/11/2017 05:00:00 AM,12,10,2
07/11/2017 04:00:00 AM,2,1,1
07/11/2017 03:00:00 AM,2,1,1
07/11/2017 02:00:00 AM,0,0,0
07/11/2017 01:00:00 AM,2,2,0
07/11/2017 12:00:00 AM,2,1,1
07/10/2017 11:00:00 PM,3,3,0
07/10/2017 10:00:00 PM,2,0,2
07/10/2017 09:00:00 PM,11,4,7
07/10/2017 08:00:00 PM,25,14,11
07/10/2017 07:00:00 PM,38,16,22
07/10/2017 06:00:00 PM,102,37,65
07/10/2017 05:00:00 PM,225,69,156
07/10/2017 04:00:00 PM,156,55,101
07/10/2017 03:00:00 PM,51,18,33
07/10/2017 02:00:00 PM,31,11,20
07/10/2017 01:00:00 PM,34,16,18
07/10/2017 12:00:00 PM,16,13,3
07/10/2017 11:00:00 AM,44,20,24
07/10/2017 10:00:00 AM,25,12,13
07/10/2017 09:00:00 AM,90,51,39
07/10/2017 08:00:00 AM,149,66,83
07/10/2017 07:00:00 AM,91,41,50
07/10/2017 06:00:00 AM,44,31,13
07/10/2017 05:00:00 AM,9,6,3
07/10/2017 04:00:00 AM,2,0,2
07/10/2017 03:00:00 AM,2,0,2
07/10/2017 02:00:00 AM,0,0,0
07/10/2017 01:00:00 AM,0,0,0
07/10/2017 12:00:00 AM,3,1,2
07/09/2017 11:00:00 PM,3,3,0
07/09/2017 10:00:00 PM,6,2,4
07/09/2017 09:00:00 PM,8,8,0
07/09/2017 08:00:00 PM,8,4,4
07/09/2017 07:00:00 PM,16,12,4
07/09/2017 06:00:00 PM,18,10,8
07/09/2017 05:00:00 PM,25,15,10
07/09/2017 04:00:00 PM,33,23,10
07/09/2017 03:00:00 PM,22,6,16
07/09/2017 02:00:00 PM,25,10,15
07/09/2017 01:00:00 PM,31,15,16
07/09/2017 12:00:00 PM,27,9,18
07/09/2017 11:00:00 AM,25,8,17
07/09/2017 10:00:00 AM,12,4,8
07/09/2017 09:00:00 AM,18,6,12
07/09/2017 08:00:00 AM,10,7,3
07/09/2017 07:00:00 AM,7,4,3
07/09/2017 06:00:00 AM,3,0,3
07/09/2017 05:00:00 AM,0,0,0
07/09/2017 04:00:00 AM,0,0,0
07/09/2017 03:00:00 AM,1,0,1
07/09/2017 02:00:00 AM,0,0,0
07/09/2017 01:00:00 AM,0,0,0
07/09/2017 12:00:00 AM,2,1,1
07/08/2017 11:00:00 PM,6,2,4
07/08/2017 10:00:00 PM,6,4,2
07/08/2017 09:00:00 PM,14,5,9
07/08/2017 08:00:00 PM,24,15,9
07/08/2017 07:00:00 PM,15,9,6
07/08/2017 06:00:00 PM,25,12,13
07/08/2017 05:00:00 PM,29,17,12
07/08/2017 04:00:00 PM,44,28,16
07/08/2017 03:00:00 PM,48,31,17
07/08/2017 02:00:00 PM,45,30,15
07/08/2017 01:00:00 PM,33,15,18
07/08/2017 12:00:00 PM,33,11,22
07/08/2017 11:00:00 AM,43,6,37
07/08/2017 10:00:00 AM,27,3,24
07/08/2017 09:00:00 AM,14,5,9
07/08/2017 08:00:00 AM,10,5,5
07/08/2017 07:00:00 AM,20,9,11
07/08/2017 06:00:00 AM,1,1,0
07/08/2017 05:00:00 AM,0,0,0
07/08/2017 04:00:00 AM,0,0,0
07/08/2017 03:00:00 AM,0,0,0
07/08/2017 02:00:00 AM,1,0,1
07/08/2017 01:00:00 AM,2,1,1
07/08/2017 12:00:00 AM,1,0,1
07/07/2017 11:00:00 PM,5,5,0
07/07/2017 10:00:00 PM,11,10,1
07/07/2017 09:00:00 PM,13,9,4
07/07/2017 08:00:00 PM,28,13,15
07/07/2017 07:00:00 PM,35,17,18
07/07/2017 06:00:00 PM,113,44,69
07/07/2017 05:00:00 PM,159,52,107
07/07/2017 04:00:00 PM,129,42,87
07/07/2017 03:00:00 PM,75,28,47
07/07/2017 02:00:00 PM,37,14,23
07/07/2017 01:00:00 PM,43,21,22
07/07/2017 12:00:00 PM,40,21,19
07/07/2017 11:00:00 AM,37,12,25
07/07/2017 10:00:00 AM,23,13,10
07/07/2017 09:00:00 AM,80,42,38
07/07/2017 08:00:00 AM,123,43,80
07/07/2017 07:00:00 AM,75,48,27
07/07/2017 06:00:00 AM,41,22,19
07/07/2017 05:00:00 AM,8,4,4
07/07/2017 04:00:00 AM,2,1,1
07/07/2017 03:00:00 AM,0,0,0
07/07/2017 02:00:00 AM,2,0,2
07/07/2017 01:00:00 AM,3,2,1
07/07/2017 12:00:00 AM,6,1,5
07/06/2017 11:00:00 PM,2,1,1
07/06/2017 10:00:00 PM,15,9,6
07/06/2017 09:00:00 PM,14,4,10
07/06/2017 08:00:00 PM,21,11,10
07/06/2017 07:00:00 PM,51,22,29
07/06/2017 06:00:00 PM,134,47,87
07/06/2017 05:00:00 PM,205,66,139
07/06/2017 04:00:00 PM,137,44,93
07/06/2017 03:00:00 PM,79,24,55
07/06/2017 02:00:00 PM,40,19,21
07/06/2017 01:00:00 PM,38,16,22
07/06/2017 12:00:00 PM,24,9,15
07/06/2017 11:00:00 AM,38,20,18
07/06/2017 10:00:00 AM,29,13,16
07/06/2017 09:00:00 AM,81,35,46
07/06/2017 08:00:00 AM,151,69,82
07/06/2017 07:00:00 AM,88,47,41
07/06/2017 06:00:00 AM,40,25,15
07/06/2017 05:00:00 AM,10,6,4
07/06/2017 04:00:00 AM,1,0,1
07/06/2017 03:00:00 AM,0,0,0
07/06/2017 02:00:00 AM,1,1,0
07/06/2017 01:00:00 AM,0,0,0
07/06/2017 12:00:00 AM,3,2,1
07/05/2017 11:00:00 PM,6,5,1
07/05/2017 10:00:00 PM,9,7,2
07/05/2017 09:00:00 PM,10,7,3
07/05/2017 08:00:00 PM,20,9,11
07/05/2017 07:00:00 PM,29,16,13
07/05/2017 06:00:00 PM,105,40,65
07/05/2017 05:00:00 PM,167,58,109
07/05/2017 04:00:00 PM,127,44,83
07/05/2017 03:00:00 PM,47,18,29
07/05/2017 02:00:00 PM,38,18,20
07/05/2017 01:00:00 PM,33,19,14
07/05/2017 12:00:00 PM,33,13,20
07/05/2017 11:00:00 AM,28,11,17
07/05/2017 10:00:00 AM,26,14,12
07/05/2017 09:00:00 AM,69,26,43
07/05/2017 08:00:00 AM,124,52,72
07/05/2017 07:00:00 AM,76,40,36
07/05/2017 06:00:00 AM,26,13,13
07/05/2017 05:00:00 AM,14,10,4
07/05/2017 04:00:00 AM,2,1,1
07/05/2017 03:00:00 AM,2,1,1
07/05/2017 02:00:00 AM,0,0,0
07/05/2017 01:00:00 AM,1,0,1
07/05/2017 12:00:00 AM,7,2,5
07/04/2017 11:00:00 PM,13,1,12
07/04/2017 10:00:00 PM,7,4,3
07/04/2017 09:00:00 PM,6,4,2
07/04/2017 08:00:00 PM,16,10,6
07/04/2017 07:00:00 PM,18,13,5
07/04/2017 06:00:00 PM,18,11,7
07/04/2017 05:00:00 PM,10,5,5
07/04/2017 04:00:00 PM,18,7,11
07/04/2017 03:00:00 PM,32,14,18
07/04/2017 02:00:00 PM,39,11,28
07/04/2017 01:00:00 PM,35,12,23
07/04/2017 12:00:00 PM,24,8,16
07/04/2017 11:00:00 AM,16,5,11
07/04/2017 10:00:00 AM,28,12,16
07/04/2017 09:00:00 AM,11,5,6
07/04/2017 08:00:00 AM,14,6,8
07/04/2017 07:00:00 AM,4,2,2
07/04/2017 06:00:00 AM,7,5,2
07/04/2017 05:00:00 AM,1,0,1
07/04/2017 04:00:00 AM,1,1,0
07/04/2017 03:00:00 AM,0,0,0
07/04/2017 02:00:00 AM,0,0,0
07/04/2017 01:00:00 AM,1,0,1
07/04/2017 12:00:00 AM,7,1,6
07/03/2017 11:00:00 PM,5,3,2
07/03/2017 10:00:00 PM,16,10,6
07/03/2017 09:00:00 PM,7,2,5
07/03/2017 08:00:00 PM,28,16,12
07/03/2017 07:00:00 PM,17,5,12
07/03/2017 06:00:00 PM,48,18,30
07/03/2017 05:00:00 PM,76,29,47
07/03/2017 04:00:00 PM,65,19,46
07/03/2017 03:00:00 PM,53,17,36
07/03/2017 02:00:00 PM,49,18,31
07/03/2017 01:00:00 PM,31,11,20
07/03/2017 12:00:00 PM,27,9,18
07/03/2017 11:00:00 AM,17,11,6
07/03/2017 10:00:00 AM,31,11,20
07/03/2017 09:00:00 AM,42,16,26
07/03/2017 08:00:00 AM,65,25,40
07/03/2017 07:00:00 AM,39,22,17
07/03/2017 06:00:00 AM,10,5,5
07/03/2017 05:00:00 AM,6,6,0
07/03/2017 04:00:00 AM,0,0,0
07/03/2017 03:00:00 AM,1,0,1
07/03/2017 02:00:00 AM,0,0,0
07/03/2017 01:00:00 AM,2,1,1
07/03/2017 12:00:00 AM,4,4,0
07/02/2017 11:00:00 PM,7,4,3
07/02/2017 10:00:00 PM,7,4,3
07/02/2017 09:00:00 PM,8,6,2
07/02/2017 08:00:00 PM,8,2,6
07/02/2017 07:00:00 PM,17,7,10
07/02/2017 06:00:00 PM,19,12,7
07/02/2017 05:00:00 PM,20,11,9
07/02/2017 04:00:00 PM,25,11,14
07/02/2017 03:00:00 PM,27,12,15
07/02/2017 02:00:00 PM,22,11,11
07/02/2017 01:00:00 PM,17,10,7
07/02/2017 12:00:00 PM,20,14,6
07/02/2017 11:00:00 AM,24,11,13
07/02/2017 10:00:00 AM,17,8,9
07/02/2017 09:00:00 AM,10,2,8
07/02/2017 08:00:00 AM,6,1,5
07/02/2017 07:00:00 AM,5,3,2
07/02/2017 06:00:00 AM,1,1,0
07/02/2017 05:00:00 AM,1,0,1
07/02/2017 04:00:00 AM,1,1,0
07/02/2017 03:00:00 AM,0,0,0
07/02/2017 02:00:00 AM,0,0,0
07/02/2017 01:00:00 AM,1,1,0
07/02/2017 12:00:00 AM,4,3,1
07/01/2017 11:00:00 PM,6,2,4
07/01/2017 10:00:00 PM,6,3,3
07/01/2017 09:00:00 PM,11,6,5
07/01/2017 08:00:00 PM,13,9,4
07/01/2017 07:00:00 PM,13,7,6
07/01/2017 06:00:00 PM,18,7,11
07/01/2017 05:00:00 PM,27,15,12
07/01/2017 04:00:00 PM,40,25,15
07/01/2017 03:00:00 PM,32,15,17
07/01/2017 02:00:00 PM,20,11,9
07/01/2017 01:00:00 PM,39,19,20
07/01/2017 12:00:00 PM,27,15,12
07/01/2017 11:00:00 AM,17,7,10
07/01/2017 10:00:00 AM,18,5,13
07/01/2017 09:00:00 AM,15,10,5
07/01/2017 08:00:00 AM,17,4,13
07/01/2017 07:00:00 AM,11,9,2
07/01/2017 06:00:00 AM,8,5,3
07/01/2017 05:00:00 AM,1,1,0
07/01/2017 04:00:00 AM,0,0,0
07/01/2017 03:00:00 AM,0,0,0
07/01/2017 02:00:00 AM,3,2,1
07/01/2017 01:00:00 AM,7,3,4
07/01/2017 12:00:00 AM,5,4,1
06/30/2017 11:00:00 PM,3,1,2
06/30/2017 10:00:00 PM,4,2,2
06/30/2017 09:00:00 PM,17,9,8
06/30/2017 08:00:00 PM,15,6,9
06/30/2017 07:00:00 PM,35,14,21
06/30/2017 06:00:00 PM,74,30,44
06/30/2017 05:00:00 PM,147,58,89
06/30/2017 04:00:00 PM,116,32,84
06/30/2017 03:00:00 PM,91,32,59
06/30/2017 02:00:00 PM,60,29,31
06/30/2017 01:00:00 PM,52,21,31
06/30/2017 12:00:00 PM,42,19,23
06/30/2017 11:00:00 AM,44,22,22
06/30/2017 10:00:00 AM,32,21,11
06/30/2017 09:00:00 AM,75,32,43
06/30/2017 08:00:00 AM,130,54,76
06/30/2017 07:00:00 AM,76,43,33
06/30/2017 06:00:00 AM,28,18,10
06/30/2017 05:00:00 AM,12,6,6
06/30/2017 04:00:00 AM,1,1,0
06/30/2017 03:00:00 AM,0,0,0
06/30/2017 02:00:00 AM,1,0,1
06/30/2017 01:00:00 AM,0,0,0
06/30/2017 12:00:00 AM,2,1,1
06/29/2017 11:00:00 PM,8,2,6
06/29/2017 10:00:00 PM,5,1,4
06/29/2017 09:00:00 PM,14,6,8
06/29/2017 08:00:00 PM,21,10,11
06/29/2017 07:00:00 PM,43,17,26
06/29/2017 06:00:00 PM,96,28,68
06/29/2017 05:00:00 PM,198,78,120
06/29/2017 04:00:00 PM,156,47,109
06/29/2017 03:00:00 PM,67,19,48
06/29/2017 02:00:00 PM,47,19,28
06/29/2017 01:00:00 PM,35,17,18
06/29/2017 12:00:00 PM,39,19,20
06/29/2017 11:00:00 AM,41,22,19
06/29/2017 10:00:00 AM,35,16,19
06/29/2017 09:00:00 AM,80,36,44
06/29/2017 08:00:00 AM,123,57,66
06/29/2017 07:00:00 AM,92,40,52
06/29/2017 06:00:00 AM,35,20,15
06/29/2017 05:00:00 AM,11,6,5
06/29/2017 04:00:00 AM,2,1,1
06/29/2017 03:00:00 AM,1,0,1
06/29/2017 02:00:00 AM,4,2,2
06/29/2017 01:00:00 AM,1,0,1
06/29/2017 12:00:00 AM,0,0,0
06/28/2017 11:00:00 PM,5,4,1
06/28/2017 10:00:00 PM,6,3,3
06/28/2017 09:00:00 PM,9,6,3
06/28/2017 08:00:00 PM,26,12,14
06/28/2017 07:00:00 PM,33,16,17
06/28/2017 06:00:00 PM,139,49,90
06/28/2017 05:00:00 PM,211,62,149
06/28/2017 04:00:00 PM,132,42,90
06/28/2017 03:00:00 PM,77,30,47
06/28/2017 02:00:00 PM,37,17,20
06/28/2017 01:00:00 PM,33,17,16
06/28/2017 12:00:00 PM,62,24,38
06/28/2017 11:00:00 AM,31,16,15
06/28/2017 10:00:00 AM,41,22,19
06/28/2017 09:00:00 AM,88,40,48
06/28/2017 08:00:00 AM,124,50,74
06/28/2017 07:00:00 AM,86,39,47
06/28/2017 06:00:00 AM,42,23,19
06/28/2017 05:00:00 AM,15,10,5
06/28/2017 04:00:00 AM,3,2,1
06/28/2017 03:00:00 AM,0,0,0
06/28/2017 02:00:00 AM,1,0,1
06/28/2017 01:00:00 AM,3,2,1
06/28/2017 12:00:00 AM,2,0,2
06/27/2017 11:00:00 PM,5,5,0
06/27/2017 10:00:00 PM,12,9,3
06/27/2017 09:00:00 PM,13,6,7
06/27/2017 08:00:00 PM,30,19,11
06/27/2017 07:00:00 PM,56,12,44
06/27/2017 06:00:00 PM,125,44,81
06/27/2017 05:00:00 PM,223,67,156
06/27/2017 04:00:00 PM,129,35,94
06/27/2017 03:00:00 PM,72,17,55
06/27/2017 02:00:00 PM,35,13,22
06/27/2017 01:00:00 PM,24,6,18
06/27/2017 12:00:00 PM,23,12,11
06/27/2017 11:00:00 AM,40,23,17
06/27/2017 10:00:00 AM,26,12,14
06/27/2017 09:00:00 AM,89,45,44
06/27/2017 08:00:00 AM,152,66,86
06/27/2017 07:00:00 AM,107,48,59
06/27/2017 06:00:00 AM,45,26,19
06/27/2017 05:00:00 AM,10,8,2
06/27/2017 04:00:00 AM,1,0,1
06/27/2017 03:00:00 AM,1,0,1
06/27/2017 02:00:00 AM,0,0,0
06/27/2017 01:00:00 AM,0,0,0
06/27/2017 12:00:00 AM,1,1,0
06/26/2017 11:00:00 PM,5,3,2
06/26/2017 10:00:00 PM,3,1,2
06/26/2017 09:00:00 PM,8,2,6
06/26/2017 08:00:00 PM,16,7,9
06/26/2017 07:00:00 PM,31,16,15
06/26/2017 06:00:00 PM,89,32,57
06/26/2017 05:00:00 PM,195,67,128
06/26/2017 04:00:00 PM,144,38,106
06/26/2017 03:00:00 PM,67,23,44
06/26/2017 02:00:00 PM,41,19,22
06/26/2017 01:00:00 PM,28,11,17
06/26/2017 12:00:00 PM,26,13,13
06/26/2017 11:00:00 AM,30,18,12
06/26/2017 10:00:00 AM,19,8,11
06/26/2017 09:00:00 AM,85,31,54
06/26/2017 08:00:00 AM,140,63,77
06/26/2017 07:00:00 AM,96,39,57
06/26/2017 06:00:00 AM,49,27,22
06/26/2017 05:00:00 AM,14,11,3
06/26/2017 04:00:00 AM,2,1,1
06/26/2017 03:00:00 AM,0,0,0
06/26/2017 02:00:00 AM,1,1,0
06/26/2017 01:00:00 AM,0,0,0
06/26/2017 12:00:00 AM,2,0,2
06/25/2017 11:00:00 PM,5,2,3
06/25/2017 10:00:00 PM,17,13,4
06/25/2017 09:00:00 PM,11,8,3
06/25/2017 08:00:00 PM,12,7,5
06/25/2017 07:00:00 PM,9,4,5
06/25/2017 06:00:00 PM,22,14,8
06/25/2017 05:00:00 PM,39,23,16
06/25/2017 04:00:00 PM,21,10,11
06/25/2017 03:00:00 PM,10,5,5
06/25/2017 02:00:00 PM,28,13,15
06/25/2017 01:00:00 PM,36,21,15
06/25/2017 12:00:00 PM,20,14,6
06/25/2017 11:00:00 AM,21,13,8
06/25/2017 10:00:00 AM,19,10,9
06/25/2017 09:00:00 AM,12,4,8
06/25/2017 08:00:00 AM,11,6,5
06/25/2017 07:00:00 AM,9,4,5
06/25/2017 06:00:00 AM,2,0,2
06/25/2017 05:00:00 AM,1,1,0
06/25/2017 04:00:00 AM,1,1,0
06/25/2017 03:00:00 AM,0,0,0
06/25/2017 02:00:00 AM,2,2,0
06/25/2017 01:00:00 AM,3,2,1
06/25/2017 12:00:00 AM,3,2,1
06/24/2017 11:00:00 PM,9,6,3
06/24/2017 10:00:00 PM,10,7,3
06/24/2017 09:00:00 PM,6,4,2
06/24/2017 08:00:00 PM,8,4,4
06/24/2017 07:00:00 PM,16,8,8
06/24/2017 06:00:00 PM,21,8,13
06/24/2017 05:00:00 PM,23,10,13
06/24/2017 04:00:00 PM,35,15,20
06/24/2017 03:00:00 PM,24,11,13
06/24/2017 02:00:00 PM,38,15,23
06/24/2017 01:00:00 PM,31,19,12
06/24/2017 12:00:00 PM,38,16,22
06/24/2017 11:00:00 AM,32,11,21
06/24/2017 10:00:00 AM,44,11,33
06/24/2017 09:00:00 AM,26,7,19
06/24/2017 08:00:00 AM,16,3,13
06/24/2017 07:00:00 AM,11,3,8
06/24/2017 06:00:00 AM,6,3,3
06/24/2017 05:00:00 AM,0,0,0
06/24/2017 04:00:00 AM,0,0,0
06/24/2017 03:00:00 AM,2,1,1
06/24/2017 02:00:00 AM,2,2,0
06/24/2017 01:00:00 AM,3,1,2
06/24/2017 12:00:00 AM,4,3,1
06/23/2017 11:00:00 PM,6,3,3
06/23/2017 10:00:00 PM,8,2,6
06/23/2017 09:00:00 PM,14,7,7
06/23/2017 08:00:00 PM,12,8,4
06/23/2017 07:00:00 PM,48,21,27
06/23/2017 06:00:00 PM,69,11,58
06/23/2017 05:00:00 PM,169,57,112
06/23/2017 04:00:00 PM,130,44,86
06/23/2017 03:00:00 PM,99,43,56
06/23/2017 02:00:00 PM,48,12,36
06/23/2017 01:00:00 PM,36,14,22
06/23/2017 12:00:00 PM,35,16,19
06/23/2017 11:00:00 AM,37,18,19
06/23/2017 10:00:00 AM,34,18,16
06/23/2017 09:00:00 AM,66,34,32
06/23/2017 08:00:00 AM,108,42,66
06/23/2017 07:00:00 AM,92,43,49
06/23/2017 06:00:00 AM,33,21,12
06/23/2017 05:00:00 AM,13,9,4
06/23/2017 04:00:00 AM,2,0,2
06/23/2017 03:00:00 AM,0,0,0
06/23/2017 02:00:00 AM,1,0,1
06/23/2017 01:00:00 AM,2,2,0
06/23/2017 12:00:00 AM,1,0,1
06/22/2017 11:00:00 PM,3,3,0
06/22/2017 10:00:00 PM,17,12,5
06/22/2017 09:00:00 PM,10,3,7
06/22/2017 08:00:00 PM,32,18,14
06/22/2017 07:00:00 PM,53,23,30
06/22/2017 06:00:00 PM,103,34,69
06/22/2017 05:00:00 PM,191,67,124
06/22/2017 04:00:00 PM,147,44,103
06/22/2017 03:00:00 PM,74,24,50
06/22/2017 02:00:00 PM,39,15,24
06/22/2017 01:00:00 PM,38,17,21
06/22/2017 12:00:00 PM,52,29,23
06/22/2017 11:00:00 AM,26,12,14
06/22/2017 10:00:00 AM,26,11,15
06/22/2017 09:00:00 AM,95,42,53
06/22/2017 08:00:00 AM,148,58,90
06/22/2017 07:00:00 AM,107,48,59
06/22/2017 06:00:00 AM,50,29,21
06/22/2017 05:00:00 AM,11,8,3
06/22/2017 04:00:00 AM,1,0,1
06/22/2017 03:00:00 AM,1,1,0
06/22/2017 02:00:00 AM,0,0,0
06/22/2017 01:00:00 AM,0,0,0
06/22/2017 12:00:00 AM,2,1,1
06/21/2017 11:00:00 PM,5,2,3
06/21/2017 10:00:00 PM,15,11,4
06/21/2017 09:00:00 PM,34,25,9
06/21/2017 08:00:00 PM,13,8,5
06/21/2017 07:00:00 PM,60,16,44
06/21/2017 06:00:00 PM,123,36,87
06/21/2017 05:00:00 PM,236,68,168
06/21/2017 04:00:00 PM,149,44,105
06/21/2017 03:00:00 PM,81,17,64
06/21/2017 02:00:00 PM,38,15,23
06/21/2017 01:00:00 PM,31,15,16
06/21/2017 12:00:00 PM,34,13,21
06/21/2017 11:00:00 AM,26,13,13
06/21/2017 10:00:00 AM,48,26,22
06/21/2017 09:00:00 AM,93,39,54
06/21/2017 08:00:00 AM,131,67,64
06/21/2017 07:00:00 AM,92,43,49
06/21/2017 06:00:00 AM,49,29,20
06/21/2017 05:00:00 AM,13,11,2
06/21/2017 04:00:00 AM,1,0,1
06/21/2017 03:00:00 AM,1,0,1
06/21/2017 02:00:00 AM,0,0,0
06/21/2017 01:00:00 AM,0,0,0
06/21/2017 12:00:00 AM,0,0,0
06/20/2017 11:00:00 PM,4,1,3
06/20/2017 10:00:00 PM,9,2,7
06/20/2017 09:00:00 PM,8,2,6
06/20/2017 08:00:00 PM,9,2,7
06/20/2017 07:00:00 PM,39,15,24
06/20/2017 06:00:00 PM,83,35,48
06/20/2017 05:00:00 PM,175,48,127
06/20/2017 04:00:00 PM,131,50,81
06/20/2017 03:00:00 PM,57,14,43
06/20/2017 02:00:00 PM,34,11,23
06/20/2017 01:00:00 PM,21,8,13
06/20/2017 12:00:00 PM,27,15,12
06/20/2017 11:00:00 AM,27,16,11
06/20/2017 10:00:00 AM,26,11,15
06/20/2017 09:00:00 AM,78,30,48
06/20/2017 08:00:00 AM,103,42,61
06/20/2017 07:00:00 AM,89,52,37
06/20/2017 06:00:00 AM,51,29,22
06/20/2017 05:00:00 AM,11,9,2
06/20/2017 04:00:00 AM,3,0,3
06/20/2017 03:00:00 AM,0,0,0
06/20/2017 02:00:00 AM,0,0,0
06/20/2017 01:00:00 AM,2,2,0
06/20/2017 12:00:00 AM,2,2,0
06/19/2017 11:00:00 PM,6,3,3
06/19/2017 10:00:00 PM,8,5,3
06/19/2017 09:00:00 PM,6,3,3
06/19/2017 08:00:00 PM,11,5,6
06/19/2017 07:00:00 PM,34,11,23
06/19/2017 06:00:00 PM,102,32,70
06/19/2017 05:00:00 PM,220,68,152
06/19/2017 04:00:00 PM,135,35,100
06/19/2017 03:00:00 PM,57,17,40
06/19/2017 02:00:00 PM,24,8,16
06/19/2017 01:00:00 PM,32,19,13
06/19/2017 12:00:00 PM,23,11,12
06/19/2017 11:00:00 AM,26,15,11
06/19/2017 10:00:00 AM,24,14,10
06/19/2017 09:00:00 AM,80,36,44
06/19/2017 08:00:00 AM,128,68,60
06/19/2017 07:00:00 AM,89,43,46
06/19/2017 06:00:00 AM,35,17,18
06/19/2017 05:00:00 AM,15,11,4
06/19/2017 04:00:00 AM,1,0,1
06/19/2017 03:00:00 AM,1,0,1
06/19/2017 02:00:00 AM,0,0,0
06/19/2017 01:00:00 AM,0,0,0
06/19/2017 12:00:00 AM,0,0,0
06/18/2017 11:00:00 PM,2,0,2
06/18/2017 10:00:00 PM,7,6,1
06/18/2017 09:00:00 PM,12,6,6
06/18/2017 08:00:00 PM,7,2,5
06/18/2017 07:00:00 PM,18,9,9
06/18/2017 06:00:00 PM,22,9,13
06/18/2017 05:00:00 PM,19,10,9
06/18/2017 04:00:00 PM,9,4,5
06/18/2017 03:00:00 PM,15,5,10
06/18/2017 02:00:00 PM,24,10,14
06/18/2017 01:00:00 PM,19,8,11
06/18/2017 12:00:00 PM,22,15,7
06/18/2017 11:00:00 AM,22,13,9
06/18/2017 10:00:00 AM,16,6,10
06/18/2017 09:00:00 AM,13,5,8
06/18/2017 08:00:00 AM,17,6,11
06/18/2017 07:00:00 AM,7,5,2
06/18/2017 06:00:00 AM,3,0,3
06/18/2017 05:00:00 AM,2,1,1
06/18/2017 04:00:00 AM,0,0,0
06/18/2017 03:00:00 AM,1,0,1
06/18/2017 02:00:00 AM,1,1,0
06/18/2017 01:00:00 AM,0,0,0
06/18/2017 12:00:00 AM,4,1,3
06/17/2017 11:00:00 PM,2,2,0
06/17/2017 10:00:00 PM,6,5,1
06/17/2017 09:00:00 PM,7,3,4
06/17/2017 08:00:00 PM,10,5,5
06/17/2017 07:00:00 PM,12,4,8
06/17/2017 06:00:00 PM,21,11,10
06/17/2017 05:00:00 PM,23,9,14
06/17/2017 04:00:00 PM,32,15,17
06/17/2017 03:00:00 PM,20,7,13
06/17/2017 02:00:00 PM,33,10,23
06/17/2017 01:00:00 PM,50,41,9
06/17/2017 12:00:00 PM,28,16,12
06/17/2017 11:00:00 AM,45,31,14
06/17/2017 10:00:00 AM,23,15,8
06/17/2017 09:00:00 AM,12,0,12
06/17/2017 08:00:00 AM,36,10,26
06/17/2017 07:00:00 AM,9,6,3
06/17/2017 06:00:00 AM,2,2,0
06/17/2017 05:00:00 AM,0,0,0
06/17/2017 04:00:00 AM,1,0,1
06/17/2017 03:00:00 AM,1,1,0
06/17/2017 02:00:00 AM,0,0,0
06/17/2017 01:00:00 AM,3,2,1
06/17/2017 12:00:00 AM,0,0,0
06/16/2017 11:00:00 PM,5,3,2
06/16/2017 10:00:00 PM,7,1,6
06/16/2017 09:00:00 PM,10,5,5
06/16/2017 08:00:00 PM,15,4,11
06/16/2017 07:00:00 PM,28,14,14
06/16/2017 06:00:00 PM,66,31,35
06/16/2017 05:00:00 PM,161,52,109
06/16/2017 04:00:00 PM,116,37,79
06/16/2017 03:00:00 PM,68,14,54
06/16/2017 02:00:00 PM,41,18,23
06/16/2017 01:00:00 PM,44,25,19
06/16/2017 12:00:00 PM,27,8,19
06/16/2017 11:00:00 AM,37,25,12
06/16/2017 10:00:00 AM,24,10,14
06/16/2017 09:00:00 AM,66,28,38
06/16/2017 08:00:00 AM,99,43,56
06/16/2017 07:00:00 AM,70,33,37
06/16/2017 06:00:00 AM,34,21,13
06/16/2017 05:00:00 AM,6,6,0
06/16/2017 04:00:00 AM,0,0,0
06/16/2017 03:00:00 AM,1,1,0
06/16/2017 02:00:00 AM,0,0,0
06/16/2017 01:00:00 AM,2,1,1
06/16/2017 12:00:00 AM,0,0,0
06/15/2017 11:00:00 PM,1,1,0
06/15/2017 10:00:00 PM,3,1,2
06/15/2017 09:00:00 PM,5,1,4
06/15/2017 08:00:00 PM,5,1,4
06/15/2017 07:00:00 PM,17,6,11
06/15/2017 06:00:00 PM,60,14,46
06/15/2017 05:00:00 PM,99,33,66
06/15/2017 04:00:00 PM,77,24,53
06/15/2017 03:00:00 PM,38,16,22
06/15/2017 02:00:00 PM,24,15,9
06/15/2017 01:00:00 PM,19,8,11
06/15/2017 12:00:00 PM,9,6,3
06/15/2017 11:00:00 AM,12,5,7
06/15/2017 10:00:00 AM,16,10,6
06/15/2017 09:00:00 AM,48,21,27
06/15/2017 08:00:00 AM,73,36,37
06/15/2017 07:00:00 AM,57,36,21
06/15/2017 06:00:00 AM,29,18,11
06/15/2017 05:00:00 AM,7,5,2
06/15/2017 04:00:00 AM,1,0,1
06/15/2017 03:00:00 AM,1,0,1
06/15/2017 02:00:00 AM,0,0,0
06/15/2017 01:00:00 AM,3,2,1
06/15/2017 12:00:00 AM,3,0,3
06/14/2017 11:00:00 PM,1,0,1
06/14/2017 10:00:00 PM,8,7,1
06/14/2017 09:00:00 PM,22,8,14
06/14/2017 08:00:00 PM,24,7,17
06/14/2017 07:00:00 PM,42,14,28
06/14/2017 06:00:00 PM,115,48,67
06/14/2017 05:00:00 PM,183,62,121
06/14/2017 04:00:00 PM,150,41,109
06/14/2017 03:00:00 PM,68,19,49
06/14/2017 02:00:00 PM,42,21,21
06/14/2017 01:00:00 PM,28,14,14
06/14/2017 12:00:00 PM,22,13,9
06/14/2017 11:00:00 AM,22,10,12
06/14/2017 10:00:00 AM,37,21,16
06/14/2017 09:00:00 AM,78,41,37
06/14/2017 08:00:00 AM,140,64,76
06/14/2017 07:00:00 AM,124,61,63
06/14/2017 06:00:00 AM,44,28,16
06/14/2017 05:00:00 AM,14,11,3
06/14/2017 04:00:00 AM,2,1,1
06/14/2017 03:00:00 AM,1,1,0
06/14/2017 02:00:00 AM,1,0,1
06/14/2017 01:00:00 AM,5,4,1
06/14/2017 12:00:00 AM,1,1,0
06/13/2017 11:00:00 PM,2,0,2
06/13/2017 10:00:00 PM,7,2,5
06/13/2017 09:00:00 PM,8,5,3
06/13/2017 08:00:00 PM,12,6,6
06/13/2017 07:00:00 PM,39,18,21
06/13/2017 06:00:00 PM,76,29,47
06/13/2017 05:00:00 PM,172,52,120
06/13/2017 04:00:00 PM,134,50,84
06/13/2017 03:00:00 PM,47,18,29
06/13/2017 02:00:00 PM,34,11,23
06/13/2017 01:00:00 PM,32,12,20
06/13/2017 12:00:00 PM,31,18,13
06/13/2017 11:00:00 AM,25,15,10
06/13/2017 10:00:00 AM,27,14,13
06/13/2017 09:00:00 AM,70,34,36
06/13/2017 08:00:00 AM,116,50,66
06/13/2017 07:00:00 AM,92,47,45
06/13/2017 06:00:00 AM,31,17,14
06/13/2017 05:00:00 AM,15,12,3
06/13/2017 04:00:00 AM,3,1,2
06/13/2017 03:00:00 AM,0,0,0
06/13/2017 02:00:00 AM,0,0,0
06/13/2017 01:00:00 AM,1,1,0
06/13/2017 12:00:00 AM,1,0,1
06/12/2017 11:00:00 PM,3,0,3
06/12/2017 10:00:00 PM,1,0,1
06/12/2017 09:00:00 PM,8,4,4
06/12/2017 08:00:00 PM,17,9,8
06/12/2017 07:00:00 PM,27,13,14
06/12/2017 06:00:00 PM,101,36,65
06/12/2017 05:00:00 PM,188,64,124
06/12/2017 04:00:00 PM,128,33,95
06/12/2017 03:00:00 PM,50,12,38
06/12/2017 02:00:00 PM,30,12,18
06/12/2017 01:00:00 PM,17,9,8
06/12/2017 12:00:00 PM,39,20,19
06/12/2017 11:00:00 AM,28,16,12
06/12/2017 10:00:00 AM,31,20,11
06/12/2017 09:00:00 AM,87,47,40
06/12/2017 08:00:00 AM,140,66,74
06/12/2017 07:00:00 AM,102,45,57
06/12/2017 06:00:00 AM,31,16,15
06/12/2017 05:00:00 AM,14,8,6
06/12/2017 04:00:00 AM,0,0,0
06/12/2017 03:00:00 AM,0,0,0
06/12/2017 02:00:00 AM,1,0,1
06/12/2017 01:00:00 AM,1,1,0
06/12/2017 12:00:00 AM,4,2,2
06/11/2017 11:00:00 PM,3,1,2
06/11/2017 10:00:00 PM,5,2,3
06/11/2017 09:00:00 PM,7,6,1
06/11/2017 08:00:00 PM,8,6,2
06/11/2017 07:00:00 PM,11,7,4
06/11/2017 06:00:00 PM,22,13,9
06/11/2017 05:00:00 PM,20,14,6
06/11/2017 04:00:00 PM,33,16,17
06/11/2017 03:00:00 PM,41,28,13
06/11/2017 02:00:00 PM,20,12,8
06/11/2017 01:00:00 PM,25,9,16
06/11/2017 12:00:00 PM,29,12,17
06/11/2017 11:00:00 AM,18,7,11
06/11/2017 10:00:00 AM,25,11,14
06/11/2017 09:00:00 AM,18,3,15
06/11/2017 08:00:00 AM,11,7,4
06/11/2017 07:00:00 AM,7,3,4
06/11/2017 06:00:00 AM,4,1,3
06/11/2017 05:00:00 AM,1,1,0
06/11/2017 04:00:00 AM,0,0,0
06/11/2017 03:00:00 AM,0,0,0
06/11/2017 02:00:00 AM,1,1,0
06/11/2017 01:00:00 AM,1,1,0
06/11/2017 12:00:00 AM,2,2,0
06/10/2017 11:00:00 PM,9,6,3
06/10/2017 10:00:00 PM,17,9,8
06/10/2017 09:00:00 PM,6,4,2
06/10/2017 08:00:00 PM,11,6,5
06/10/2017 07:00:00 PM,20,8,12
06/10/2017 06:00:00 PM,30,12,18
06/10/2017 05:00:00 PM,30,14,16
06/10/2017 04:00:00 PM,47,25,22
06/10/2017 03:00:00 PM,34,14,20
06/10/2017 02:00:00 PM,30,13,17
06/10/2017 01:00:00 PM,45,31,14
06/10/2017 12:00:00 PM,29,19,10
06/10/2017 11:00:00 AM,33,21,12
06/10/2017 10:00:00 AM,16,4,12
06/10/2017 09:00:00 AM,12,3,9
06/10/2017 08:00:00 AM,16,8,8
06/10/2017 07:00:00 AM,9,4,5
06/10/2017 06:00:00 AM,3,3,0
06/10/2017 05:00:00 AM,0,0,0
06/10/2017 04:00:00 AM,0,0,0
06/10/2017 03:00:00 AM,0,0,0
06/10/2017 02:00:00 AM,3,0,3
06/10/2017 01:00:00 AM,2,0,2
06/10/2017 12:00:00 AM,2,1,1
06/09/2017 11:00:00 PM,9,4,5
06/09/2017 10:00:00 PM,14,9,5
06/09/2017 09:00:00 PM,9,5,4
06/09/2017 08:00:00 PM,17,8,9
06/09/2017 07:00:00 PM,33,15,18
06/09/2017 06:00:00 PM,80,25,55
06/09/2017 05:00:00 PM,146,52,94
06/09/2017 04:00:00 PM,122,43,79
06/09/2017 03:00:00 PM,58,16,42
06/09/2017 02:00:00 PM,36,16,20
06/09/2017 01:00:00 PM,31,16,15
06/09/2017 12:00:00 PM,29,9,20
06/09/2017 11:00:00 AM,36,23,13
06/09/2017 10:00:00 AM,23,10,13
06/09/2017 09:00:00 AM,66,29,37
06/09/2017 08:00:00 AM,110,44,66
06/09/2017 07:00:00 AM,78,41,37
06/09/2017 06:00:00 AM,39,27,12
06/09/2017 05:00:00 AM,9,6,3
06/09/2017 04:00:00 AM,2,1,1
06/09/2017 03:00:00 AM,1,0,1
06/09/2017 02:00:00 AM,0,0,0
06/09/2017 01:00:00 AM,0,0,0
06/09/2017 12:00:00 AM,4,2,2
06/08/2017 11:00:00 PM,5,3,2
06/08/2017 10:00:00 PM,15,11,4
06/08/2017 09:00:00 PM,17,6,11
06/08/2017 08:00:00 PM,15,7,8
06/08/2017 07:00:00 PM,29,11,18
06/08/2017 06:00:00 PM,69,26,43
06/08/2017 05:00:00 PM,125,36,89
06/08/2017 04:00:00 PM,75,19,56
06/08/2017 03:00:00 PM,45,14,31
06/08/2017 02:00:00 PM,16,8,8
06/08/2017 01:00:00 PM,19,10,9
06/08/2017 12:00:00 PM,16,13,3
06/08/2017 11:00:00 AM,12,8,4
06/08/2017 10:00:00 AM,19,11,8
06/08/2017 09:00:00 AM,40,14,26
06/08/2017 08:00:00 AM,65,19,46
06/08/2017 07:00:00 AM,60,31,29
06/08/2017 06:00:00 AM,29,17,12
06/08/2017 05:00:00 AM,9,8,1
06/08/2017 04:00:00 AM,1,0,1
06/08/2017 03:00:00 AM,0,0,0
06/08/2017 02:00:00 AM,0,0,0
06/08/2017 01:00:00 AM,0,0,0
06/08/2017 12:00:00 AM,2,1,1
06/07/2017 11:00:00 PM,8,6,2
06/07/2017 10:00:00 PM,22,16,6
06/07/2017 09:00:00 PM,12,5,7
06/07/2017 08:00:00 PM,24,11,13
06/07/2017 07:00:00 PM,41,19,22
06/07/2017 06:00:00 PM,134,47,87
06/07/2017 05:00:00 PM,259,84,175
06/07/2017 04:00:00 PM,154,42,112
06/07/2017 03:00:00 PM,63,17,46
06/07/2017 02:00:00 PM,32,13,19
06/07/2017 01:00:00 PM,37,22,15
06/07/2017 12:00:00 PM,38,21,17
06/07/2017 11:00:00 AM,28,12,16
06/07/2017 10:00:00 AM,69,19,50
06/07/2017 09:00:00 AM,98,35,63
06/07/2017 08:00:00 AM,187,84,103
06/07/2017 07:00:00 AM,96,59,37
06/07/2017 06:00:00 AM,51,28,23
06/07/2017 05:00:00 AM,16,12,4
06/07/2017 04:00:00 AM,1,1,0
06/07/2017 03:00:00 AM,0,0,0
06/07/2017 02:00:00 AM,3,2,1
06/07/2017 01:00:00 AM,2,2,0
06/07/2017 12:00:00 AM,1,1,0
06/06/2017 11:00:00 PM,6,4,2
06/06/2017 10:00:00 PM,22,17,5
06/06/2017 09:00:00 PM,8,2,6
06/06/2017 08:00:00 PM,28,12,16
06/06/2017 07:00:00 PM,54,16,38
06/06/2017 06:00:00 PM,139,51,88
06/06/2017 05:00:00 PM,244,61,183
06/06/2017 04:00:00 PM,152,47,105
06/06/2017 03:00:00 PM,71,33,38
06/06/2017 02:00:00 PM,45,23,22
06/06/2017 01:00:00 PM,29,14,15
06/06/2017 12:00:00 PM,37,17,20
06/06/2017 11:00:00 AM,25,10,15
06/06/2017 10:00:00 AM,40,16,24
06/06/2017 09:00:00 AM,108,44,64
06/06/2017 08:00:00 AM,169,71,98
06/06/2017 07:00:00 AM,114,63,51
06/06/2017 06:00:00 AM,57,29,28
06/06/2017 05:00:00 AM,20,12,8
06/06/2017 04:00:00 AM,2,0,2
06/06/2017 03:00:00 AM,4,3,1
06/06/2017 02:00:00 AM,2,1,1
06/06/2017 01:00:00 AM,0,0,0
06/06/2017 12:00:00 AM,4,1,3
06/05/2017 11:00:00 PM,5,1,4
06/05/2017 10:00:00 PM,9,4,5
06/05/2017 09:00:00 PM,8,5,3
06/05/2017 08:00:00 PM,21,7,14
06/05/2017 07:00:00 PM,45,16,29
06/05/2017 06:00:00 PM,125,42,83
06/05/2017 05:00:00 PM,215,58,157
06/05/2017 04:00:00 PM,150,53,97
06/05/2017 03:00:00 PM,52,13,39
06/05/2017 02:00:00 PM,28,13,15
06/05/2017 01:00:00 PM,37,18,19
06/05/2017 12:00:00 PM,36,22,14
06/05/2017 11:00:00 AM,21,11,10
06/05/2017 10:00:00 AM,27,12,15
06/05/2017 09:00:00 AM,100,48,52
06/05/2017 08:00:00 AM,160,75,85
06/05/2017 07:00:00 AM,90,44,46
06/05/2017 06:00:00 AM,48,28,20
06/05/2017 05:00:00 AM,15,11,4
06/05/2017 04:00:00 AM,3,1,2
06/05/2017 03:00:00 AM,1,0,1
06/05/2017 02:00:00 AM,0,0,0
06/05/2017 01:00:00 AM,0,0,0
06/05/2017 12:00:00 AM,2,1,1
06/04/2017 11:00:00 PM,2,2,0
06/04/2017 10:00:00 PM,8,5,3
06/04/2017 09:00:00 PM,22,15,7
06/04/2017 08:00:00 PM,8,8,0
06/04/2017 07:00:00 PM,16,10,6
06/04/2017 06:00:00 PM,31,13,18
06/04/2017 05:00:00 PM,23,11,12
06/04/2017 04:00:00 PM,31,16,15
06/04/2017 03:00:00 PM,35,22,13
06/04/2017 02:00:00 PM,25,10,15
06/04/2017 01:00:00 PM,37,19,18
06/04/2017 12:00:00 PM,32,18,14
06/04/2017 11:00:00 AM,18,11,7
06/04/2017 10:00:00 AM,13,7,6
06/04/2017 09:00:00 AM,23,11,12
06/04/2017 08:00:00 AM,12,4,8
06/04/2017 07:00:00 AM,10,7,3
06/04/2017 06:00:00 AM,2,0,2
06/04/2017 05:00:00 AM,0,0,0
06/04/2017 04:00:00 AM,0,0,0
06/04/2017 03:00:00 AM,3,2,1
06/04/2017 02:00:00 AM,6,3,3
06/04/2017 01:00:00 AM,2,1,1
06/04/2017 12:00:00 AM,7,3,4
06/03/2017 11:00:00 PM,6,5,1
06/03/2017 10:00:00 PM,5,2,3
06/03/2017 09:00:00 PM,9,6,3
06/03/2017 08:00:00 PM,9,6,3
06/03/2017 07:00:00 PM,16,6,10
06/03/2017 06:00:00 PM,19,8,11
06/03/2017 05:00:00 PM,19,8,11
06/03/2017 04:00:00 PM,30,8,22
06/03/2017 03:00:00 PM,27,14,13
06/03/2017 02:00:00 PM,24,11,13
06/03/2017 01:00:00 PM,27,13,14
06/03/2017 12:00:00 PM,19,8,11
06/03/2017 11:00:00 AM,26,13,13
06/03/2017 10:00:00 AM,21,8,13
06/03/2017 09:00:00 AM,13,5,8
06/03/2017 08:00:00 AM,11,2,9
06/03/2017 07:00:00 AM,6,5,1
06/03/2017 06:00:00 AM,3,2,1
06/03/2017 05:00:00 AM,5,2,3
06/03/2017 04:00:00 AM,0,0,0
06/03/2017 03:00:00 AM,1,1,0
06/03/2017 02:00:00 AM,9,6,3
06/03/2017 01:00:00 AM,3,2,1
06/03/2017 12:00:00 AM,2,2,0
06/02/2017 11:00:00 PM,7,3,4
06/02/2017 10:00:00 PM,8,6,2
06/02/2017 09:00:00 PM,12,7,5
06/02/2017 08:00:00 PM,19,7,12
06/02/2017 07:00:00 PM,46,22,24
06/02/2017 06:00:00 PM,91,25,66
06/02/2017 05:00:00 PM,164,60,104
06/02/2017 04:00:00 PM,136,45,91
06/02/2017 03:00:00 PM,68,24,44
06/02/2017 02:00:00 PM,32,13,19
06/02/2017 01:00:00 PM,40,20,20
06/02/2017 12:00:00 PM,28,14,14
06/02/2017 11:00:00 AM,28,17,11
06/02/2017 10:00:00 AM,25,10,15
06/02/2017 09:00:00 AM,76,39,37
06/02/2017 08:00:00 AM,119,51,68
06/02/2017 07:00:00 AM,81,42,39
06/02/2017 06:00:00 AM,34,20,14
06/02/2017 05:00:00 AM,7,3,4
06/02/2017 04:00:00 AM,1,1,0
06/02/2017 03:00:00 AM,1,0,1
06/02/2017 02:00:00 AM,0,0,0
06/02/2017 01:00:00 AM,2,1,1
06/02/2017 12:00:00 AM,1,1,0
06/01/2017 11:00:00 PM,6,2,4
06/01/2017 10:00:00 PM,8,4,4
06/01/2017 09:00:00 PM,25,16,9
06/01/2017 08:00:00 PM,31,13,18
06/01/2017 07:00:00 PM,36,17,19
06/01/2017 06:00:00 PM,91,31,60
06/01/2017 05:00:00 PM,175,57,118
06/01/2017 04:00:00 PM,105,30,75
06/01/2017 03:00:00 PM,65,26,39
06/01/2017 02:00:00 PM,23,7,16
06/01/2017 01:00:00 PM,24,9,15
06/01/2017 12:00:00 PM,41,20,21
06/01/2017 11:00:00 AM,29,18,11
06/01/2017 10:00:00 AM,36,10,26
06/01/2017 09:00:00 AM,65,32,33
06/01/2017 08:00:00 AM,122,51,71
06/01/2017 07:00:00 AM,90,48,42
06/01/2017 06:00:00 AM,45,28,17
06/01/2017 05:00:00 AM,11,7,4
06/01/2017 04:00:00 AM,0,0,0
06/01/2017 03:00:00 AM,0,0,0
06/01/2017 02:00:00 AM,0,0,0
06/01/2017 01:00:00 AM,0,0,0
06/01/2017 12:00:00 AM,3,1,2
05/31/2017 11:00:00 PM,4,2,2
05/31/2017 10:00:00 PM,11,6,5
05/31/2017 09:00:00 PM,7,3,4
05/31/2017 08:00:00 PM,24,8,16
05/31/2017 07:00:00 PM,52,23,29
05/31/2017 06:00:00 PM,121,42,79
05/31/2017 05:00:00 PM,187,67,120
05/31/2017 04:00:00 PM,149,35,114
05/31/2017 03:00:00 PM,72,24,48
05/31/2017 02:00:00 PM,38,21,17
05/31/2017 01:00:00 PM,26,16,10
05/31/2017 12:00:00 PM,23,11,12
05/31/2017 11:00:00 AM,26,15,11
05/31/2017 10:00:00 AM,35,20,15
05/31/2017 09:00:00 AM,90,45,45
05/31/2017 08:00:00 AM,152,67,85
05/31/2017 07:00:00 AM,103,53,50
05/31/2017 06:00:00 AM,53,29,24
05/31/2017 05:00:00 AM,8,6,2
05/31/2017 04:00:00 AM,1,0,1
05/31/2017 03:00:00 AM,0,0,0
05/31/2017 02:00:00 AM,0,0,0
05/31/2017 01:00:00 AM,0,0,0
05/31/2017 12:00:00 AM,2,1,1
05/30/2017 11:00:00 PM,3,0,3
05/30/2017 10:00:00 PM,8,3,5
05/30/2017 09:00:00 PM,8,5,3
05/30/2017 08:00:00 PM,11,3,8
05/30/2017 07:00:00 PM,34,16,18
05/30/2017 06:00:00 PM,89,36,53
05/30/2017 05:00:00 PM,179,58,121
05/30/2017 04:00:00 PM,111,32,79
05/30/2017 03:00:00 PM,43,15,28
05/30/2017 02:00:00 PM,27,16,11
05/30/2017 01:00:00 PM,32,15,17
05/30/2017 12:00:00 PM,26,15,11
05/30/2017 11:00:00 AM,19,10,9
05/30/2017 10:00:00 AM,27,17,10
05/30/2017 09:00:00 AM,68,29,39
05/30/2017 08:00:00 AM,126,53,73
05/30/2017 07:00:00 AM,89,50,39
05/30/2017 06:00:00 AM,43,23,20
05/30/2017 05:00:00 AM,5,3,2
05/30/2017 04:00:00 AM,3,2,1
05/30/2017 03:00:00 AM,1,1,0
05/30/2017 02:00:00 AM,0,0,0
05/30/2017 01:00:00 AM,1,0,1
05/30/2017 12:00:00 AM,1,1,0
05/29/2017 11:00:00 PM,9,6,3
05/29/2017 10:00:00 PM,6,4,2
05/29/2017 09:00:00 PM,7,4,3
05/29/2017 08:00:00 PM,11,6,5
05/29/2017 07:00:00 PM,20,10,10
05/29/2017 06:00:00 PM,16,11,5
05/29/2017 05:00:00 PM,22,11,11
05/29/2017 04:00:00 PM,20,14,6
05/29/2017 03:00:00 PM,43,22,21
05/29/2017 02:00:00 PM,31,18,13
05/29/2017 01:00:00 PM,21,8,13
05/29/2017 12:00:00 PM,23,12,11
05/29/2017 11:00:00 AM,17,11,6
05/29/2017 10:00:00 AM,6,1,5
05/29/2017 09:00:00 AM,11,6,5
05/29/2017 08:00:00 AM,11,5,6
05/29/2017 07:00:00 AM,8,4,4
05/29/2017 06:00:00 AM,2,1,1
05/29/2017 05:00:00 AM,0,0,0
05/29/2017 04:00:00 AM,0,0,0
05/29/2017 03:00:00 AM,0,0,0
05/29/2017 02:00:00 AM,0,0,0
05/29/2017 01:00:00 AM,2,1,1
05/29/2017 12:00:00 AM,1,0,1
05/28/2017 11:00:00 PM,3,0,3
05/28/2017 10:00:00 PM,8,4,4
05/28/2017 09:00:00 PM,4,3,1
05/28/2017 08:00:00 PM,11,5,6
05/28/2017 07:00:00 PM,15,4,11
05/28/2017 06:00:00 PM,18,8,10
05/28/2017 05:00:00 PM,28,13,15
05/28/2017 04:00:00 PM,10,7,3
05/28/2017 03:00:00 PM,23,12,11
05/28/2017 02:00:00 PM,33,17,16
05/28/2017 01:00:00 PM,27,7,20
05/28/2017 12:00:00 PM,41,27,14
05/28/2017 11:00:00 AM,55,40,15
05/28/2017 10:00:00 AM,113,105,8
05/28/2017 09:00:00 AM,98,82,16
05/28/2017 08:00:00 AM,47,42,5
05/28/2017 07:00:00 AM,77,15,62
05/28/2017 06:00:00 AM,236,33,203
05/28/2017 05:00:00 AM,66,9,57
05/28/2017 04:00:00 AM,3,0,3
05/28/2017 03:00:00 AM,3,1,2
05/28/2017 02:00:00 AM,0,0,0
05/28/2017 01:00:00 AM,2,1,1
05/28/2017 12:00:00 AM,2,2,0
05/27/2017 11:00:00 PM,4,2,2
05/27/2017 10:00:00 PM,6,2,4
05/27/2017 09:00:00 PM,10,3,7
05/27/2017 08:00:00 PM,10,3,7
05/27/2017 07:00:00 PM,17,2,15
05/27/2017 06:00:00 PM,27,14,13
05/27/2017 05:00:00 PM,28,12,16
05/27/2017 04:00:00 PM,26,15,11
05/27/2017 03:00:00 PM,25,8,17
05/27/2017 02:00:00 PM,72,53,19
05/27/2017 01:00:00 PM,29,20,9
05/27/2017 12:00:00 PM,39,13,26
05/27/2017 11:00:00 AM,74,11,63
05/27/2017 10:00:00 AM,47,17,30
05/27/2017 09:00:00 AM,14,6,8
05/27/2017 08:00:00 AM,16,8,8
05/27/2017 07:00:00 AM,5,4,1
05/27/2017 06:00:00 AM,7,3,4
05/27/2017 05:00:00 AM,1,0,1
05/27/2017 04:00:00 AM,0,0,0
05/27/2017 03:00:00 AM,0,0,0
05/27/2017 02:00:00 AM,1,1,0
05/27/2017 01:00:00 AM,1,0,1
05/27/2017 12:00:00 AM,5,3,2
05/26/2017 11:00:00 PM,7,4,3
05/26/2017 10:00:00 PM,9,4,5
05/26/2017 09:00:00 PM,10,2,8
05/26/2017 08:00:00 PM,21,8,13
05/26/2017 07:00:00 PM,22,12,10
05/26/2017 06:00:00 PM,61,24,37
05/26/2017 05:00:00 PM,141,59,82
05/26/2017 04:00:00 PM,129,47,82
05/26/2017 03:00:00 PM,90,43,47
05/26/2017 02:00:00 PM,67,25,42
05/26/2017 01:00:00 PM,57,34,23
05/26/2017 12:00:00 PM,39,24,15
05/26/2017 11:00:00 AM,34,13,21
05/26/2017 10:00:00 AM,32,20,12
05/26/2017 09:00:00 AM,75,30,45
05/26/2017 08:00:00 AM,138,61,77
05/26/2017 07:00:00 AM,94,41,53
05/26/2017 06:00:00 AM,40,26,14
05/26/2017 05:00:00 AM,7,6,1
05/26/2017 04:00:00 AM,2,0,2
05/26/2017 03:00:00 AM,0,0,0
05/26/2017 02:00:00 AM,1,0,1
05/26/2017 01:00:00 AM,0,0,0
05/26/2017 12:00:00 AM,2,1,1
05/25/2017 11:00:00 PM,5,3,2
05/25/2017 10:00:00 PM,10,4,6
05/25/2017 09:00:00 PM,17,9,8
05/25/2017 08:00:00 PM,17,10,7
05/25/2017 07:00:00 PM,42,16,26
05/25/2017 06:00:00 PM,112,38,74
05/25/2017 05:00:00 PM,187,70,117
05/25/2017 04:00:00 PM,144,52,92
05/25/2017 03:00:00 PM,69,27,42
05/25/2017 02:00:00 PM,35,12,23
05/25/2017 01:00:00 PM,29,16,13
05/25/2017 12:00:00 PM,34,22,12
05/25/2017 11:00:00 AM,26,9,17
05/25/2017 10:00:00 AM,32,16,16
05/25/2017 09:00:00 AM,92,39,53
05/25/2017 08:00:00 AM,170,69,101
05/25/2017 07:00:00 AM,85,40,45
05/25/2017 06:00:00 AM,44,21,23
05/25/2017 05:00:00 AM,11,9,2
05/25/2017 04:00:00 AM,4,1,3
05/25/2017 03:00:00 AM,0,0,0
05/25/2017 02:00:00 AM,0,0,0
05/25/2017 01:00:00 AM,0,0,0
05/25/2017 12:00:00 AM,3,1,2
05/24/2017 11:00:00 PM,7,3,4
05/24/2017 10:00:00 PM,12,6,6
05/24/2017 09:00:00 PM,16,6,10
05/24/2017 08:00:00 PM,20,6,14
05/24/2017 07:00:00 PM,34,14,20
05/24/2017 06:00:00 PM,101,36,65
05/24/2017 05:00:00 PM,203,64,139
05/24/2017 04:00:00 PM,141,44,97
05/24/2017 03:00:00 PM,63,22,41
05/24/2017 02:00:00 PM,31,10,21
05/24/2017 01:00:00 PM,22,12,10
05/24/2017 12:00:00 PM,62,38,24
05/24/2017 11:00:00 AM,34,21,13
05/24/2017 10:00:00 AM,38,16,22
05/24/2017 09:00:00 AM,85,39,46
05/24/2017 08:00:00 AM,171,72,99
05/24/2017 07:00:00 AM,106,47,59
05/24/2017 06:00:00 AM,51,27,24
05/24/2017 05:00:00 AM,8,8,0
05/24/2017 04:00:00 AM,1,1,0
05/24/2017 03:00:00 AM,0,0,0
05/24/2017 02:00:00 AM,1,1,0
05/24/2017 01:00:00 AM,0,0,0
05/24/2017 12:00:00 AM,1,0,1
05/23/2017 11:00:00 PM,6,5,1
05/23/2017 10:00:00 PM,3,0,3
05/23/2017 09:00:00 PM,14,9,5
05/23/2017 08:00:00 PM,16,2,14
05/23/2017 07:00:00 PM,41,21,20
05/23/2017 06:00:00 PM,122,42,80
05/23/2017 05:00:00 PM,263,103,160
05/23/2017 04:00:00 PM,186,55,131
05/23/2017 03:00:00 PM,79,32,47
05/23/2017 02:00:00 PM,40,16,24
05/23/2017 01:00:00 PM,33,18,15
05/23/2017 12:00:00 PM,41,19,22
05/23/2017 11:00:00 AM,28,11,17
05/23/2017 10:00:00 AM,33,18,15
05/23/2017 09:00:00 AM,89,42,47
05/23/2017 08:00:00 AM,185,68,117
05/23/2017 07:00:00 AM,147,57,90
05/23/2017 06:00:00 AM,46,25,21
05/23/2017 05:00:00 AM,16,10,6
05/23/2017 04:00:00 AM,5,2,3
05/23/2017 03:00:00 AM,2,1,1
05/23/2017 02:00:00 AM,1,0,1
05/23/2017 01:00:00 AM,0,0,0
05/23/2017 12:00:00 AM,2,1,1
05/22/2017 11:00:00 PM,5,0,5
05/22/2017 10:00:00 PM,9,3,6
05/22/2017 09:00:00 PM,13,8,5
05/22/2017 08:00:00 PM,21,9,12
05/22/2017 07:00:00 PM,47,20,27
05/22/2017 06:00:00 PM,103,39,64
05/22/2017 05:00:00 PM,241,77,164
05/22/2017 04:00:00 PM,152,45,107
05/22/2017 03:00:00 PM,77,32,45
05/22/2017 02:00:00 PM,29,15,14
05/22/2017 01:00:00 PM,36,16,20
05/22/2017 12:00:00 PM,44,28,16
05/22/2017 11:00:00 AM,26,8,18
05/22/2017 10:00:00 AM,26,14,12
05/22/2017 09:00:00 AM,96,42,54
05/22/2017 08:00:00 AM,169,65,104
05/22/2017 07:00:00 AM,120,51,69
05/22/2017 06:00:00 AM,55,27,28
05/22/2017 05:00:00 AM,11,7,4
05/22/2017 04:00:00 AM,1,0,1
05/22/2017 03:00:00 AM,13,1,12
05/22/2017 02:00:00 AM,0,0,0
05/22/2017 01:00:00 AM,0,0,0
05/22/2017 12:00:00 AM,2,1,1
05/21/2017 11:00:00 PM,3,1,2
05/21/2017 10:00:00 PM,2,1,1
05/21/2017 09:00:00 PM,5,3,2
05/21/2017 08:00:00 PM,6,4,2
05/21/2017 07:00:00 PM,14,5,9
05/21/2017 06:00:00 PM,8,4,4
05/21/2017 05:00:00 PM,24,12,12
05/21/2017 04:00:00 PM,23,13,10
05/21/2017 03:00:00 PM,26,15,11
05/21/2017 02:00:00 PM,35,10,25
05/21/2017 01:00:00 PM,26,13,13
05/21/2017 12:00:00 PM,35,14,21
05/21/2017 11:00:00 AM,26,8,18
05/21/2017 10:00:00 AM,18,9,9
05/21/2017 09:00:00 AM,11,3,8
05/21/2017 08:00:00 AM,13,7,6
05/21/2017 07:00:00 AM,7,3,4
05/21/2017 06:00:00 AM,2,0,2
05/21/2017 05:00:00 AM,2,2,0
05/21/2017 04:00:00 AM,1,0,1
05/21/2017 03:00:00 AM,0,0,0
05/21/2017 02:00:00 AM,3,1,2
05/21/2017 01:00:00 AM,2,1,1
05/21/2017 12:00:00 AM,4,0,4
05/20/2017 11:00:00 PM,7,4,3
05/20/2017 10:00:00 PM,14,11,3
05/20/2017 09:00:00 PM,9,4,5
05/20/2017 08:00:00 PM,8,1,7
05/20/2017 07:00:00 PM,9,8,1
05/20/2017 06:00:00 PM,19,7,12
05/20/2017 05:00:00 PM,18,12,6
05/20/2017 04:00:00 PM,56,42,14
05/20/2017 03:00:00 PM,28,12,16
05/20/2017 02:00:00 PM,38,9,29
05/20/2017 01:00:00 PM,61,15,46
05/20/2017 12:00:00 PM,32,9,23
05/20/2017 11:00:00 AM,24,10,14
05/20/2017 10:00:00 AM,26,9,17
05/20/2017 09:00:00 AM,18,8,10
05/20/2017 08:00:00 AM,20,12,8
05/20/2017 07:00:00 AM,13,7,6
05/20/2017 06:00:00 AM,6,4,2
05/20/2017 05:00:00 AM,2,1,1
05/20/2017 04:00:00 AM,2,2,0
05/20/2017 03:00:00 AM,0,0,0
05/20/2017 02:00:00 AM,0,0,0
05/20/2017 01:00:00 AM,3,2,1
05/20/2017 12:00:00 AM,4,1,3
05/19/2017 11:00:00 PM,7,4,3
05/19/2017 10:00:00 PM,13,5,8
05/19/2017 09:00:00 PM,15,5,10
05/19/2017 08:00:00 PM,16,6,10
05/19/2017 07:00:00 PM,31,13,18
05/19/2017 06:00:00 PM,91,28,63
05/19/2017 05:00:00 PM,222,83,139
05/19/2017 04:00:00 PM,175,59,116
05/19/2017 03:00:00 PM,94,34,60
05/19/2017 02:00:00 PM,59,22,37
05/19/2017 01:00:00 PM,50,16,34
05/19/2017 12:00:00 PM,40,13,27
05/19/2017 11:00:00 AM,46,21,25
05/19/2017 10:00:00 AM,40,17,23
05/19/2017 09:00:00 AM,106,40,66
05/19/2017 08:00:00 AM,273,88,185
05/19/2017 07:00:00 AM,165,78,87
05/19/2017 06:00:00 AM,63,27,36
05/19/2017 05:00:00 AM,7,4,3
05/19/2017 04:00:00 AM,1,0,1
05/19/2017 03:00:00 AM,2,1,1
05/19/2017 02:00:00 AM,3,0,3
05/19/2017 01:00:00 AM,0,0,0
05/19/2017 12:00:00 AM,2,2,0
05/18/2017 11:00:00 PM,6,3,3
05/18/2017 10:00:00 PM,8,3,5
05/18/2017 09:00:00 PM,14,8,6
05/18/2017 08:00:00 PM,12,6,6
05/18/2017 07:00:00 PM,50,26,24
05/18/2017 06:00:00 PM,93,35,58
05/18/2017 05:00:00 PM,199,65,134
05/18/2017 04:00:00 PM,140,36,104
05/18/2017 03:00:00 PM,66,26,40
05/18/2017 02:00:00 PM,37,15,22
05/18/2017 01:00:00 PM,35,21,14
05/18/2017 12:00:00 PM,30,14,16
05/18/2017 11:00:00 AM,33,17,16
05/18/2017 10:00:00 AM,27,16,11
05/18/2017 09:00:00 AM,72,20,52
05/18/2017 08:00:00 AM,161,73,88
05/18/2017 07:00:00 AM,106,59,47
05/18/2017 06:00:00 AM,54,25,29
05/18/2017 05:00:00 AM,4,2,2
05/18/2017 04:00:00 AM,1,0,1
05/18/2017 03:00:00 AM,0,0,0
05/18/2017 02:00:00 AM,1,0,1
05/18/2017 01:00:00 AM,1,0,1
05/18/2017 12:00:00 AM,0,0,0
05/17/2017 11:00:00 PM,7,5,2
05/17/2017 10:00:00 PM,8,3,5
05/17/2017 09:00:00 PM,16,7,9
05/17/2017 08:00:00 PM,23,10,13
05/17/2017 07:00:00 PM,31,14,17
05/17/2017 06:00:00 PM,97,34,63
05/17/2017 05:00:00 PM,215,76,139
05/17/2017 04:00:00 PM,121,41,80
05/17/2017 03:00:00 PM,49,17,32
05/17/2017 02:00:00 PM,28,13,15
05/17/2017 01:00:00 PM,26,10,16
05/17/2017 12:00:00 PM,31,21,10
05/17/2017 11:00:00 AM,22,11,11
05/17/2017 10:00:00 AM,33,22,11
05/17/2017 09:00:00 AM,64,28,36
05/17/2017 08:00:00 AM,152,65,87
05/17/2017 07:00:00 AM,103,53,50
05/17/2017 06:00:00 AM,49,32,17
05/17/2017 05:00:00 AM,11,9,2
05/17/2017 04:00:00 AM,1,1,0
05/17/2017 03:00:00 AM,1,0,1
05/17/2017 02:00:00 AM,1,1,0
05/17/2017 01:00:00 AM,2,0,2
05/17/2017 12:00:00 AM,0,0,0
05/16/2017 11:00:00 PM,6,5,1
05/16/2017 10:00:00 PM,11,6,5
05/16/2017 09:00:00 PM,10,4,6
05/16/2017 08:00:00 PM,18,8,10
05/16/2017 07:00:00 PM,29,8,21
05/16/2017 06:00:00 PM,65,27,38
05/16/2017 05:00:00 PM,142,42,100
05/16/2017 04:00:00 PM,93,24,69
05/16/2017 03:00:00 PM,43,13,30
05/16/2017 02:00:00 PM,15,6,9
05/16/2017 01:00:00 PM,21,8,13
05/16/2017 12:00:00 PM,23,10,13
05/16/2017 11:00:00 AM,11,5,6
05/16/2017 10:00:00 AM,20,12,8
05/16/2017 09:00:00 AM,46,24,22
05/16/2017 08:00:00 AM,79,33,46
05/16/2017 07:00:00 AM,59,38,21
05/16/2017 06:00:00 AM,29,17,12
05/16/2017 05:00:00 AM,5,4,1
05/16/2017 04:00:00 AM,3,1,2
05/16/2017 03:00:00 AM,3,3,0
05/16/2017 02:00:00 AM,0,0,0
05/16/2017 01:00:00 AM,0,0,0
05/16/2017 12:00:00 AM,1,1,0
05/15/2017 11:00:00 PM,1,0,1
05/15/2017 10:00:00 PM,2,1,1
05/15/2017 09:00:00 PM,5,1,4
05/15/2017 08:00:00 PM,10,3,7
05/15/2017 07:00:00 PM,26,10,16
05/15/2017 06:00:00 PM,65,13,52
05/15/2017 05:00:00 PM,142,51,91
05/15/2017 04:00:00 PM,93,27,66
05/15/2017 03:00:00 PM,45,14,31
05/15/2017 02:00:00 PM,15,7,8
05/15/2017 01:00:00 PM,17,11,6
05/15/2017 12:00:00 PM,14,8,6
05/15/2017 11:00:00 AM,21,8,13
05/15/2017 10:00:00 AM,26,11,15
05/15/2017 09:00:00 AM,60,23,37
05/15/2017 08:00:00 AM,126,52,74
05/15/2017 07:00:00 AM,87,47,40
05/15/2017 06:00:00 AM,38,23,15
05/15/2017 05:00:00 AM,5,4,1
05/15/2017 04:00:00 AM,2,0,2
05/15/2017 03:00:00 AM,2,2,0
05/15/2017 02:00:00 AM,3,0,3
05/15/2017 01:00:00 AM,0,0,0
05/15/2017 12:00:00 AM,3,1,2
05/14/2017 11:00:00 PM,11,7,4
05/14/2017 10:00:00 PM,9,4,5
05/14/2017 09:00:00 PM,5,1,4
05/14/2017 08:00:00 PM,3,2,1
05/14/2017 07:00:00 PM,15,9,6
05/14/2017 06:00:00 PM,16,4,12
05/14/2017 05:00:00 PM,12,5,7
05/14/2017 04:00:00 PM,17,10,7
05/14/2017 03:00:00 PM,14,5,9
05/14/2017 02:00:00 PM,17,12,5
05/14/2017 01:00:00 PM,16,7,9
05/14/2017 12:00:00 PM,18,12,6
05/14/2017 11:00:00 AM,10,2,8
05/14/2017 10:00:00 AM,13,7,6
05/14/2017 09:00:00 AM,7,2,5
05/14/2017 08:00:00 AM,7,4,3
05/14/2017 07:00:00 AM,3,2,1
05/14/2017 06:00:00 AM,2,2,0
05/14/2017 05:00:00 AM,3,1,2
05/14/2017 04:00:00 AM,0,0,0
05/14/2017 03:00:00 AM,0,0,0
05/14/2017 02:00:00 AM,0,0,0
05/14/2017 01:00:00 AM,5,2,3
05/14/2017 12:00:00 AM,1,1,0
05/13/2017 11:00:00 PM,3,3,0
05/13/2017 10:00:00 PM,6,5,1
05/13/2017 09:00:00 PM,3,1,2
05/13/2017 08:00:00 PM,8,7,1
05/13/2017 07:00:00 PM,6,4,2
05/13/2017 06:00:00 PM,16,7,9
05/13/2017 05:00:00 PM,23,14,9
05/13/2017 04:00:00 PM,29,15,14
05/13/2017 03:00:00 PM,16,6,10
05/13/2017 02:00:00 PM,17,7,10
05/13/2017 01:00:00 PM,14,5,9
05/13/2017 12:00:00 PM,11,4,7
05/13/2017 11:00:00 AM,20,5,15
05/13/2017 10:00:00 AM,13,2,11
05/13/2017 09:00:00 AM,9,4,5
05/13/2017 08:00:00 AM,4,3,1
05/13/2017 07:00:00 AM,7,5,2
05/13/2017 06:00:00 AM,4,2,2
05/13/2017 05:00:00 AM,1,0,1
05/13/2017 04:00:00 AM,1,0,1
05/13/2017 03:00:00 AM,0,0,0
05/13/2017 02:00:00 AM,3,1,2
05/13/2017 01:00:00 AM,6,4,2
05/13/2017 12:00:00 AM,5,3,2
05/12/2017 11:00:00 PM,6,4,2
05/12/2017 10:00:00 PM,9,6,3
05/12/2017 09:00:00 PM,5,2,3
05/12/2017 08:00:00 PM,9,4,5
05/12/2017 07:00:00 PM,31,13,18
05/12/2017 06:00:00 PM,58,22,36
05/12/2017 05:00:00 PM,139,41,98
05/12/2017 04:00:00 PM,99,41,58
05/12/2017 03:00:00 PM,55,20,35
05/12/2017 02:00:00 PM,26,13,13
05/12/2017 01:00:00 PM,28,12,16
05/12/2017 12:00:00 PM,23,12,11
05/12/2017 11:00:00 AM,20,7,13
05/12/2017 10:00:00 AM,22,11,11
05/12/2017 09:00:00 AM,63,34,29
05/12/2017 08:00:00 AM,122,64,58
05/12/2017 07:00:00 AM,87,32,55
05/12/2017 06:00:00 AM,37,25,12
05/12/2017 05:00:00 AM,4,3,1
05/12/2017 04:00:00 AM,0,0,0
05/12/2017 03:00:00 AM,1,0,1
05/12/2017 02:00:00 AM,4,2,2
05/12/2017 01:00:00 AM,0,0,0
05/12/2017 12:00:00 AM,2,2,0
05/11/2017 11:00:00 PM,6,2,4
05/11/2017 10:00:00 PM,6,4,2
05/11/2017 09:00:00 PM,14,2,12
05/11/2017 08:00:00 PM,11,4,7
05/11/2017 07:00:00 PM,30,11,19
05/11/2017 06:00:00 PM,50,13,37
05/11/2017 05:00:00 PM,158,53,105
05/11/2017 04:00:00 PM,107,35,72
05/11/2017 03:00:00 PM,41,12,29
05/11/2017 02:00:00 PM,14,9,5
05/11/2017 01:00:00 PM,22,10,12
05/11/2017 12:00:00 PM,14,9,5
05/11/2017 11:00:00 AM,14,6,8
05/11/2017 10:00:00 AM,28,19,9
05/11/2017 09:00:00 AM,68,30,38
05/11/2017 08:00:00 AM,108,41,67
05/11/2017 07:00:00 AM,68,39,29
05/11/2017 06:00:00 AM,33,25,8
05/11/2017 05:00:00 AM,7,4,3
05/11/2017 04:00:00 AM,1,0,1
05/11/2017 03:00:00 AM,4,2,2
05/11/2017 02:00:00 AM,3,2,1
05/11/2017 01:00:00 AM,2,2,0
05/11/2017 12:00:00 AM,3,2,1
05/10/2017 11:00:00 PM,5,1,4
05/10/2017 10:00:00 PM,8,3,5
05/10/2017 09:00:00 PM,19,8,11
05/10/2017 08:00:00 PM,26,14,12
05/10/2017 07:00:00 PM,37,12,25
05/10/2017 06:00:00 PM,113,40,73
05/10/2017 05:00:00 PM,235,80,155
05/10/2017 04:00:00 PM,164,54,110
05/10/2017 03:00:00 PM,65,22,43
05/10/2017 02:00:00 PM,41,14,27
05/10/2017 01:00:00 PM,26,9,17
05/10/2017 12:00:00 PM,31,17,14
05/10/2017 11:00:00 AM,35,20,15
05/10/2017 10:00:00 AM,36,20,16
05/10/2017 09:00:00 AM,97,45,52
05/10/2017 08:00:00 AM,159,68,91
05/10/2017 07:00:00 AM,93,57,36
05/10/2017 06:00:00 AM,50,29,21
05/10/2017 05:00:00 AM,10,8,2
05/10/2017 04:00:00 AM,1,1,0
05/10/2017 03:00:00 AM,0,0,0
05/10/2017 02:00:00 AM,1,0,1
05/10/2017 01:00:00 AM,1,0,1
05/10/2017 12:00:00 AM,3,2,1
05/09/2017 11:00:00 PM,7,4,3
05/09/2017 10:00:00 PM,7,3,4
05/09/2017 09:00:00 PM,10,5,5
05/09/2017 08:00:00 PM,24,13,11
05/09/2017 07:00:00 PM,42,16,26
05/09/2017 06:00:00 PM,109,31,78
05/09/2017 05:00:00 PM,240,78,162
05/09/2017 04:00:00 PM,151,43,108
05/09/2017 03:00:00 PM,60,23,37
05/09/2017 02:00:00 PM,41,18,23
05/09/2017 01:00:00 PM,38,19,19
05/09/2017 12:00:00 PM,33,16,17
05/09/2017 11:00:00 AM,27,17,10
05/09/2017 10:00:00 AM,35,14,21
05/09/2017 09:00:00 AM,102,43,59
05/09/2017 08:00:00 AM,154,69,85
05/09/2017 07:00:00 AM,135,67,68
05/09/2017 06:00:00 AM,47,24,23
05/09/2017 05:00:00 AM,11,8,3
05/09/2017 04:00:00 AM,1,0,1
05/09/2017 03:00:00 AM,1,0,1
05/09/2017 02:00:00 AM,1,0,1
05/09/2017 01:00:00 AM,0,0,0
05/09/2017 12:00:00 AM,0,0,0
05/08/2017 11:00:00 PM,0,0,0
05/08/2017 10:00:00 PM,8,4,4
05/08/2017 09:00:00 PM,7,2,5
05/08/2017 08:00:00 PM,17,7,10
05/08/2017 07:00:00 PM,50,25,25
05/08/2017 06:00:00 PM,92,35,57
05/08/2017 05:00:00 PM,213,68,145
05/08/2017 04:00:00 PM,141,46,95
05/08/2017 03:00:00 PM,64,22,42
05/08/2017 02:00:00 PM,26,9,17
05/08/2017 01:00:00 PM,30,15,15
05/08/2017 12:00:00 PM,27,16,11
05/08/2017 11:00:00 AM,23,9,14
05/08/2017 10:00:00 AM,21,10,11
05/08/2017 09:00:00 AM,85,34,51
05/08/2017 08:00:00 AM,140,66,74
05/08/2017 07:00:00 AM,109,54,55
05/08/2017 06:00:00 AM,41,25,16
05/08/2017 05:00:00 AM,14,10,4
05/08/2017 04:00:00 AM,4,0,4
05/08/2017 03:00:00 AM,2,2,0
05/08/2017 02:00:00 AM,1,0,1
05/08/2017 01:00:00 AM,0,0,0
05/08/2017 12:00:00 AM,0,0,0
05/07/2017 11:00:00 PM,1,0,1
05/07/2017 10:00:00 PM,4,3,1
05/07/2017 09:00:00 PM,2,2,0
05/07/2017 08:00:00 PM,10,5,5
05/07/2017 07:00:00 PM,7,4,3
05/07/2017 06:00:00 PM,16,11,5
05/07/2017 05:00:00 PM,29,16,13
05/07/2017 04:00:00 PM,27,14,13
05/07/2017 03:00:00 PM,30,13,17
05/07/2017 02:00:00 PM,21,12,9
05/07/2017 01:00:00 PM,19,9,10
05/07/2017 12:00:00 PM,31,6,25
05/07/2017 11:00:00 AM,21,7,14
05/07/2017 10:00:00 AM,15,8,7
05/07/2017 09:00:00 AM,12,7,5
05/07/2017 08:00:00 AM,13,4,9
05/07/2017 07:00:00 AM,7,4,3
05/07/2017 06:00:00 AM,2,2,0
05/07/2017 05:00:00 AM,0,0,0
05/07/2017 04:00:00 AM,2,0,2
05/07/2017 03:00:00 AM,1,0,1
05/07/2017 02:00:00 AM,1,1,0
05/07/2017 01:00:00 AM,2,0,2
05/07/2017 12:00:00 AM,4,1,3
05/06/2017 11:00:00 PM,5,1,4
05/06/2017 10:00:00 PM,6,2,4
05/06/2017 09:00:00 PM,5,2,3
05/06/2017 08:00:00 PM,5,2,3
05/06/2017 07:00:00 PM,8,5,3
05/06/2017 06:00:00 PM,37,20,17
05/06/2017 05:00:00 PM,28,16,12
05/06/2017 04:00:00 PM,40,24,16
05/06/2017 03:00:00 PM,24,10,14
05/06/2017 02:00:00 PM,39,20,19
05/06/2017 01:00:00 PM,39,21,18
05/06/2017 12:00:00 PM,30,12,18
05/06/2017 11:00:00 AM,40,14,26
05/06/2017 10:00:00 AM,19,6,13
05/06/2017 09:00:00 AM,12,6,6
05/06/2017 08:00:00 AM,15,6,9
05/06/2017 07:00:00 AM,9,6,3
05/06/2017 06:00:00 AM,7,5,2
05/06/2017 05:00:00 AM,2,1,1
05/06/2017 04:00:00 AM,1,1,0
05/06/2017 03:00:00 AM,1,1,0
05/06/2017 02:00:00 AM,2,0,2
05/06/2017 01:00:00 AM,1,1,0
05/06/2017 12:00:00 AM,3,2,1
05/05/2017 11:00:00 PM,4,3,1
05/05/2017 10:00:00 PM,11,5,6
05/05/2017 09:00:00 PM,9,3,6
05/05/2017 08:00:00 PM,7,3,4
05/05/2017 07:00:00 PM,33,11,22
05/05/2017 06:00:00 PM,55,20,35
05/05/2017 05:00:00 PM,148,62,86
05/05/2017 04:00:00 PM,115,34,81
05/05/2017 03:00:00 PM,50,19,31
05/05/2017 02:00:00 PM,27,12,15
05/05/2017 01:00:00 PM,35,19,16
05/05/2017 12:00:00 PM,28,13,15
05/05/2017 11:00:00 AM,23,12,11
05/05/2017 10:00:00 AM,44,14,30
05/05/2017 09:00:00 AM,69,36,33
05/05/2017 08:00:00 AM,83,38,45
05/05/2017 07:00:00 AM,65,34,31
05/05/2017 06:00:00 AM,31,23,8
05/05/2017 05:00:00 AM,7,5,2
05/05/2017 04:00:00 AM,2,1,1
05/05/2017 03:00:00 AM,0,0,0
05/05/2017 02:00:00 AM,2,1,1
05/05/2017 01:00:00 AM,4,2,2
05/05/2017 12:00:00 AM,2,1,1
05/04/2017 11:00:00 PM,1,1,0
05/04/2017 10:00:00 PM,4,3,1
05/04/2017 09:00:00 PM,6,3,3
05/04/2017 08:00:00 PM,11,7,4
05/04/2017 07:00:00 PM,30,11,19
05/04/2017 06:00:00 PM,64,19,45
05/04/2017 05:00:00 PM,112,37,75
05/04/2017 04:00:00 PM,125,31,94
05/04/2017 03:00:00 PM,78,25,53
05/04/2017 02:00:00 PM,28,6,22
05/04/2017 01:00:00 PM,35,22,13
05/04/2017 12:00:00 PM,33,16,17
05/04/2017 11:00:00 AM,30,16,14
05/04/2017 10:00:00 AM,32,17,15
05/04/2017 09:00:00 AM,78,28,50
05/04/2017 08:00:00 AM,138,58,80
05/04/2017 07:00:00 AM,73,37,36
05/04/2017 06:00:00 AM,46,25,21
05/04/2017 05:00:00 AM,10,7,3
05/04/2017 04:00:00 AM,1,0,1
05/04/2017 03:00:00 AM,0,0,0
05/04/2017 02:00:00 AM,0,0,0
05/04/2017 01:00:00 AM,1,1,0
05/04/2017 12:00:00 AM,0,0,0
05/03/2017 11:00:00 PM,14,4,10
05/03/2017 10:00:00 PM,13,6,7
05/03/2017 09:00:00 PM,14,3,11
05/03/2017 08:00:00 PM,19,8,11
05/03/2017 07:00:00 PM,55,22,33
05/03/2017 06:00:00 PM,92,34,58
05/03/2017 05:00:00 PM,213,71,142
05/03/2017 04:00:00 PM,163,57,106
05/03/2017 03:00:00 PM,52,23,29
05/03/2017 02:00:00 PM,33,14,19
05/03/2017 01:00:00 PM,47,28,19
05/03/2017 12:00:00 PM,43,21,22
05/03/2017 11:00:00 AM,26,11,15
05/03/2017 10:00:00 AM,39,18,21
05/03/2017 09:00:00 AM,92,38,54
05/03/2017 08:00:00 AM,152,70,82
05/03/2017 07:00:00 AM,122,55,67
05/03/2017 06:00:00 AM,42,19,23
05/03/2017 05:00:00 AM,6,6,0
05/03/2017 04:00:00 AM,2,1,1
05/03/2017 03:00:00 AM,0,0,0
05/03/2017 02:00:00 AM,1,1,0
05/03/2017 01:00:00 AM,1,1,0
05/03/2017 12:00:00 AM,0,0,0
05/02/2017 11:00:00 PM,3,2,1
05/02/2017 10:00:00 PM,10,0,10
05/02/2017 09:00:00 PM,7,3,4
05/02/2017 08:00:00 PM,16,8,8
05/02/2017 07:00:00 PM,26,8,18
05/02/2017 06:00:00 PM,79,31,48
05/02/2017 05:00:00 PM,192,58,134
05/02/2017 04:00:00 PM,110,36,74
05/02/2017 03:00:00 PM,57,24,33
05/02/2017 02:00:00 PM,37,17,20
05/02/2017 01:00:00 PM,20,9,11
05/02/2017 12:00:00 PM,29,12,17
05/02/2017 11:00:00 AM,26,9,17
05/02/2017 10:00:00 AM,21,11,10
05/02/2017 09:00:00 AM,73,33,40
05/02/2017 08:00:00 AM,135,57,78
05/02/2017 07:00:00 AM,100,52,48
05/02/2017 06:00:00 AM,46,24,22
05/02/2017 05:00:00 AM,9,6,3
05/02/2017 04:00:00 AM,3,1,2
05/02/2017 03:00:00 AM,3,3,0
05/02/2017 02:00:00 AM,0,0,0
05/02/2017 01:00:00 AM,1,1,0
05/02/2017 12:00:00 AM,0,0,0
05/01/2017 11:00:00 PM,4,2,2
05/01/2017 10:00:00 PM,2,2,0
05/01/2017 09:00:00 PM,5,0,5
05/01/2017 08:00:00 PM,15,6,9
05/01/2017 07:00:00 PM,17,6,11
05/01/2017 06:00:00 PM,79,36,43
05/01/2017 05:00:00 PM,142,57,85
05/01/2017 04:00:00 PM,104,30,74
05/01/2017 03:00:00 PM,55,19,36
05/01/2017 02:00:00 PM,31,13,18
05/01/2017 01:00:00 PM,29,9,20
05/01/2017 12:00:00 PM,25,13,12
05/01/2017 11:00:00 AM,19,8,11
05/01/2017 10:00:00 AM,26,15,11
05/01/2017 09:00:00 AM,66,37,29
05/01/2017 08:00:00 AM,121,39,82
05/01/2017 07:00:00 AM,85,41,44
05/01/2017 06:00:00 AM,40,23,17
05/01/2017 05:00:00 AM,8,6,2
05/01/2017 04:00:00 AM,2,1,1
05/01/2017 03:00:00 AM,0,0,0
05/01/2017 02:00:00 AM,0,0,0
05/01/2017 01:00:00 AM,1,0,1
05/01/2017 12:00:00 AM,0,0,0
04/30/2017 11:00:00 PM,1,1,0
04/30/2017 10:00:00 PM,5,2,3
04/30/2017 09:00:00 PM,4,1,3
04/30/2017 08:00:00 PM,8,7,1
04/30/2017 07:00:00 PM,10,3,7
04/30/2017 06:00:00 PM,11,5,6
04/30/2017 05:00:00 PM,11,6,5
04/30/2017 04:00:00 PM,16,5,11
04/30/2017 03:00:00 PM,15,9,6
04/30/2017 02:00:00 PM,15,6,9
04/30/2017 01:00:00 PM,13,8,5
04/30/2017 12:00:00 PM,14,2,12
04/30/2017 11:00:00 AM,18,10,8
04/30/2017 10:00:00 AM,8,4,4
04/30/2017 09:00:00 AM,16,9,7
04/30/2017 08:00:00 AM,7,3,4
04/30/2017 07:00:00 AM,5,4,1
04/30/2017 06:00:00 AM,0,0,0
04/30/2017 05:00:00 AM,1,1,0
04/30/2017 04:00:00 AM,0,0,0
04/30/2017 03:00:00 AM,1,0,1
04/30/2017 02:00:00 AM,3,0,3
04/30/2017 01:00:00 AM,0,0,0
04/30/2017 12:00:00 AM,0,0,0
04/29/2017 11:00:00 PM,4,1,3
04/29/2017 10:00:00 PM,3,0,3
04/29/2017 09:00:00 PM,10,6,4
04/29/2017 08:00:00 PM,1,1,0
04/29/2017 07:00:00 PM,7,3,4
04/29/2017 06:00:00 PM,27,8,19
04/29/2017 05:00:00 PM,15,6,9
04/29/2017 04:00:00 PM,17,6,11
04/29/2017 03:00:00 PM,23,11,12
04/29/2017 02:00:00 PM,16,6,10
04/29/2017 01:00:00 PM,26,10,16
04/29/2017 12:00:00 PM,22,8,14
04/29/2017 11:00:00 AM,24,15,9
04/29/2017 10:00:00 AM,24,9,15
04/29/2017 09:00:00 AM,21,6,15
04/29/2017 08:00:00 AM,18,5,13
04/29/2017 07:00:00 AM,7,5,2
04/29/2017 06:00:00 AM,5,2,3
04/29/2017 05:00:00 AM,1,1,0
04/29/2017 04:00:00 AM,3,0,3
04/29/2017 03:00:00 AM,1,0,1
04/29/2017 02:00:00 AM,1,0,1
04/29/2017 01:00:00 AM,2,2,0
04/29/2017 12:00:00 AM,4,1,3
04/28/2017 11:00:00 PM,6,2,4
04/28/2017 10:00:00 PM,2,0,2
04/28/2017 09:00:00 PM,9,2,7
04/28/2017 08:00:00 PM,8,2,6
04/28/2017 07:00:00 PM,31,13,18
04/28/2017 06:00:00 PM,83,27,56
04/28/2017 05:00:00 PM,145,49,96
04/28/2017 04:00:00 PM,124,40,84
04/28/2017 03:00:00 PM,69,30,39
04/28/2017 02:00:00 PM,32,15,17
04/28/2017 01:00:00 PM,26,8,18
04/28/2017 12:00:00 PM,32,18,14
04/28/2017 11:00:00 AM,30,13,17
04/28/2017 10:00:00 AM,24,11,13
04/28/2017 09:00:00 AM,68,30,38
04/28/2017 08:00:00 AM,113,56,57
04/28/2017 07:00:00 AM,68,38,30
04/28/2017 06:00:00 AM,30,19,11
04/28/2017 05:00:00 AM,8,5,3
04/28/2017 04:00:00 AM,3,0,3
04/28/2017 03:00:00 AM,0,0,0
04/28/2017 02:00:00 AM,1,0,1
04/28/2017 01:00:00 AM,0,0,0
04/28/2017 12:00:00 AM,1,0,1
04/27/2017 11:00:00 PM,3,2,1
04/27/2017 10:00:00 PM,5,3,2
04/27/2017 09:00:00 PM,13,8,5
04/27/2017 08:00:00 PM,14,4,10
04/27/2017 07:00:00 PM,21,10,11
04/27/2017 06:00:00 PM,68,17,51
04/27/2017 05:00:00 PM,134,48,86
04/27/2017 04:00:00 PM,103,26,77
04/27/2017 03:00:00 PM,52,18,34
04/27/2017 02:00:00 PM,21,3,18
04/27/2017 01:00:00 PM,21,15,6
04/27/2017 12:00:00 PM,22,11,11
04/27/2017 11:00:00 AM,23,12,11
04/27/2017 10:00:00 AM,21,13,8
04/27/2017 09:00:00 AM,67,26,41
04/27/2017 08:00:00 AM,91,45,46
04/27/2017 07:00:00 AM,48,23,25
04/27/2017 06:00:00 AM,26,13,13
04/27/2017 05:00:00 AM,9,6,3
04/27/2017 04:00:00 AM,1,0,1
04/27/2017 03:00:00 AM,1,0,1
04/27/2017 02:00:00 AM,2,2,0
04/27/2017 01:00:00 AM,0,0,0
04/27/2017 12:00:00 AM,0,0,0
04/26/2017 11:00:00 PM,3,1,2
04/26/2017 10:00:00 PM,3,1,2
04/26/2017 09:00:00 PM,6,3,3
04/26/2017 08:00:00 PM,11,3,8
04/26/2017 07:00:00 PM,27,10,17
04/26/2017 06:00:00 PM,49,16,33
04/26/2017 05:00:00 PM,124,37,87
04/26/2017 04:00:00 PM,77,21,56
04/26/2017 03:00:00 PM,33,6,27
04/26/2017 02:00:00 PM,15,4,11
04/26/2017 01:00:00 PM,17,9,8
04/26/2017 12:00:00 PM,17,11,6
04/26/2017 11:00:00 AM,14,10,4
04/26/2017 10:00:00 AM,19,10,9
04/26/2017 09:00:00 AM,46,19,27
04/26/2017 08:00:00 AM,92,44,48
04/26/2017 07:00:00 AM,54,30,24
04/26/2017 06:00:00 AM,28,15,13
04/26/2017 05:00:00 AM,5,5,0
04/26/2017 04:00:00 AM,2,1,1
04/26/2017 03:00:00 AM,1,1,0
04/26/2017 02:00:00 AM,1,0,1
04/26/2017 01:00:00 AM,1,0,1
04/26/2017 12:00:00 AM,1,1,0
04/25/2017 11:00:00 PM,1,1,0
04/25/2017 10:00:00 PM,4,2,2
04/25/2017 09:00:00 PM,5,2,3
04/25/2017 08:00:00 PM,13,3,10
04/25/2017 07:00:00 PM,17,3,14
04/25/2017 06:00:00 PM,70,19,51
04/25/2017 05:00:00 PM,139,37,102
04/25/2017 04:00:00 PM,112,32,80
04/25/2017 03:00:00 PM,42,10,32
04/25/2017 02:00:00 PM,27,13,14
04/25/2017 01:00:00 PM,19,10,9
04/25/2017 12:00:00 PM,29,13,16
04/25/2017 11:00:00 AM,14,7,7
04/25/2017 10:00:00 AM,32,13,19
04/25/2017 09:00:00 AM,88,38,50
04/25/2017 08:00:00 AM,122,47,75
04/25/2017 07:00:00 AM,77,45,32
04/25/2017 06:00:00 AM,39,25,14
04/25/2017 05:00:00 AM,8,6,2
04/25/2017 04:00:00 AM,3,2,1
04/25/2017 03:00:00 AM,0,0,0
04/25/2017 02:00:00 AM,0,0,0
04/25/2017 01:00:00 AM,0,0,0
04/25/2017 12:00:00 AM,1,0,1
04/24/2017 11:00:00 PM,10,6,4
04/24/2017 10:00:00 PM,7,4,3
04/24/2017 09:00:00 PM,8,2,6
04/24/2017 08:00:00 PM,9,3,6
04/24/2017 07:00:00 PM,23,6,17
04/24/2017 06:00:00 PM,61,22,39
04/24/2017 05:00:00 PM,160,53,107
04/24/2017 04:00:00 PM,104,27,77
04/24/2017 03:00:00 PM,32,10,22
04/24/2017 02:00:00 PM,19,8,11
04/24/2017 01:00:00 PM,10,6,4
04/24/2017 12:00:00 PM,10,5,5
04/24/2017 11:00:00 AM,20,12,8
04/24/2017 10:00:00 AM,18,9,9
04/24/2017 09:00:00 AM,48,22,26
04/24/2017 08:00:00 AM,105,49,56
04/24/2017 07:00:00 AM,51,28,23
04/24/2017 06:00:00 AM,22,13,9
04/24/2017 05:00:00 AM,8,7,1
04/24/2017 04:00:00 AM,0,0,0
04/24/2017 03:00:00 AM,0,0,0
04/24/2017 02:00:00 AM,2,0,2
04/24/2017 01:00:00 AM,1,1,0
04/24/2017 12:00:00 AM,5,2,3
04/23/2017 11:00:00 PM,5,1,4
04/23/2017 10:00:00 PM,3,1,2
04/23/2017 09:00:00 PM,2,2,0
04/23/2017 08:00:00 PM,0,0,0
04/23/2017 07:00:00 PM,8,4,4
04/23/2017 06:00:00 PM,8,2,6
04/23/2017 05:00:00 PM,5,2,3
04/23/2017 04:00:00 PM,7,4,3
04/23/2017 03:00:00 PM,7,5,2
04/23/2017 02:00:00 PM,6,5,1
04/23/2017 01:00:00 PM,6,3,3
04/23/2017 12:00:00 PM,9,5,4
04/23/2017 11:00:00 AM,7,4,3
04/23/2017 10:00:00 AM,7,2,5
04/23/2017 09:00:00 AM,6,2,4
04/23/2017 08:00:00 AM,4,2,2
04/23/2017 07:00:00 AM,5,3,2
04/23/2017 06:00:00 AM,2,1,1
04/23/2017 05:00:00 AM,0,0,0
04/23/2017 04:00:00 AM,0,0,0
04/23/2017 03:00:00 AM,0,0,0
04/23/2017 02:00:00 AM,3,2,1
04/23/2017 01:00:00 AM,0,0,0
04/23/2017 12:00:00 AM,5,3,2
04/22/2017 11:00:00 PM,8,5,3
04/22/2017 10:00:00 PM,5,2,3
04/22/2017 09:00:00 PM,4,2,2
04/22/2017 08:00:00 PM,7,5,2
04/22/2017 07:00:00 PM,8,4,4
04/22/2017 06:00:00 PM,11,4,7
04/22/2017 05:00:00 PM,16,8,8
04/22/2017 04:00:00 PM,9,4,5
04/22/2017 03:00:00 PM,13,5,8
04/22/2017 02:00:00 PM,13,2,11
04/22/2017 01:00:00 PM,18,8,10
04/22/2017 12:00:00 PM,15,10,5
04/22/2017 11:00:00 AM,9,5,4
04/22/2017 10:00:00 AM,11,4,7
04/22/2017 09:00:00 AM,8,5,3
04/22/2017 08:00:00 AM,6,4,2
04/22/2017 07:00:00 AM,14,11,3
04/22/2017 06:00:00 AM,5,3,2
04/22/2017 05:00:00 AM,1,1,0
04/22/2017 04:00:00 AM,2,1,1
04/22/2017 03:00:00 AM,0,0,0
04/22/2017 02:00:00 AM,3,1,2
04/22/2017 01:00:00 AM,3,0,3
04/22/2017 12:00:00 AM,3,2,1
04/21/2017 11:00:00 PM,2,0,2
04/21/2017 10:00:00 PM,6,4,2
04/21/2017 09:00:00 PM,5,2,3
04/21/2017 08:00:00 PM,16,9,7
04/21/2017 07:00:00 PM,30,17,13
04/21/2017 06:00:00 PM,67,27,40
04/21/2017 05:00:00 PM,119,44,75
04/21/2017 04:00:00 PM,123,35,88
04/21/2017 03:00:00 PM,86,26,60
04/21/2017 02:00:00 PM,50,22,28
04/21/2017 01:00:00 PM,40,23,17
04/21/2017 12:00:00 PM,38,17,21
04/21/2017 11:00:00 AM,34,15,19
04/21/2017 10:00:00 AM,30,15,15
04/21/2017 09:00:00 AM,75,32,43
04/21/2017 08:00:00 AM,108,45,63
04/21/2017 07:00:00 AM,86,49,37
04/21/2017 06:00:00 AM,53,23,30
04/21/2017 05:00:00 AM,4,4,0
04/21/2017 04:00:00 AM,0,0,0
04/21/2017 03:00:00 AM,1,0,1
04/21/2017 02:00:00 AM,0,0,0
04/21/2017 01:00:00 AM,0,0,0
04/21/2017 12:00:00 AM,1,1,0
04/20/2017 11:00:00 PM,3,2,1
04/20/2017 10:00:00 PM,7,3,4
04/20/2017 09:00:00 PM,10,1,9
04/20/2017 08:00:00 PM,15,8,7
04/20/2017 07:00:00 PM,18,11,7
04/20/2017 06:00:00 PM,77,24,53
04/20/2017 05:00:00 PM,143,44,99
04/20/2017 04:00:00 PM,86,27,59
04/20/2017 03:00:00 PM,43,19,24
04/20/2017 02:00:00 PM,10,9,1
04/20/2017 01:00:00 PM,18,11,7
04/20/2017 12:00:00 PM,22,8,14
04/20/2017 11:00:00 AM,22,12,10
04/20/2017 10:00:00 AM,28,15,13
04/20/2017 09:00:00 AM,66,32,34
04/20/2017 08:00:00 AM,108,42,66
04/20/2017 07:00:00 AM,55,28,27
04/20/2017 06:00:00 AM,27,15,12
04/20/2017 05:00:00 AM,4,4,0
04/20/2017 04:00:00 AM,2,0,2
04/20/2017 03:00:00 AM,1,0,1
04/20/2017 02:00:00 AM,0,0,0
04/20/2017 01:00:00 AM,0,0,0
04/20/2017 12:00:00 AM,1,1,0
04/19/2017 11:00:00 PM,2,0,2
04/19/2017 10:00:00 PM,3,2,1
04/19/2017 09:00:00 PM,4,2,2
04/19/2017 08:00:00 PM,15,7,8
04/19/2017 07:00:00 PM,17,7,10
04/19/2017 06:00:00 PM,71,19,52
04/19/2017 05:00:00 PM,142,49,93
04/19/2017 04:00:00 PM,82,22,60
04/19/2017 03:00:00 PM,40,18,22
04/19/2017 02:00:00 PM,18,6,12
04/19/2017 01:00:00 PM,19,12,7
04/19/2017 12:00:00 PM,19,7,12
04/19/2017 11:00:00 AM,20,12,8
04/19/2017 10:00:00 AM,18,9,9
04/19/2017 09:00:00 AM,66,31,35
04/19/2017 08:00:00 AM,87,39,48
04/19/2017 07:00:00 AM,63,39,24
04/19/2017 06:00:00 AM,27,14,13
04/19/2017 05:00:00 AM,5,5,0
04/19/2017 04:00:00 AM,2,2,0
04/19/2017 03:00:00 AM,0,0,0
04/19/2017 02:00:00 AM,1,1,0
04/19/2017 01:00:00 AM,3,0,3
04/19/2017 12:00:00 AM,3,2,1
04/18/2017 11:00:00 PM,5,3,2
04/18/2017 10:00:00 PM,7,2,5
04/18/2017 09:00:00 PM,7,4,3
04/18/2017 08:00:00 PM,13,6,7
04/18/2017 07:00:00 PM,27,13,14
04/18/2017 06:00:00 PM,76,21,55
04/18/2017 05:00:00 PM,126,43,83
04/18/2017 04:00:00 PM,79,21,58
04/18/2017 03:00:00 PM,37,18,19
04/18/2017 02:00:00 PM,17,9,8
04/18/2017 01:00:00 PM,20,11,9
04/18/2017 12:00:00 PM,19,8,11
04/18/2017 11:00:00 AM,28,17,11
04/18/2017 10:00:00 AM,21,7,14
04/18/2017 09:00:00 AM,56,34,22
04/18/2017 08:00:00 AM,88,41,47
04/18/2017 07:00:00 AM,55,29,26
04/18/2017 06:00:00 AM,31,17,14
04/18/2017 05:00:00 AM,6,5,1
04/18/2017 04:00:00 AM,2,1,1
04/18/2017 03:00:00 AM,1,0,1
04/18/2017 02:00:00 AM,1,0,1
04/18/2017 01:00:00 AM,1,0,1
04/18/2017 12:00:00 AM,1,0,1
04/17/2017 11:00:00 PM,1,1,0
04/17/2017 10:00:00 PM,5,3,2
04/17/2017 09:00:00 PM,3,2,1
04/17/2017 08:00:00 PM,9,3,6
04/17/2017 07:00:00 PM,17,10,7
04/17/2017 06:00:00 PM,67,19,48
04/17/2017 05:00:00 PM,120,39,81
04/17/2017 04:00:00 PM,90,29,61
04/17/2017 03:00:00 PM,39,16,23
04/17/2017 02:00:00 PM,22,9,13
04/17/2017 01:00:00 PM,14,7,7
04/17/2017 12:00:00 PM,19,9,10
04/17/2017 11:00:00 AM,26,18,8
04/17/2017 10:00:00 AM,24,17,7
04/17/2017 09:00:00 AM,75,45,30
04/17/2017 08:00:00 AM,89,48,41
04/17/2017 07:00:00 AM,58,39,19
04/17/2017 06:00:00 AM,19,12,7
04/17/2017 05:00:00 AM,7,7,0
04/17/2017 04:00:00 AM,1,0,1
04/17/2017 03:00:00 AM,0,0,0
04/17/2017 02:00:00 AM,1,0,1
04/17/2017 01:00:00 AM,0,0,0
04/17/2017 12:00:00 AM,0,0,0
04/16/2017 11:00:00 PM,4,1,3
04/16/2017 10:00:00 PM,0,0,0
04/16/2017 09:00:00 PM,3,3,0
04/16/2017 08:00:00 PM,7,5,2
04/16/2017 07:00:00 PM,4,2,2
04/16/2017 06:00:00 PM,16,12,4
04/16/2017 05:00:00 PM,22,12,10
04/16/2017 04:00:00 PM,23,13,10
04/16/2017 03:00:00 PM,16,14,2
04/16/2017 02:00:00 PM,26,19,7
04/16/2017 01:00:00 PM,24,14,10
04/16/2017 12:00:00 PM,17,8,9
04/16/2017 11:00:00 AM,11,4,7
04/16/2017 10:00:00 AM,12,8,4
04/16/2017 09:00:00 AM,8,6,2
04/16/2017 08:00:00 AM,4,3,1
04/16/2017 07:00:00 AM,4,3,1
04/16/2017 06:00:00 AM,3,3,0
04/16/2017 05:00:00 AM,1,0,1
04/16/2017 04:00:00 AM,1,0,1
04/16/2017 03:00:00 AM,1,1,0
04/16/2017 02:00:00 AM,1,0,1
04/16/2017 01:00:00 AM,1,1,0
04/16/2017 12:00:00 AM,4,3,1
04/15/2017 11:00:00 PM,6,6,0
04/15/2017 10:00:00 PM,10,5,5
04/15/2017 09:00:00 PM,12,8,4
04/15/2017 08:00:00 PM,19,12,7
04/15/2017 07:00:00 PM,8,4,4
04/15/2017 06:00:00 PM,23,16,7
04/15/2017 05:00:00 PM,17,7,10
04/15/2017 04:00:00 PM,27,10,17
04/15/2017 03:00:00 PM,22,9,13
04/15/2017 02:00:00 PM,33,21,12
04/15/2017 01:00:00 PM,30,19,11
04/15/2017 12:00:00 PM,16,11,5
04/15/2017 11:00:00 AM,14,8,6
04/15/2017 10:00:00 AM,10,9,1
04/15/2017 09:00:00 AM,18,12,6
04/15/2017 08:00:00 AM,16,8,8
04/15/2017 07:00:00 AM,9,6,3
04/15/2017 06:00:00 AM,6,5,1
04/15/2017 05:00:00 AM,2,0,2
04/15/2017 04:00:00 AM,0,0,0
04/15/2017 03:00:00 AM,0,0,0
04/15/2017 02:00:00 AM,1,0,1
04/15/2017 01:00:00 AM,2,2,0
04/15/2017 12:00:00 AM,2,0,2
04/14/2017 11:00:00 PM,3,3,0
04/14/2017 10:00:00 PM,10,8,2
04/14/2017 09:00:00 PM,4,0,4
04/14/2017 08:00:00 PM,7,2,5
04/14/2017 07:00:00 PM,20,14,6
04/14/2017 06:00:00 PM,45,16,29
04/14/2017 05:00:00 PM,78,27,51
04/14/2017 04:00:00 PM,73,21,52
04/14/2017 03:00:00 PM,41,19,22
04/14/2017 02:00:00 PM,23,12,11
04/14/2017 01:00:00 PM,31,14,17
04/14/2017 12:00:00 PM,22,13,9
04/14/2017 11:00:00 AM,13,6,7
04/14/2017 10:00:00 AM,24,7,17
04/14/2017 09:00:00 AM,45,26,19
04/14/2017 08:00:00 AM,71,28,43
04/14/2017 07:00:00 AM,39,19,20
04/14/2017 06:00:00 AM,16,7,9
04/14/2017 05:00:00 AM,3,0,3
04/14/2017 04:00:00 AM,1,1,0
04/14/2017 03:00:00 AM,1,0,1
04/14/2017 02:00:00 AM,2,1,1
04/14/2017 01:00:00 AM,0,0,0
04/14/2017 12:00:00 AM,2,1,1
04/13/2017 11:00:00 PM,2,2,0
04/13/2017 10:00:00 PM,4,2,2
04/13/2017 09:00:00 PM,2,2,0
04/13/2017 08:00:00 PM,14,6,8
04/13/2017 07:00:00 PM,34,17,17
04/13/2017 06:00:00 PM,55,19,36
04/13/2017 05:00:00 PM,133,49,84
04/13/2017 04:00:00 PM,78,28,50
04/13/2017 03:00:00 PM,31,14,17
04/13/2017 02:00:00 PM,13,7,6
04/13/2017 01:00:00 PM,26,15,11
04/13/2017 12:00:00 PM,21,11,10
04/13/2017 11:00:00 AM,24,12,12
04/13/2017 10:00:00 AM,24,12,12
04/13/2017 09:00:00 AM,61,31,30
04/13/2017 08:00:00 AM,102,44,58
04/13/2017 07:00:00 AM,57,31,26
04/13/2017 06:00:00 AM,17,7,10
04/13/2017 05:00:00 AM,3,3,0
04/13/2017 04:00:00 AM,1,0,1
04/13/2017 03:00:00 AM,0,0,0
04/13/2017 02:00:00 AM,0,0,0
04/13/2017 01:00:00 AM,0,0,0
04/13/2017 12:00:00 AM,0,0,0
04/12/2017 11:00:00 PM,3,3,0
04/12/2017 10:00:00 PM,6,4,2
04/12/2017 09:00:00 PM,5,3,2
04/12/2017 08:00:00 PM,3,0,3
04/12/2017 07:00:00 PM,18,5,13
04/12/2017 06:00:00 PM,45,11,34
04/12/2017 05:00:00 PM,100,40,60
04/12/2017 04:00:00 PM,53,10,43
04/12/2017 03:00:00 PM,34,8,26
04/12/2017 02:00:00 PM,22,11,11
04/12/2017 01:00:00 PM,19,9,10
04/12/2017 12:00:00 PM,14,8,6
04/12/2017 11:00:00 AM,10,2,8
04/12/2017 10:00:00 AM,15,8,7
04/12/2017 09:00:00 AM,29,14,15
04/12/2017 08:00:00 AM,53,22,31
04/12/2017 07:00:00 AM,31,18,13
04/12/2017 06:00:00 AM,17,10,7
04/12/2017 05:00:00 AM,2,2,0
04/12/2017 04:00:00 AM,1,0,1
04/12/2017 03:00:00 AM,0,0,0
04/12/2017 02:00:00 AM,0,0,0
04/12/2017 01:00:00 AM,0,0,0
04/12/2017 12:00:00 AM,1,1,0
04/11/2017 11:00:00 PM,6,4,2
04/11/2017 10:00:00 PM,11,6,5
04/11/2017 09:00:00 PM,7,0,7
04/11/2017 08:00:00 PM,13,8,5
04/11/2017 07:00:00 PM,30,8,22
04/11/2017 06:00:00 PM,74,26,48
04/11/2017 05:00:00 PM,162,56,106
04/11/2017 04:00:00 PM,111,35,76
04/11/2017 03:00:00 PM,43,14,29
04/11/2017 02:00:00 PM,18,7,11
04/11/2017 01:00:00 PM,19,10,9
04/11/2017 12:00:00 PM,23,12,11
04/11/2017 11:00:00 AM,27,12,15
04/11/2017 10:00:00 AM,27,12,15
04/11/2017 09:00:00 AM,79,36,43
04/11/2017 08:00:00 AM,104,47,57
04/11/2017 07:00:00 AM,78,39,39
04/11/2017 06:00:00 AM,21,10,11
04/11/2017 05:00:00 AM,7,6,1
04/11/2017 04:00:00 AM,3,1,2
04/11/2017 03:00:00 AM,0,0,0
04/11/2017 02:00:00 AM,0,0,0
04/11/2017 01:00:00 AM,0,0,0
04/11/2017 12:00:00 AM,1,0,1
04/10/2017 11:00:00 PM,2,1,1
04/10/2017 10:00:00 PM,4,3,1
04/10/2017 09:00:00 PM,0,0,0
04/10/2017 08:00:00 PM,13,4,9
04/10/2017 07:00:00 PM,18,9,9
04/10/2017 06:00:00 PM,50,16,34
04/10/2017 05:00:00 PM,116,39,77
04/10/2017 04:00:00 PM,74,17,57
04/10/2017 03:00:00 PM,23,4,19
04/10/2017 02:00:00 PM,15,5,10
04/10/2017 01:00:00 PM,12,7,5
04/10/2017 12:00:00 PM,18,8,10
04/10/2017 11:00:00 AM,19,9,10
04/10/2017 10:00:00 AM,22,11,11
04/10/2017 09:00:00 AM,64,30,34
04/10/2017 08:00:00 AM,95,39,56
04/10/2017 07:00:00 AM,44,19,25
04/10/2017 06:00:00 AM,13,8,5
04/10/2017 05:00:00 AM,4,3,1
04/10/2017 04:00:00 AM,1,0,1
04/10/2017 03:00:00 AM,0,0,0
04/10/2017 02:00:00 AM,0,0,0
04/10/2017 01:00:00 AM,0,0,0
04/10/2017 12:00:00 AM,1,0,1
04/09/2017 11:00:00 PM,1,0,1
04/09/2017 10:00:00 PM,1,1,0
04/09/2017 09:00:00 PM,1,0,1
04/09/2017 08:00:00 PM,3,2,1
04/09/2017 07:00:00 PM,12,6,6
04/09/2017 06:00:00 PM,8,5,3
04/09/2017 05:00:00 PM,19,12,7
04/09/2017 04:00:00 PM,18,9,9
04/09/2017 03:00:00 PM,16,9,7
04/09/2017 02:00:00 PM,19,11,8
04/09/2017 01:00:00 PM,15,7,8
04/09/2017 12:00:00 PM,15,7,8
04/09/2017 11:00:00 AM,15,8,7
04/09/2017 10:00:00 AM,17,8,9
04/09/2017 09:00:00 AM,16,5,11
04/09/2017 08:00:00 AM,6,2,4
04/09/2017 07:00:00 AM,4,1,3
04/09/2017 06:00:00 AM,3,2,1
04/09/2017 05:00:00 AM,1,1,0
04/09/2017 04:00:00 AM,0,0,0
04/09/2017 03:00:00 AM,0,0,0
04/09/2017 02:00:00 AM,3,2,1
04/09/2017 01:00:00 AM,1,1,0
04/09/2017 12:00:00 AM,4,3,1
04/08/2017 11:00:00 PM,9,2,7
04/08/2017 10:00:00 PM,5,2,3
04/08/2017 09:00:00 PM,7,3,4
04/08/2017 08:00:00 PM,5,3,2
04/08/2017 07:00:00 PM,5,4,1
04/08/2017 06:00:00 PM,7,1,6
04/08/2017 05:00:00 PM,15,9,6
04/08/2017 04:00:00 PM,18,11,7
04/08/2017 03:00:00 PM,13,8,5
04/08/2017 02:00:00 PM,8,1,7
04/08/2017 01:00:00 PM,13,8,5
04/08/2017 12:00:00 PM,7,4,3
04/08/2017 11:00:00 AM,18,6,12
04/08/2017 10:00:00 AM,14,10,4
04/08/2017 09:00:00 AM,9,4,5
04/08/2017 08:00:00 AM,7,6,1
04/08/2017 07:00:00 AM,7,3,4
04/08/2017 06:00:00 AM,3,2,1
04/08/2017 05:00:00 AM,2,2,0
04/08/2017 04:00:00 AM,1,0,1
04/08/2017 03:00:00 AM,2,2,0
04/08/2017 02:00:00 AM,0,0,0
04/08/2017 01:00:00 AM,1,1,0
04/08/2017 12:00:00 AM,2,1,1
04/07/2017 11:00:00 PM,2,1,1
04/07/2017 10:00:00 PM,3,1,2
04/07/2017 09:00:00 PM,4,1,3
04/07/2017 08:00:00 PM,2,0,2
04/07/2017 07:00:00 PM,9,4,5
04/07/2017 06:00:00 PM,32,11,21
04/07/2017 05:00:00 PM,80,28,52
04/07/2017 04:00:00 PM,47,12,35
04/07/2017 03:00:00 PM,28,11,17
04/07/2017 02:00:00 PM,24,16,8
04/07/2017 01:00:00 PM,19,7,12
04/07/2017 12:00:00 PM,17,6,11
04/07/2017 11:00:00 AM,16,7,9
04/07/2017 10:00:00 AM,19,11,8
04/07/2017 09:00:00 AM,31,18,13
04/07/2017 08:00:00 AM,66,26,40
04/07/2017 07:00:00 AM,41,22,19
04/07/2017 06:00:00 AM,21,13,8
04/07/2017 05:00:00 AM,4,4,0
04/07/2017 04:00:00 AM,1,1,0
04/07/2017 03:00:00 AM,0,0,0
04/07/2017 02:00:00 AM,2,2,0
04/07/2017 01:00:00 AM,1,0,1
04/07/2017 12:00:00 AM,1,1,0
04/06/2017 11:00:00 PM,1,0,1
04/06/2017 10:00:00 PM,4,3,1
04/06/2017 09:00:00 PM,7,5,2
04/06/2017 08:00:00 PM,13,8,5
04/06/2017 07:00:00 PM,54,19,35
04/06/2017 06:00:00 PM,59,18,41
04/06/2017 05:00:00 PM,102,33,69
04/06/2017 04:00:00 PM,70,19,51
04/06/2017 03:00:00 PM,35,8,27
04/06/2017 02:00:00 PM,20,5,15
04/06/2017 01:00:00 PM,23,11,12
04/06/2017 12:00:00 PM,28,14,14
04/06/2017 11:00:00 AM,15,8,7
04/06/2017 10:00:00 AM,15,9,6
04/06/2017 09:00:00 AM,29,12,17
04/06/2017 08:00:00 AM,59,25,34
04/06/2017 07:00:00 AM,40,23,17
04/06/2017 06:00:00 AM,25,11,14
04/06/2017 05:00:00 AM,5,5,0
04/06/2017 04:00:00 AM,1,0,1
04/06/2017 03:00:00 AM,0,0,0
04/06/2017 02:00:00 AM,0,0,0
04/06/2017 01:00:00 AM,0,0,0
04/06/2017 12:00:00 AM,0,0,0
04/05/2017 11:00:00 PM,2,1,1
04/05/2017 10:00:00 PM,9,4,5
04/05/2017 09:00:00 PM,5,2,3
04/05/2017 08:00:00 PM,7,3,4
04/05/2017 07:00:00 PM,18,4,14
04/05/2017 06:00:00 PM,50,15,35
04/05/2017 05:00:00 PM,93,30,63
04/05/2017 04:00:00 PM,62,15,47
04/05/2017 03:00:00 PM,25,9,16
04/05/2017 02:00:00 PM,15,8,7
04/05/2017 01:00:00 PM,15,8,7
04/05/2017 12:00:00 PM,9,4,5
04/05/2017 11:00:00 AM,12,5,7
04/05/2017 10:00:00 AM,14,7,7
04/05/2017 09:00:00 AM,35,21,14
04/05/2017 08:00:00 AM,54,28,26
04/05/2017 07:00:00 AM,32,20,12
04/05/2017 06:00:00 AM,17,8,9
04/05/2017 05:00:00 AM,8,7,1
04/05/2017 04:00:00 AM,1,0,1
04/05/2017 03:00:00 AM,0,0,0
04/05/2017 02:00:00 AM,0,0,0
04/05/2017 01:00:00 AM,1,0,1
04/05/2017 12:00:00 AM,1,1,0
04/04/2017 11:00:00 PM,3,0,3
04/04/2017 10:00:00 PM,7,5,2
04/04/2017 09:00:00 PM,3,0,3
04/04/2017 08:00:00 PM,10,4,6
04/04/2017 07:00:00 PM,24,4,20
04/04/2017 06:00:00 PM,66,17,49
04/04/2017 05:00:00 PM,176,66,110
04/04/2017 04:00:00 PM,103,31,72
04/04/2017 03:00:00 PM,39,13,26
04/04/2017 02:00:00 PM,24,9,15
04/04/2017 01:00:00 PM,30,12,18
04/04/2017 12:00:00 PM,17,7,10
04/04/2017 11:00:00 AM,34,12,22
04/04/2017 10:00:00 AM,23,10,13
04/04/2017 09:00:00 AM,54,32,22
04/04/2017 08:00:00 AM,118,56,62
04/04/2017 07:00:00 AM,84,42,42
04/04/2017 06:00:00 AM,28,13,15
04/04/2017 05:00:00 AM,3,2,1
04/04/2017 04:00:00 AM,2,1,1
04/04/2017 03:00:00 AM,0,0,0
04/04/2017 02:00:00 AM,0,0,0
04/04/2017 01:00:00 AM,0,0,0
04/04/2017 12:00:00 AM,2,1,1
04/03/2017 11:00:00 PM,2,2,0
04/03/2017 10:00:00 PM,4,2,2
04/03/2017 09:00:00 PM,6,3,3
04/03/2017 08:00:00 PM,5,1,4
04/03/2017 07:00:00 PM,31,11,20
04/03/2017 06:00:00 PM,71,23,48
04/03/2017 05:00:00 PM,179,59,120
04/03/2017 04:00:00 PM,117,34,83
04/03/2017 03:00:00 PM,37,8,29
04/03/2017 02:00:00 PM,19,10,9
04/03/2017 01:00:00 PM,24,12,12
04/03/2017 12:00:00 PM,20,8,12
04/03/2017 11:00:00 AM,19,12,7
04/03/2017 10:00:00 AM,27,8,19
04/03/2017 09:00:00 AM,75,38,37
04/03/2017 08:00:00 AM,118,48,70
04/03/2017 07:00:00 AM,74,38,36
04/03/2017 06:00:00 AM,29,18,11
04/03/2017 05:00:00 AM,9,8,1
04/03/2017 04:00:00 AM,2,1,1
04/03/2017 03:00:00 AM,0,0,0
04/03/2017 02:00:00 AM,0,0,0
04/03/2017 01:00:00 AM,0,0,0
04/03/2017 12:00:00 AM,0,0,0
04/02/2017 11:00:00 PM,0,0,0
04/02/2017 10:00:00 PM,1,1,0
04/02/2017 09:00:00 PM,2,0,2
04/02/2017 08:00:00 PM,2,1,1
04/02/2017 07:00:00 PM,9,4,5
04/02/2017 06:00:00 PM,17,6,11
04/02/2017 05:00:00 PM,14,4,10
04/02/2017 04:00:00 PM,14,5,9
04/02/2017 03:00:00 PM,22,10,12
04/02/2017 02:00:00 PM,9,5,4
04/02/2017 01:00:00 PM,18,9,9
04/02/2017 12:00:00 PM,28,9,19
04/02/2017 11:00:00 AM,14,8,6
04/02/2017 10:00:00 AM,5,3,2
04/02/2017 09:00:00 AM,8,6,2
04/02/2017 08:00:00 AM,1,0,1
04/02/2017 07:00:00 AM,5,1,4
04/02/2017 06:00:00 AM,2,1,1
04/02/2017 05:00:00 AM,1,0,1
04/02/2017 04:00:00 AM,1,0,1
04/02/2017 03:00:00 AM,0,0,0
04/02/2017 02:00:00 AM,1,0,1
04/02/2017 01:00:00 AM,3,2,1
04/02/2017 12:00:00 AM,4,1,3
04/01/2017 11:00:00 PM,4,4,0
04/01/2017 10:00:00 PM,4,0,4
04/01/2017 09:00:00 PM,2,2,0
04/01/2017 08:00:00 PM,11,3,8
04/01/2017 07:00:00 PM,5,4,1
04/01/2017 06:00:00 PM,17,8,9
04/01/2017 05:00:00 PM,15,12,3
04/01/2017 04:00:00 PM,16,10,6
04/01/2017 03:00:00 PM,17,5,12
04/01/2017 02:00:00 PM,23,6,17
04/01/2017 01:00:00 PM,16,5,11
04/01/2017 12:00:00 PM,10,5,5
04/01/2017 11:00:00 AM,18,5,13
04/01/2017 10:00:00 AM,9,4,5
04/01/2017 09:00:00 AM,4,2,2
04/01/2017 08:00:00 AM,7,2,5
04/01/2017 07:00:00 AM,2,1,1
04/01/2017 06:00:00 AM,6,3,3
04/01/2017 05:00:00 AM,3,1,2
04/01/2017 04:00:00 AM,1,1,0
04/01/2017 03:00:00 AM,1,0,1
04/01/2017 02:00:00 AM,1,1,0
04/01/2017 01:00:00 AM,2,0,2
04/01/2017 12:00:00 AM,5,2,3
03/31/2017 11:00:00 PM,9,5,4
03/31/2017 10:00:00 PM,10,8,2
03/31/2017 09:00:00 PM,22,16,6
03/31/2017 08:00:00 PM,11,3,8
03/31/2017 07:00:00 PM,27,9,18
03/31/2017 06:00:00 PM,87,22,65
03/31/2017 05:00:00 PM,127,35,92
03/31/2017 04:00:00 PM,106,37,69
03/31/2017 03:00:00 PM,60,10,50
03/31/2017 02:00:00 PM,36,15,21
03/31/2017 01:00:00 PM,31,12,19
03/31/2017 12:00:00 PM,36,21,15
03/31/2017 11:00:00 AM,32,20,12
03/31/2017 10:00:00 AM,20,11,9
03/31/2017 09:00:00 AM,63,25,38
03/31/2017 08:00:00 AM,104,33,71
03/31/2017 07:00:00 AM,48,20,28
03/31/2017 06:00:00 AM,18,9,9
03/31/2017 05:00:00 AM,4,3,1
03/31/2017 04:00:00 AM,1,0,1
03/31/2017 03:00:00 AM,0,0,0
03/31/2017 02:00:00 AM,1,0,1
03/31/2017 01:00:00 AM,0,0,0
03/31/2017 12:00:00 AM,4,2,2
03/30/2017 11:00:00 PM,1,0,1
03/30/2017 10:00:00 PM,5,1,4
03/30/2017 09:00:00 PM,7,3,4
03/30/2017 08:00:00 PM,17,10,7
03/30/2017 07:00:00 PM,27,9,18
03/30/2017 06:00:00 PM,85,27,58
03/30/2017 05:00:00 PM,141,46,95
03/30/2017 04:00:00 PM,81,25,56
03/30/2017 03:00:00 PM,33,13,20
03/30/2017 02:00:00 PM,18,8,10
03/30/2017 01:00:00 PM,18,10,8
03/30/2017 12:00:00 PM,13,4,9
03/30/2017 11:00:00 AM,12,5,7
03/30/2017 10:00:00 AM,26,13,13
03/30/2017 09:00:00 AM,52,22,30
03/30/2017 08:00:00 AM,92,36,56
03/30/2017 07:00:00 AM,67,35,32
03/30/2017 06:00:00 AM,32,16,16
03/30/2017 05:00:00 AM,2,2,0
03/30/2017 04:00:00 AM,1,0,1
03/30/2017 03:00:00 AM,0,0,0
03/30/2017 02:00:00 AM,0,0,0
03/30/2017 01:00:00 AM,0,0,0
03/30/2017 12:00:00 AM,0,0,0
03/29/2017 11:00:00 PM,3,1,2
03/29/2017 10:00:00 PM,2,0,2
03/29/2017 09:00:00 PM,10,5,5
03/29/2017 08:00:00 PM,8,4,4
03/29/2017 07:00:00 PM,21,9,12
03/29/2017 06:00:00 PM,54,15,39
03/29/2017 05:00:00 PM,108,35,73
03/29/2017 04:00:00 PM,62,27,35
03/29/2017 03:00:00 PM,28,9,19
03/29/2017 02:00:00 PM,23,8,15
03/29/2017 01:00:00 PM,10,6,4
03/29/2017 12:00:00 PM,13,9,4
03/29/2017 11:00:00 AM,13,9,4
03/29/2017 10:00:00 AM,17,12,5
03/29/2017 09:00:00 AM,33,15,18
03/29/2017 08:00:00 AM,62,29,33
03/29/2017 07:00:00 AM,33,17,16
03/29/2017 06:00:00 AM,16,9,7
03/29/2017 05:00:00 AM,3,3,0
03/29/2017 04:00:00 AM,1,0,1
03/29/2017 03:00:00 AM,0,0,0
03/29/2017 02:00:00 AM,0,0,0
03/29/2017 01:00:00 AM,2,1,1
03/29/2017 12:00:00 AM,1,0,1
03/28/2017 11:00:00 PM,2,1,1
03/28/2017 10:00:00 PM,5,2,3
03/28/2017 09:00:00 PM,6,3,3
03/28/2017 08:00:00 PM,5,1,4
03/28/2017 07:00:00 PM,25,10,15
03/28/2017 06:00:00 PM,60,21,39
03/28/2017 05:00:00 PM,124,44,80
03/28/2017 04:00:00 PM,82,28,54
03/28/2017 03:00:00 PM,33,15,18
03/28/2017 02:00:00 PM,24,9,15
03/28/2017 01:00:00 PM,14,7,7
03/28/2017 12:00:00 PM,20,14,6
03/28/2017 11:00:00 AM,15,7,8
03/28/2017 10:00:00 AM,21,13,8
03/28/2017 09:00:00 AM,51,22,29
03/28/2017 08:00:00 AM,62,27,35
03/28/2017 07:00:00 AM,56,28,28
03/28/2017 06:00:00 AM,23,9,14
03/28/2017 05:00:00 AM,3,2,1
03/28/2017 04:00:00 AM,2,1,1
03/28/2017 03:00:00 AM,0,0,0
03/28/2017 02:00:00 AM,1,1,0
03/28/2017 01:00:00 AM,0,0,0
03/28/2017 12:00:00 AM,2,0,2
03/27/2017 11:00:00 PM,0,0,0
03/27/2017 10:00:00 PM,0,0,0
03/27/2017 09:00:00 PM,1,1,0
03/27/2017 08:00:00 PM,7,2,5
03/27/2017 07:00:00 PM,23,10,13
03/27/2017 06:00:00 PM,60,18,42
03/27/2017 05:00:00 PM,119,42,77
03/27/2017 04:00:00 PM,92,30,62
03/27/2017 03:00:00 PM,33,9,24
03/27/2017 02:00:00 PM,24,14,10
03/27/2017 01:00:00 PM,19,9,10
03/27/2017 12:00:00 PM,16,7,9
03/27/2017 11:00:00 AM,13,6,7
03/27/2017 10:00:00 AM,19,13,6
03/27/2017 09:00:00 AM,57,26,31
03/27/2017 08:00:00 AM,94,42,52
03/27/2017 07:00:00 AM,50,23,27
03/27/2017 06:00:00 AM,24,17,7
03/27/2017 05:00:00 AM,4,4,0
03/27/2017 04:00:00 AM,5,1,4
03/27/2017 03:00:00 AM,9,0,9
03/27/2017 02:00:00 AM,0,0,0
03/27/2017 01:00:00 AM,0,0,0
03/27/2017 12:00:00 AM,0,0,0
03/26/2017 11:00:00 PM,1,1,0
03/26/2017 10:00:00 PM,2,1,1
03/26/2017 09:00:00 PM,3,0,3
03/26/2017 08:00:00 PM,2,1,1
03/26/2017 07:00:00 PM,3,2,1
03/26/2017 06:00:00 PM,4,1,3
03/26/2017 05:00:00 PM,7,5,2
03/26/2017 04:00:00 PM,3,2,1
03/26/2017 03:00:00 PM,2,1,1
03/26/2017 02:00:00 PM,0,0,0
03/26/2017 01:00:00 PM,4,2,2
03/26/2017 12:00:00 PM,10,5,5
03/26/2017 11:00:00 AM,3,2,1
03/26/2017 10:00:00 AM,3,1,2
03/26/2017 09:00:00 AM,4,2,2
03/26/2017 08:00:00 AM,1,1,0
03/26/2017 07:00:00 AM,3,2,1
03/26/2017 06:00:00 AM,2,1,1
03/26/2017 05:00:00 AM,0,0,0
03/26/2017 04:00:00 AM,0,0,0
03/26/2017 03:00:00 AM,3,1,2
03/26/2017 02:00:00 AM,1,0,1
03/26/2017 01:00:00 AM,0,0,0
03/26/2017 12:00:00 AM,2,2,0
03/25/2017 11:00:00 PM,2,2,0
03/25/2017 10:00:00 PM,3,2,1
03/25/2017 09:00:00 PM,4,3,1
03/25/2017 08:00:00 PM,9,3,6
03/25/2017 07:00:00 PM,8,3,5
03/25/2017 06:00:00 PM,15,5,10
03/25/2017 05:00:00 PM,13,8,5
03/25/2017 04:00:00 PM,19,15,4
03/25/2017 03:00:00 PM,29,15,14
03/25/2017 02:00:00 PM,21,8,13
03/25/2017 01:00:00 PM,17,8,9
03/25/2017 12:00:00 PM,26,7,19
03/25/2017 11:00:00 AM,15,7,8
03/25/2017 10:00:00 AM,14,6,8
03/25/2017 09:00:00 AM,7,2,5
03/25/2017 08:00:00 AM,13,6,7
03/25/2017 07:00:00 AM,3,1,2
03/25/2017 06:00:00 AM,3,1,2
03/25/2017 05:00:00 AM,1,1,0
03/25/2017 04:00:00 AM,0,0,0
03/25/2017 03:00:00 AM,1,0,1
03/25/2017 02:00:00 AM,0,0,0
03/25/2017 01:00:00 AM,1,1,0
03/25/2017 12:00:00 AM,4,1,3
03/24/2017 11:00:00 PM,2,2,0
03/24/2017 10:00:00 PM,5,3,2
03/24/2017 09:00:00 PM,8,4,4
03/24/2017 08:00:00 PM,6,0,6
03/24/2017 07:00:00 PM,16,7,9
03/24/2017 06:00:00 PM,40,14,26
03/24/2017 05:00:00 PM,65,27,38
03/24/2017 04:00:00 PM,79,25,54
03/24/2017 03:00:00 PM,22,6,16
03/24/2017 02:00:00 PM,20,10,10
03/24/2017 01:00:00 PM,17,10,7
03/24/2017 12:00:00 PM,13,6,7
03/24/2017 11:00:00 AM,18,7,11
03/24/2017 10:00:00 AM,20,11,9
03/24/2017 09:00:00 AM,29,12,17
03/24/2017 08:00:00 AM,52,22,30
03/24/2017 07:00:00 AM,39,18,21
03/24/2017 06:00:00 AM,20,13,7
03/24/2017 05:00:00 AM,3,3,0
03/24/2017 04:00:00 AM,3,2,1
03/24/2017 03:00:00 AM,0,0,0
03/24/2017 02:00:00 AM,2,1,1
03/24/2017 01:00:00 AM,0,0,0
03/24/2017 12:00:00 AM,1,0,1
03/23/2017 11:00:00 PM,2,0,2
03/23/2017 10:00:00 PM,5,4,1
03/23/2017 09:00:00 PM,3,2,1
03/23/2017 08:00:00 PM,8,4,4
03/23/2017 07:00:00 PM,31,12,19
03/23/2017 06:00:00 PM,73,27,46
03/23/2017 05:00:00 PM,120,41,79
03/23/2017 04:00:00 PM,94,30,64
03/23/2017 03:00:00 PM,46,14,32
03/23/2017 02:00:00 PM,19,9,10
03/23/2017 01:00:00 PM,31,15,16
03/23/2017 12:00:00 PM,28,14,14
03/23/2017 11:00:00 AM,27,17,10
03/23/2017 10:00:00 AM,21,13,8
03/23/2017 09:00:00 AM,59,21,38
03/23/2017 08:00:00 AM,92,42,50
03/23/2017 07:00:00 AM,53,29,24
03/23/2017 06:00:00 AM,32,13,19
03/23/2017 05:00:00 AM,5,3,2
03/23/2017 04:00:00 AM,2,0,2
03/23/2017 03:00:00 AM,0,0,0
03/23/2017 02:00:00 AM,1,0,1
03/23/2017 01:00:00 AM,2,2,0
03/23/2017 12:00:00 AM,3,1,2
03/22/2017 11:00:00 PM,6,3,3
03/22/2017 10:00:00 PM,4,2,2
03/22/2017 09:00:00 PM,3,2,1
03/22/2017 08:00:00 PM,9,3,6
03/22/2017 07:00:00 PM,20,9,11
03/22/2017 06:00:00 PM,67,19,48
03/22/2017 05:00:00 PM,123,42,81
03/22/2017 04:00:00 PM,73,22,51
03/22/2017 03:00:00 PM,29,9,20
03/22/2017 02:00:00 PM,25,10,15
03/22/2017 01:00:00 PM,23,7,16
03/22/2017 12:00:00 PM,23,10,13
03/22/2017 11:00:00 AM,12,8,4
03/22/2017 10:00:00 AM,23,13,10
03/22/2017 09:00:00 AM,68,32,36
03/22/2017 08:00:00 AM,81,38,43
03/22/2017 07:00:00 AM,48,23,25
03/22/2017 06:00:00 AM,18,8,10
03/22/2017 05:00:00 AM,5,3,2
03/22/2017 04:00:00 AM,1,1,0
03/22/2017 03:00:00 AM,3,1,2
03/22/2017 02:00:00 AM,0,0,0
03/22/2017 01:00:00 AM,0,0,0
03/22/2017 12:00:00 AM,0,0,0
03/21/2017 11:00:00 PM,2,2,0
03/21/2017 10:00:00 PM,4,3,1
03/21/2017 09:00:00 PM,5,2,3
03/21/2017 08:00:00 PM,10,4,6
03/21/2017 07:00:00 PM,19,6,13
03/21/2017 06:00:00 PM,50,19,31
03/21/2017 05:00:00 PM,104,34,70
03/21/2017 04:00:00 PM,66,20,46
03/21/2017 03:00:00 PM,31,10,21
03/21/2017 02:00:00 PM,20,9,11
03/21/2017 01:00:00 PM,19,9,10
03/21/2017 12:00:00 PM,15,7,8
03/21/2017 11:00:00 AM,20,8,12
03/21/2017 10:00:00 AM,19,9,10
03/21/2017 09:00:00 AM,45,24,21
03/21/2017 08:00:00 AM,80,37,43
03/21/2017 07:00:00 AM,37,20,17
03/21/2017 06:00:00 AM,16,11,5
03/21/2017 05:00:00 AM,4,3,1
03/21/2017 04:00:00 AM,2,1,1
03/21/2017 03:00:00 AM,1,1,0
03/21/2017 02:00:00 AM,0,0,0
03/21/2017 01:00:00 AM,0,0,0
03/21/2017 12:00:00 AM,0,0,0
03/20/2017 11:00:00 PM,2,0,2
03/20/2017 10:00:00 PM,1,1,0
03/20/2017 09:00:00 PM,6,3,3
03/20/2017 08:00:00 PM,6,4,2
03/20/2017 07:00:00 PM,21,10,11
03/20/2017 06:00:00 PM,57,20,37
03/20/2017 05:00:00 PM,126,43,83
03/20/2017 04:00:00 PM,97,32,65
03/20/2017 03:00:00 PM,29,8,21
03/20/2017 02:00:00 PM,29,15,14
03/20/2017 01:00:00 PM,24,13,11
03/20/2017 12:00:00 PM,20,10,10
03/20/2017 11:00:00 AM,15,9,6
03/20/2017 10:00:00 AM,17,9,8
03/20/2017 09:00:00 AM,64,35,29
03/20/2017 08:00:00 AM,112,46,66
03/20/2017 07:00:00 AM,62,33,29
03/20/2017 06:00:00 AM,21,9,12
03/20/2017 05:00:00 AM,4,2,2
03/20/2017 04:00:00 AM,1,0,1
03/20/2017 03:00:00 AM,0,0,0
03/20/2017 02:00:00 AM,0,0,0
03/20/2017 01:00:00 AM,1,0,1
03/20/2017 12:00:00 AM,2,2,0
03/19/2017 11:00:00 PM,1,1,0
03/19/2017 10:00:00 PM,2,2,0
03/19/2017 09:00:00 PM,3,0,3
03/19/2017 08:00:00 PM,1,1,0
03/19/2017 07:00:00 PM,12,11,1
03/19/2017 06:00:00 PM,36,24,12
03/19/2017 05:00:00 PM,18,12,6
03/19/2017 04:00:00 PM,22,11,11
03/19/2017 03:00:00 PM,51,15,36
03/19/2017 02:00:00 PM,29,8,21
03/19/2017 01:00:00 PM,32,9,23
03/19/2017 12:00:00 PM,28,13,15
03/19/2017 11:00:00 AM,21,9,12
03/19/2017 10:00:00 AM,5,3,2
03/19/2017 09:00:00 AM,6,4,2
03/19/2017 08:00:00 AM,2,1,1
03/19/2017 07:00:00 AM,2,1,1
03/19/2017 06:00:00 AM,0,0,0
03/19/2017 05:00:00 AM,0,0,0
03/19/2017 04:00:00 AM,1,1,0
03/19/2017 03:00:00 AM,2,1,1
03/19/2017 02:00:00 AM,1,0,1
03/19/2017 01:00:00 AM,3,3,0
03/19/2017 12:00:00 AM,1,1,0
03/18/2017 11:00:00 PM,5,3,2
03/18/2017 10:00:00 PM,4,1,3
03/18/2017 09:00:00 PM,8,2,6
03/18/2017 08:00:00 PM,2,1,1
03/18/2017 07:00:00 PM,10,6,4
03/18/2017 06:00:00 PM,6,3,3
03/18/2017 05:00:00 PM,11,6,5
03/18/2017 04:00:00 PM,9,4,5
03/18/2017 03:00:00 PM,12,6,6
03/18/2017 02:00:00 PM,8,4,4
03/18/2017 01:00:00 PM,12,10,2
03/18/2017 12:00:00 PM,6,2,4
03/18/2017 11:00:00 AM,3,1,2
03/18/2017 10:00:00 AM,3,3,0
03/18/2017 09:00:00 AM,2,1,1
03/18/2017 08:00:00 AM,8,2,6
03/18/2017 07:00:00 AM,1,1,0
03/18/2017 06:00:00 AM,2,1,1
03/18/2017 05:00:00 AM,1,1,0
03/18/2017 04:00:00 AM,1,0,1
03/18/2017 03:00:00 AM,1,1,0
03/18/2017 02:00:00 AM,1,0,1
03/18/2017 01:00:00 AM,1,0,1
03/18/2017 12:00:00 AM,1,1,0
03/17/2017 11:00:00 PM,1,1,0
03/17/2017 10:00:00 PM,1,1,0
03/17/2017 09:00:00 PM,3,0,3
03/17/2017 08:00:00 PM,6,2,4
03/17/2017 07:00:00 PM,8,3,5
03/17/2017 06:00:00 PM,30,9,21
03/17/2017 05:00:00 PM,65,22,43
03/17/2017 04:00:00 PM,58,14,44
03/17/2017 03:00:00 PM,20,8,12
03/17/2017 02:00:00 PM,22,9,13
03/17/2017 01:00:00 PM,22,10,12
03/17/2017 12:00:00 PM,11,5,6
03/17/2017 11:00:00 AM,16,5,11
03/17/2017 10:00:00 AM,16,6,10
03/17/2017 09:00:00 AM,42,22,20
03/17/2017 08:00:00 AM,66,36,30
03/17/2017 07:00:00 AM,23,11,12
03/17/2017 06:00:00 AM,19,13,6
03/17/2017 05:00:00 AM,4,3,1
03/17/2017 04:00:00 AM,0,0,0
03/17/2017 03:00:00 AM,0,0,0
03/17/2017 02:00:00 AM,3,1,2
03/17/2017 01:00:00 AM,1,1,0
03/17/2017 12:00:00 AM,2,1,1
03/16/2017 11:00:00 PM,2,0,2
03/16/2017 10:00:00 PM,2,0,2
03/16/2017 09:00:00 PM,7,2,5
03/16/2017 08:00:00 PM,14,6,8
03/16/2017 07:00:00 PM,22,11,11
03/16/2017 06:00:00 PM,73,21,52
03/16/2017 05:00:00 PM,116,40,76
03/16/2017 04:00:00 PM,70,24,46
03/16/2017 03:00:00 PM,39,12,27
03/16/2017 02:00:00 PM,22,8,14
03/16/2017 01:00:00 PM,23,13,10
03/16/2017 12:00:00 PM,26,14,12
03/16/2017 11:00:00 AM,26,12,14
03/16/2017 10:00:00 AM,17,8,9
03/16/2017 09:00:00 AM,52,25,27
03/16/2017 08:00:00 AM,86,39,47
03/16/2017 07:00:00 AM,44,20,24
03/16/2017 06:00:00 AM,21,9,12
03/16/2017 05:00:00 AM,7,4,3
03/16/2017 04:00:00 AM,3,1,2
03/16/2017 03:00:00 AM,0,0,0
03/16/2017 02:00:00 AM,1,1,0
03/16/2017 01:00:00 AM,1,0,1
03/16/2017 12:00:00 AM,1,1,0
03/15/2017 11:00:00 PM,2,1,1
03/15/2017 10:00:00 PM,2,1,1
03/15/2017 09:00:00 PM,5,3,2
03/15/2017 08:00:00 PM,5,0,5
03/15/2017 07:00:00 PM,11,6,5
03/15/2017 06:00:00 PM,50,19,31
03/15/2017 05:00:00 PM,85,28,57
03/15/2017 04:00:00 PM,70,19,51
03/15/2017 03:00:00 PM,33,13,20
03/15/2017 02:00:00 PM,15,4,11
03/15/2017 01:00:00 PM,20,10,10
03/15/2017 12:00:00 PM,17,11,6
03/15/2017 11:00:00 AM,10,5,5
03/15/2017 10:00:00 AM,16,9,7
03/15/2017 09:00:00 AM,37,19,18
03/15/2017 08:00:00 AM,47,23,24
03/15/2017 07:00:00 AM,34,18,16
03/15/2017 06:00:00 AM,17,9,8
03/15/2017 05:00:00 AM,6,3,3
03/15/2017 04:00:00 AM,1,0,1
03/15/2017 03:00:00 AM,0,0,0
03/15/2017 02:00:00 AM,0,0,0
03/15/2017 01:00:00 AM,0,0,0
03/15/2017 12:00:00 AM,2,1,1
03/14/2017 11:00:00 PM,3,2,1
03/14/2017 10:00:00 PM,4,2,2
03/14/2017 09:00:00 PM,3,2,1
03/14/2017 08:00:00 PM,5,3,2
03/14/2017 07:00:00 PM,20,11,9
03/14/2017 06:00:00 PM,53,14,39
03/14/2017 05:00:00 PM,89,32,57
03/14/2017 04:00:00 PM,62,17,45
03/14/2017 03:00:00 PM,30,11,19
03/14/2017 02:00:00 PM,10,5,5
03/14/2017 01:00:00 PM,15,10,5
03/14/2017 12:00:00 PM,15,9,6
03/14/2017 11:00:00 AM,17,10,7
03/14/2017 10:00:00 AM,19,10,9
03/14/2017 09:00:00 AM,46,21,25
03/14/2017 08:00:00 AM,79,36,43
03/14/2017 07:00:00 AM,34,12,22
03/14/2017 06:00:00 AM,21,14,7
03/14/2017 05:00:00 AM,9,3,6
03/14/2017 04:00:00 AM,1,0,1
03/14/2017 03:00:00 AM,2,0,2
03/14/2017 02:00:00 AM,0,0,0
03/14/2017 01:00:00 AM,1,1,0
03/14/2017 12:00:00 AM,2,1,1
03/13/2017 11:00:00 PM,2,1,1
03/13/2017 10:00:00 PM,1,0,1
03/13/2017 09:00:00 PM,4,3,1
03/13/2017 08:00:00 PM,5,1,4
03/13/2017 07:00:00 PM,14,4,10
03/13/2017 06:00:00 PM,45,21,24
03/13/2017 05:00:00 PM,91,34,57
03/13/2017 04:00:00 PM,59,23,36
03/13/2017 03:00:00 PM,33,10,23
03/13/2017 02:00:00 PM,12,6,6
03/13/2017 01:00:00 PM,9,7,2
03/13/2017 12:00:00 PM,15,9,6
03/13/2017 11:00:00 AM,14,5,9
03/13/2017 10:00:00 AM,23,14,9
03/13/2017 09:00:00 AM,40,21,19
03/13/2017 08:00:00 AM,62,25,37
03/13/2017 07:00:00 AM,32,18,14
03/13/2017 06:00:00 AM,19,9,10
03/13/2017 05:00:00 AM,3,1,2
03/13/2017 04:00:00 AM,1,0,1
03/13/2017 03:00:00 AM,0,0,0
03/13/2017 02:00:00 AM,0,0,0
03/13/2017 01:00:00 AM,1,1,0
03/13/2017 12:00:00 AM,1,1,0
03/12/2017 11:00:00 PM,0,0,0
03/12/2017 10:00:00 PM,2,1,1
03/12/2017 09:00:00 PM,2,1,1
03/12/2017 08:00:00 PM,2,1,1
03/12/2017 07:00:00 PM,4,2,2
03/12/2017 06:00:00 PM,7,2,5
03/12/2017 05:00:00 PM,11,8,3
03/12/2017 04:00:00 PM,10,3,7
03/12/2017 03:00:00 PM,9,5,4
03/12/2017 02:00:00 PM,7,5,2
03/12/2017 01:00:00 PM,8,6,2
03/12/2017 12:00:00 PM,11,6,5
03/12/2017 11:00:00 AM,5,3,2
03/12/2017 10:00:00 AM,5,3,2
03/12/2017 09:00:00 AM,7,5,2
03/12/2017 08:00:00 AM,4,3,1
03/12/2017 07:00:00 AM,3,2,1
03/12/2017 06:00:00 AM,3,1,2
03/12/2017 05:00:00 AM,1,0,1
03/12/2017 04:00:00 AM,1,1,0
03/12/2017 03:00:00 AM,1,1,0
03/12/2017 02:00:00 AM,0,0,0
03/12/2017 01:00:00 AM,3,2,1
03/12/2017 12:00:00 AM,2,1,1
03/11/2017 11:00:00 PM,1,1,0
03/11/2017 10:00:00 PM,0,0,0
03/11/2017 09:00:00 PM,1,0,1
03/11/2017 08:00:00 PM,2,1,1
03/11/2017 07:00:00 PM,4,3,1
03/11/2017 06:00:00 PM,6,2,4
03/11/2017 05:00:00 PM,6,3,3
03/11/2017 04:00:00 PM,5,2,3
03/11/2017 03:00:00 PM,13,5,8
03/11/2017 02:00:00 PM,5,3,2
03/11/2017 01:00:00 PM,9,4,5
03/11/2017 12:00:00 PM,5,2,3
03/11/2017 11:00:00 AM,5,3,2
03/11/2017 10:00:00 AM,6,0,6
03/11/2017 09:00:00 AM,6,0,6
03/11/2017 08:00:00 AM,8,7,1
03/11/2017 07:00:00 AM,5,3,2
03/11/2017 06:00:00 AM,5,2,3
03/11/2017 05:00:00 AM,1,1,0
03/11/2017 04:00:00 AM,0,0,0
03/11/2017 03:00:00 AM,1,1,0
03/11/2017 02:00:00 AM,4,1,3
03/11/2017 01:00:00 AM,1,1,0
03/11/2017 12:00:00 AM,3,1,2
03/10/2017 11:00:00 PM,1,1,0
03/10/2017 10:00:00 PM,6,3,3
03/10/2017 09:00:00 PM,3,2,1
03/10/2017 08:00:00 PM,6,2,4
03/10/2017 07:00:00 PM,18,8,10
03/10/2017 06:00:00 PM,38,19,19
03/10/2017 05:00:00 PM,93,31,62
03/10/2017 04:00:00 PM,75,24,51
03/10/2017 03:00:00 PM,31,12,19
03/10/2017 02:00:00 PM,38,18,20
03/10/2017 01:00:00 PM,25,12,13
03/10/2017 12:00:00 PM,24,14,10
03/10/2017 11:00:00 AM,26,14,12
03/10/2017 10:00:00 AM,20,12,8
03/10/2017 09:00:00 AM,36,19,17
03/10/2017 08:00:00 AM,59,33,26
03/10/2017 07:00:00 AM,29,14,15
03/10/2017 06:00:00 AM,24,11,13
03/10/2017 05:00:00 AM,2,1,1
03/10/2017 04:00:00 AM,1,0,1
03/10/2017 03:00:00 AM,1,1,0
03/10/2017 02:00:00 AM,1,0,1
03/10/2017 01:00:00 AM,0,0,0
03/10/2017 12:00:00 AM,2,0,2
03/09/2017 11:00:00 PM,2,2,0
03/09/2017 10:00:00 PM,4,3,1
03/09/2017 09:00:00 PM,6,3,3
03/09/2017 08:00:00 PM,11,3,8
03/09/2017 07:00:00 PM,13,7,6
03/09/2017 06:00:00 PM,46,16,30
03/09/2017 05:00:00 PM,65,22,43
03/09/2017 04:00:00 PM,59,23,36
03/09/2017 03:00:00 PM,33,12,21
03/09/2017 02:00:00 PM,14,7,7
03/09/2017 01:00:00 PM,13,8,5
03/09/2017 12:00:00 PM,11,4,7
03/09/2017 11:00:00 AM,21,10,11
03/09/2017 10:00:00 AM,21,11,10
03/09/2017 09:00:00 AM,30,17,13
03/09/2017 08:00:00 AM,65,30,35
03/09/2017 07:00:00 AM,44,25,19
03/09/2017 06:00:00 AM,17,9,8
03/09/2017 05:00:00 AM,4,3,1
03/09/2017 04:00:00 AM,1,0,1
03/09/2017 03:00:00 AM,0,0,0
03/09/2017 02:00:00 AM,0,0,0
03/09/2017 01:00:00 AM,0,0,0
03/09/2017 12:00:00 AM,2,0,2
03/08/2017 11:00:00 PM,1,0,1
03/08/2017 10:00:00 PM,3,3,0
03/08/2017 09:00:00 PM,4,3,1
03/08/2017 08:00:00 PM,10,0,10
03/08/2017 07:00:00 PM,20,5,15
03/08/2017 06:00:00 PM,50,22,28
03/08/2017 05:00:00 PM,101,34,67
03/08/2017 04:00:00 PM,60,19,41
03/08/2017 03:00:00 PM,29,12,17
03/08/2017 02:00:00 PM,18,6,12
03/08/2017 01:00:00 PM,17,7,10
03/08/2017 12:00:00 PM,12,4,8
03/08/2017 11:00:00 AM,16,8,8
03/08/2017 10:00:00 AM,23,12,11
03/08/2017 09:00:00 AM,51,28,23
03/08/2017 08:00:00 AM,72,38,34
03/08/2017 07:00:00 AM,50,22,28
03/08/2017 06:00:00 AM,24,10,14
03/08/2017 05:00:00 AM,9,6,3
03/08/2017 04:00:00 AM,2,1,1
03/08/2017 03:00:00 AM,0,0,0
03/08/2017 02:00:00 AM,0,0,0
03/08/2017 01:00:00 AM,1,1,0
03/08/2017 12:00:00 AM,2,1,1
03/07/2017 11:00:00 PM,0,0,0
03/07/2017 10:00:00 PM,3,2,1
03/07/2017 09:00:00 PM,3,1,2
03/07/2017 08:00:00 PM,5,1,4
03/07/2017 07:00:00 PM,14,7,7
03/07/2017 06:00:00 PM,49,16,33
03/07/2017 05:00:00 PM,73,29,44
03/07/2017 04:00:00 PM,58,15,43
03/07/2017 03:00:00 PM,27,6,21
03/07/2017 02:00:00 PM,13,5,8
03/07/2017 01:00:00 PM,18,10,8
03/07/2017 12:00:00 PM,14,7,7
03/07/2017 11:00:00 AM,8,5,3
03/07/2017 10:00:00 AM,11,7,4
03/07/2017 09:00:00 AM,34,15,19
03/07/2017 08:00:00 AM,55,24,31
03/07/2017 07:00:00 AM,32,17,15
03/07/2017 06:00:00 AM,20,8,12
03/07/2017 05:00:00 AM,4,3,1
03/07/2017 04:00:00 AM,1,0,1
03/07/2017 03:00:00 AM,0,0,0
03/07/2017 02:00:00 AM,0,0,0
03/07/2017 01:00:00 AM,0,0,0
03/07/2017 12:00:00 AM,4,2,2
03/06/2017 11:00:00 PM,0,0,0
03/06/2017 10:00:00 PM,1,0,1
03/06/2017 09:00:00 PM,5,1,4
03/06/2017 08:00:00 PM,3,1,2
03/06/2017 07:00:00 PM,23,3,20
03/06/2017 06:00:00 PM,38,13,25
03/06/2017 05:00:00 PM,120,48,72
03/06/2017 04:00:00 PM,72,19,53
03/06/2017 03:00:00 PM,31,9,22
03/06/2017 02:00:00 PM,15,7,8
03/06/2017 01:00:00 PM,17,9,8
03/06/2017 12:00:00 PM,11,7,4
03/06/2017 11:00:00 AM,18,7,11
03/06/2017 10:00:00 AM,23,13,10
03/06/2017 09:00:00 AM,40,20,20
03/06/2017 08:00:00 AM,82,37,45
03/06/2017 07:00:00 AM,47,25,22
03/06/2017 06:00:00 AM,22,16,6
03/06/2017 05:00:00 AM,6,5,1
03/06/2017 04:00:00 AM,1,0,1
03/06/2017 03:00:00 AM,0,0,0
03/06/2017 02:00:00 AM,1,1,0
03/06/2017 01:00:00 AM,0,0,0
03/06/2017 12:00:00 AM,1,1,0
03/05/2017 11:00:00 PM,2,1,1
03/05/2017 10:00:00 PM,3,3,0
03/05/2017 09:00:00 PM,1,0,1
03/05/2017 08:00:00 PM,1,0,1
03/05/2017 07:00:00 PM,5,3,2
03/05/2017 06:00:00 PM,2,1,1
03/05/2017 05:00:00 PM,10,5,5
03/05/2017 04:00:00 PM,3,1,2
03/05/2017 03:00:00 PM,4,1,3
03/05/2017 02:00:00 PM,12,8,4
03/05/2017 01:00:00 PM,11,5,6
03/05/2017 12:00:00 PM,5,0,5
03/05/2017 11:00:00 AM,17,14,3
03/05/2017 10:00:00 AM,6,3,3
03/05/2017 09:00:00 AM,7,4,3
03/05/2017 08:00:00 AM,3,3,0
03/05/2017 07:00:00 AM,4,3,1
03/05/2017 06:00:00 AM,0,0,0
03/05/2017 05:00:00 AM,1,0,1
03/05/2017 04:00:00 AM,2,1,1
03/05/2017 03:00:00 AM,0,0,0
03/05/2017 02:00:00 AM,5,3,2
03/05/2017 01:00:00 AM,0,0,0
03/05/2017 12:00:00 AM,2,1,1
03/04/2017 11:00:00 PM,2,1,1
03/04/2017 10:00:00 PM,4,0,4
03/04/2017 09:00:00 PM,3,2,1
03/04/2017 08:00:00 PM,1,1,0
03/04/2017 07:00:00 PM,6,2,4
03/04/2017 06:00:00 PM,14,4,10
03/04/2017 05:00:00 PM,17,12,5
03/04/2017 04:00:00 PM,16,9,7
03/04/2017 03:00:00 PM,20,8,12
03/04/2017 02:00:00 PM,24,8,16
03/04/2017 01:00:00 PM,24,11,13
03/04/2017 12:00:00 PM,20,10,10
03/04/2017 11:00:00 AM,9,3,6
03/04/2017 10:00:00 AM,10,6,4
03/04/2017 09:00:00 AM,10,4,6
03/04/2017 08:00:00 AM,12,8,4
03/04/2017 07:00:00 AM,5,3,2
03/04/2017 06:00:00 AM,1,0,1
03/04/2017 05:00:00 AM,0,0,0
03/04/2017 04:00:00 AM,1,1,0
03/04/2017 03:00:00 AM,0,0,0
03/04/2017 02:00:00 AM,1,1,0
03/04/2017 01:00:00 AM,5,2,3
03/04/2017 12:00:00 AM,4,1,3
03/03/2017 11:00:00 PM,4,3,1
03/03/2017 10:00:00 PM,1,0,1
03/03/2017 09:00:00 PM,4,0,4
03/03/2017 08:00:00 PM,1,0,1
03/03/2017 07:00:00 PM,8,1,7
03/03/2017 06:00:00 PM,42,12,30
03/03/2017 05:00:00 PM,56,21,35
03/03/2017 04:00:00 PM,46,13,33
03/03/2017 03:00:00 PM,37,10,27
03/03/2017 02:00:00 PM,26,7,19
03/03/2017 01:00:00 PM,21,13,8
03/03/2017 12:00:00 PM,18,7,11
03/03/2017 11:00:00 AM,23,15,8
03/03/2017 10:00:00 AM,15,11,4
03/03/2017 09:00:00 AM,40,20,20
03/03/2017 08:00:00 AM,67,36,31
03/03/2017 07:00:00 AM,28,12,16
03/03/2017 06:00:00 AM,16,10,6
03/03/2017 05:00:00 AM,1,0,1
03/03/2017 04:00:00 AM,3,1,2
03/03/2017 03:00:00 AM,0,0,0
03/03/2017 02:00:00 AM,2,2,0
03/03/2017 01:00:00 AM,2,1,1
03/03/2017 12:00:00 AM,2,1,1
03/02/2017 11:00:00 PM,0,0,0
03/02/2017 10:00:00 PM,1,1,0
03/02/2017 09:00:00 PM,5,2,3
03/02/2017 08:00:00 PM,7,0,7
03/02/2017 07:00:00 PM,25,10,15
03/02/2017 06:00:00 PM,55,18,37
03/02/2017 05:00:00 PM,98,34,64
03/02/2017 04:00:00 PM,72,20,52
03/02/2017 03:00:00 PM,39,16,23
03/02/2017 02:00:00 PM,14,6,8
03/02/2017 01:00:00 PM,26,15,11
03/02/2017 12:00:00 PM,19,13,6
03/02/2017 11:00:00 AM,27,18,9
03/02/2017 10:00:00 AM,22,14,8
03/02/2017 09:00:00 AM,45,24,21
03/02/2017 08:00:00 AM,91,41,50
03/02/2017 07:00:00 AM,40,20,20
03/02/2017 06:00:00 AM,23,9,14
03/02/2017 05:00:00 AM,7,4,3
03/02/2017 04:00:00 AM,0,0,0
03/02/2017 03:00:00 AM,0,0,0
03/02/2017 02:00:00 AM,1,0,1
03/02/2017 01:00:00 AM,0,0,0
03/02/2017 12:00:00 AM,0,0,0
03/01/2017 11:00:00 PM,4,2,2
03/01/2017 10:00:00 PM,6,3,3
03/01/2017 09:00:00 PM,3,1,2
03/01/2017 08:00:00 PM,10,6,4
03/01/2017 07:00:00 PM,19,5,14
03/01/2017 06:00:00 PM,68,26,42
03/01/2017 05:00:00 PM,101,37,64
03/01/2017 04:00:00 PM,72,25,47
03/01/2017 03:00:00 PM,37,16,21
03/01/2017 02:00:00 PM,18,3,15
03/01/2017 01:00:00 PM,24,11,13
03/01/2017 12:00:00 PM,29,14,15
03/01/2017 11:00:00 AM,16,8,8
03/01/2017 10:00:00 AM,15,6,9
03/01/2017 09:00:00 AM,47,24,23
03/01/2017 08:00:00 AM,101,48,53
03/01/2017 07:00:00 AM,43,20,23
03/01/2017 06:00:00 AM,28,13,15
03/01/2017 05:00:00 AM,5,4,1
03/01/2017 04:00:00 AM,3,2,1
03/01/2017 03:00:00 AM,0,0,0
03/01/2017 02:00:00 AM,0,0,0
03/01/2017 01:00:00 AM,2,2,0
03/01/2017 12:00:00 AM,1,0,1
02/28/2017 11:00:00 PM,1,1,0
02/28/2017 10:00:00 PM,2,1,1
02/28/2017 09:00:00 PM,7,3,4
02/28/2017 08:00:00 PM,4,1,3
02/28/2017 07:00:00 PM,17,6,11
02/28/2017 06:00:00 PM,46,12,34
02/28/2017 05:00:00 PM,85,32,53
02/28/2017 04:00:00 PM,60,16,44
02/28/2017 03:00:00 PM,38,14,24
02/28/2017 02:00:00 PM,20,12,8
02/28/2017 01:00:00 PM,20,11,9
02/28/2017 12:00:00 PM,14,5,9
02/28/2017 11:00:00 AM,14,9,5
02/28/2017 10:00:00 AM,15,11,4
02/28/2017 09:00:00 AM,39,22,17
02/28/2017 08:00:00 AM,67,32,35
02/28/2017 07:00:00 AM,25,14,11
02/28/2017 06:00:00 AM,20,12,8
02/28/2017 05:00:00 AM,5,2,3
02/28/2017 04:00:00 AM,0,0,0
02/28/2017 03:00:00 AM,0,0,0
02/28/2017 02:00:00 AM,1,1,0
02/28/2017 01:00:00 AM,0,0,0
02/28/2017 12:00:00 AM,1,0,1
02/27/2017 11:00:00 PM,0,0,0
02/27/2017 10:00:00 PM,1,0,1
02/27/2017 09:00:00 PM,0,0,0
02/27/2017 08:00:00 PM,2,1,1
02/27/2017 07:00:00 PM,11,3,8
02/27/2017 06:00:00 PM,26,5,21
02/27/2017 05:00:00 PM,52,18,34
02/27/2017 04:00:00 PM,49,14,35
02/27/2017 03:00:00 PM,28,6,22
02/27/2017 02:00:00 PM,14,6,8
02/27/2017 01:00:00 PM,15,8,7
02/27/2017 12:00:00 PM,20,9,11
02/27/2017 11:00:00 AM,13,7,6
02/27/2017 10:00:00 AM,17,14,3
02/27/2017 09:00:00 AM,25,16,9
02/27/2017 08:00:00 AM,30,15,15
02/27/2017 07:00:00 AM,25,20,5
02/27/2017 06:00:00 AM,16,10,6
02/27/2017 05:00:00 AM,2,2,0
02/27/2017 04:00:00 AM,0,0,0
02/27/2017 03:00:00 AM,0,0,0
02/27/2017 02:00:00 AM,1,1,0
02/27/2017 01:00:00 AM,2,2,0
02/27/2017 12:00:00 AM,1,1,0
02/26/2017 11:00:00 PM,0,0,0
02/26/2017 10:00:00 PM,0,0,0
02/26/2017 09:00:00 PM,2,2,0
02/26/2017 08:00:00 PM,2,1,1
02/26/2017 07:00:00 PM,2,2,0
02/26/2017 06:00:00 PM,6,3,3
02/26/2017 05:00:00 PM,12,6,6
02/26/2017 04:00:00 PM,15,10,5
02/26/2017 03:00:00 PM,11,7,4
02/26/2017 02:00:00 PM,22,19,3
02/26/2017 01:00:00 PM,12,11,1
02/26/2017 12:00:00 PM,15,12,3
02/26/2017 11:00:00 AM,1,1,0
02/26/2017 10:00:00 AM,3,1,2
02/26/2017 09:00:00 AM,13,3,10
02/26/2017 08:00:00 AM,20,3,17
02/26/2017 07:00:00 AM,17,1,16
02/26/2017 06:00:00 AM,2,0,2
02/26/2017 05:00:00 AM,1,0,1
02/26/2017 04:00:00 AM,3,2,1
02/26/2017 03:00:00 AM,1,1,0
02/26/2017 02:00:00 AM,0,0,0
02/26/2017 01:00:00 AM,0,0,0
02/26/2017 12:00:00 AM,1,0,1
02/25/2017 11:00:00 PM,1,1,0
02/25/2017 10:00:00 PM,5,4,1
02/25/2017 09:00:00 PM,1,0,1
02/25/2017 08:00:00 PM,5,4,1
02/25/2017 07:00:00 PM,5,2,3
02/25/2017 06:00:00 PM,5,1,4
02/25/2017 05:00:00 PM,10,6,4
02/25/2017 04:00:00 PM,8,2,6
02/25/2017 03:00:00 PM,13,8,5
02/25/2017 02:00:00 PM,20,9,11
02/25/2017 01:00:00 PM,15,12,3
02/25/2017 12:00:00 PM,18,10,8
02/25/2017 11:00:00 AM,16,4,12
02/25/2017 10:00:00 AM,9,3,6
02/25/2017 09:00:00 AM,5,2,3
02/25/2017 08:00:00 AM,4,4,0
02/25/2017 07:00:00 AM,1,0,1
02/25/2017 06:00:00 AM,2,0,2
02/25/2017 05:00:00 AM,0,0,0
02/25/2017 04:00:00 AM,0,0,0
02/25/2017 03:00:00 AM,2,2,0
02/25/2017 02:00:00 AM,1,0,1
02/25/2017 01:00:00 AM,0,0,0
02/25/2017 12:00:00 AM,3,0,3
02/24/2017 11:00:00 PM,3,2,1
02/24/2017 10:00:00 PM,6,1,5
02/24/2017 09:00:00 PM,5,2,3
02/24/2017 08:00:00 PM,7,3,4
02/24/2017 07:00:00 PM,14,6,8
02/24/2017 06:00:00 PM,38,11,27
02/24/2017 05:00:00 PM,81,22,59
02/24/2017 04:00:00 PM,49,18,31
02/24/2017 03:00:00 PM,41,19,22
02/24/2017 02:00:00 PM,22,11,11
02/24/2017 01:00:00 PM,22,8,14
02/24/2017 12:00:00 PM,23,15,8
02/24/2017 11:00:00 AM,20,13,7
02/24/2017 10:00:00 AM,22,13,9
02/24/2017 09:00:00 AM,34,11,23
02/24/2017 08:00:00 AM,50,23,27
02/24/2017 07:00:00 AM,29,18,11
02/24/2017 06:00:00 AM,23,13,10
02/24/2017 05:00:00 AM,1,1,0
02/24/2017 04:00:00 AM,0,0,0
02/24/2017 03:00:00 AM,0,0,0
02/24/2017 02:00:00 AM,0,0,0
02/24/2017 01:00:00 AM,0,0,0
02/24/2017 12:00:00 AM,0,0,0
02/23/2017 11:00:00 PM,3,2,1
02/23/2017 10:00:00 PM,1,0,1
02/23/2017 09:00:00 PM,8,4,4
02/23/2017 08:00:00 PM,10,3,7
02/23/2017 07:00:00 PM,22,10,12
02/23/2017 06:00:00 PM,59,26,33
02/23/2017 05:00:00 PM,112,40,72
02/23/2017 04:00:00 PM,70,23,47
02/23/2017 03:00:00 PM,27,12,15
02/23/2017 02:00:00 PM,26,9,17
02/23/2017 01:00:00 PM,13,6,7
02/23/2017 12:00:00 PM,20,14,6
02/23/2017 11:00:00 AM,14,10,4
02/23/2017 10:00:00 AM,26,14,12
02/23/2017 09:00:00 AM,40,19,21
02/23/2017 08:00:00 AM,71,37,34
02/23/2017 07:00:00 AM,48,27,21
02/23/2017 06:00:00 AM,23,11,12
02/23/2017 05:00:00 AM,3,3,0
02/23/2017 04:00:00 AM,1,0,1
02/23/2017 03:00:00 AM,1,1,0
02/23/2017 02:00:00 AM,0,0,0
02/23/2017 01:00:00 AM,1,1,0
02/23/2017 12:00:00 AM,1,0,1
02/22/2017 11:00:00 PM,3,2,1
02/22/2017 10:00:00 PM,3,0,3
02/22/2017 09:00:00 PM,4,2,2
02/22/2017 08:00:00 PM,12,8,4
02/22/2017 07:00:00 PM,18,7,11
02/22/2017 06:00:00 PM,54,24,30
02/22/2017 05:00:00 PM,107,45,62
02/22/2017 04:00:00 PM,72,25,47
02/22/2017 03:00:00 PM,27,9,18
02/22/2017 02:00:00 PM,34,12,22
02/22/2017 01:00:00 PM,21,9,12
02/22/2017 12:00:00 PM,26,15,11
02/22/2017 11:00:00 AM,16,8,8
02/22/2017 10:00:00 AM,25,14,11
02/22/2017 09:00:00 AM,44,23,21
02/22/2017 08:00:00 AM,71,32,39
02/22/2017 07:00:00 AM,45,22,23
02/22/2017 06:00:00 AM,22,11,11
02/22/2017 05:00:00 AM,5,5,0
02/22/2017 04:00:00 AM,2,0,2
02/22/2017 03:00:00 AM,0,0,0
02/22/2017 02:00:00 AM,1,1,0
02/22/2017 01:00:00 AM,0,0,0
02/22/2017 12:00:00 AM,1,0,1
02/21/2017 11:00:00 PM,2,2,0
02/21/2017 10:00:00 PM,0,0,0
02/21/2017 09:00:00 PM,4,0,4
02/21/2017 08:00:00 PM,6,1,5
02/21/2017 07:00:00 PM,18,9,9
02/21/2017 06:00:00 PM,47,14,33
02/21/2017 05:00:00 PM,85,29,56
02/21/2017 04:00:00 PM,68,20,48
02/21/2017 03:00:00 PM,22,8,14
02/21/2017 02:00:00 PM,21,11,10
02/21/2017 01:00:00 PM,18,9,9
02/21/2017 12:00:00 PM,15,8,7
02/21/2017 11:00:00 AM,12,8,4
02/21/2017 10:00:00 AM,16,7,9
02/21/2017 09:00:00 AM,43,20,23
02/21/2017 08:00:00 AM,74,34,40
02/21/2017 07:00:00 AM,45,20,25
02/21/2017 06:00:00 AM,25,17,8
02/21/2017 05:00:00 AM,3,1,2
02/21/2017 04:00:00 AM,2,0,2
02/21/2017 03:00:00 AM,1,1,0
02/21/2017 02:00:00 AM,1,0,1
02/21/2017 01:00:00 AM,0,0,0
02/21/2017 12:00:00 AM,0,0,0
02/20/2017 11:00:00 PM,2,1,1
02/20/2017 10:00:00 PM,2,2,0
02/20/2017 09:00:00 PM,4,2,2
02/20/2017 08:00:00 PM,6,2,4
02/20/2017 07:00:00 PM,10,2,8
02/20/2017 06:00:00 PM,16,6,10
02/20/2017 05:00:00 PM,36,9,27
02/20/2017 04:00:00 PM,27,14,13
02/20/2017 03:00:00 PM,16,5,11
02/20/2017 02:00:00 PM,10,3,7
02/20/2017 01:00:00 PM,9,3,6
02/20/2017 12:00:00 PM,6,2,4
02/20/2017 11:00:00 AM,8,8,0
02/20/2017 10:00:00 AM,14,9,5
02/20/2017 09:00:00 AM,18,10,8
02/20/2017 08:00:00 AM,29,17,12
02/20/2017 07:00:00 AM,22,13,9
02/20/2017 06:00:00 AM,7,5,2
02/20/2017 05:00:00 AM,2,1,1
02/20/2017 04:00:00 AM,0,0,0
02/20/2017 03:00:00 AM,1,0,1
02/20/2017 02:00:00 AM,0,0,0
02/20/2017 01:00:00 AM,1,1,0
02/20/2017 12:00:00 AM,1,1,0
02/19/2017 11:00:00 PM,0,0,0
02/19/2017 10:00:00 PM,1,1,0
02/19/2017 09:00:00 PM,2,0,2
02/19/2017 08:00:00 PM,5,0,5
02/19/2017 07:00:00 PM,6,1,5
02/19/2017 06:00:00 PM,5,2,3
02/19/2017 05:00:00 PM,6,1,5
02/19/2017 04:00:00 PM,8,4,4
02/19/2017 03:00:00 PM,6,0,6
02/19/2017 02:00:00 PM,6,3,3
02/19/2017 01:00:00 PM,9,5,4
02/19/2017 12:00:00 PM,11,4,7
02/19/2017 11:00:00 AM,5,3,2
02/19/2017 10:00:00 AM,5,3,2
02/19/2017 09:00:00 AM,4,2,2
02/19/2017 08:00:00 AM,2,0,2
02/19/2017 07:00:00 AM,0,0,0
02/19/2017 06:00:00 AM,1,0,1
02/19/2017 05:00:00 AM,0,0,0
02/19/2017 04:00:00 AM,2,1,1
02/19/2017 03:00:00 AM,0,0,0
02/19/2017 02:00:00 AM,0,0,0
02/19/2017 01:00:00 AM,2,1,1
02/19/2017 12:00:00 AM,0,0,0
02/18/2017 11:00:00 PM,4,3,1
02/18/2017 10:00:00 PM,9,3,6
02/18/2017 09:00:00 PM,5,1,4
02/18/2017 08:00:00 PM,5,3,2
02/18/2017 07:00:00 PM,6,3,3
02/18/2017 06:00:00 PM,10,2,8
02/18/2017 05:00:00 PM,5,3,2
02/18/2017 04:00:00 PM,5,3,2
02/18/2017 03:00:00 PM,5,3,2
02/18/2017 02:00:00 PM,5,1,4
02/18/2017 01:00:00 PM,8,5,3
02/18/2017 12:00:00 PM,4,1,3
02/18/2017 11:00:00 AM,10,4,6
02/18/2017 10:00:00 AM,2,0,2
02/18/2017 09:00:00 AM,3,1,2
02/18/2017 08:00:00 AM,6,4,2
02/18/2017 07:00:00 AM,1,0,1
02/18/2017 06:00:00 AM,1,0,1
02/18/2017 05:00:00 AM,2,0,2
02/18/2017 04:00:00 AM,0,0,0
02/18/2017 03:00:00 AM,2,1,1
02/18/2017 02:00:00 AM,1,1,0
02/18/2017 01:00:00 AM,0,0,0
02/18/2017 12:00:00 AM,1,0,1
02/17/2017 11:00:00 PM,5,4,1
02/17/2017 10:00:00 PM,6,1,5
02/17/2017 09:00:00 PM,3,0,3
02/17/2017 08:00:00 PM,12,5,7
02/17/2017 07:00:00 PM,19,4,15
02/17/2017 06:00:00 PM,47,14,33
02/17/2017 05:00:00 PM,99,40,59
02/17/2017 04:00:00 PM,67,29,38
02/17/2017 03:00:00 PM,40,17,23
02/17/2017 02:00:00 PM,31,15,16
02/17/2017 01:00:00 PM,33,14,19
02/17/2017 12:00:00 PM,29,13,16
02/17/2017 11:00:00 AM,25,12,13
02/17/2017 10:00:00 AM,21,5,16
02/17/2017 09:00:00 AM,68,32,36
02/17/2017 08:00:00 AM,87,28,59
02/17/2017 07:00:00 AM,33,17,16
02/17/2017 06:00:00 AM,27,13,14
02/17/2017 05:00:00 AM,7,3,4
02/17/2017 04:00:00 AM,2,1,1
02/17/2017 03:00:00 AM,1,1,0
02/17/2017 02:00:00 AM,0,0,0
02/17/2017 01:00:00 AM,1,0,1
02/17/2017 12:00:00 AM,2,1,1
02/16/2017 11:00:00 PM,1,0,1
02/16/2017 10:00:00 PM,2,1,1
02/16/2017 09:00:00 PM,7,3,4
02/16/2017 08:00:00 PM,6,3,3
02/16/2017 07:00:00 PM,20,7,13
02/16/2017 06:00:00 PM,56,22,34
02/16/2017 05:00:00 PM,110,44,66
02/16/2017 04:00:00 PM,59,21,38
02/16/2017 03:00:00 PM,38,13,25
02/16/2017 02:00:00 PM,20,10,10
02/16/2017 01:00:00 PM,25,16,9
02/16/2017 12:00:00 PM,24,6,18
02/16/2017 11:00:00 AM,12,7,5
02/16/2017 10:00:00 AM,20,7,13
02/16/2017 09:00:00 AM,38,22,16
02/16/2017 08:00:00 AM,67,31,36
02/16/2017 07:00:00 AM,38,18,20
02/16/2017 06:00:00 AM,23,10,13
02/16/2017 05:00:00 AM,3,2,1
02/16/2017 04:00:00 AM,4,2,2
02/16/2017 03:00:00 AM,10,10,0
02/16/2017 02:00:00 AM,0,0,0
02/16/2017 01:00:00 AM,0,0,0
02/16/2017 12:00:00 AM,2,1,1
02/15/2017 11:00:00 PM,3,1,2
02/15/2017 10:00:00 PM,2,1,1
02/15/2017 09:00:00 PM,4,1,3
02/15/2017 08:00:00 PM,5,3,2
02/15/2017 07:00:00 PM,13,4,9
02/15/2017 06:00:00 PM,39,16,23
02/15/2017 05:00:00 PM,77,23,54
02/15/2017 04:00:00 PM,47,11,36
02/15/2017 03:00:00 PM,18,5,13
02/15/2017 02:00:00 PM,15,8,7
02/15/2017 01:00:00 PM,15,8,7
02/15/2017 12:00:00 PM,12,5,7
02/15/2017 11:00:00 AM,10,5,5
02/15/2017 10:00:00 AM,18,5,13
02/15/2017 09:00:00 AM,29,13,16
02/15/2017 08:00:00 AM,59,30,29
02/15/2017 07:00:00 AM,33,17,16
02/15/2017 06:00:00 AM,19,10,9
02/15/2017 05:00:00 AM,6,4,2
02/15/2017 04:00:00 AM,1,0,1
02/15/2017 03:00:00 AM,0,0,0
02/15/2017 02:00:00 AM,0,0,0
02/15/2017 01:00:00 AM,2,1,1
02/15/2017 12:00:00 AM,1,0,1
02/14/2017 11:00:00 PM,1,1,0
02/14/2017 10:00:00 PM,3,1,2
02/14/2017 09:00:00 PM,3,1,2
02/14/2017 08:00:00 PM,5,2,3
02/14/2017 07:00:00 PM,17,9,8
02/14/2017 06:00:00 PM,48,18,30
02/14/2017 05:00:00 PM,127,52,75
02/14/2017 04:00:00 PM,100,30,70
02/14/2017 03:00:00 PM,48,18,30
02/14/2017 02:00:00 PM,32,17,15
02/14/2017 01:00:00 PM,24,15,9
02/14/2017 12:00:00 PM,26,16,10
02/14/2017 11:00:00 AM,25,13,12
02/14/2017 10:00:00 AM,26,15,11
02/14/2017 09:00:00 AM,56,21,35
02/14/2017 08:00:00 AM,110,48,62
02/14/2017 07:00:00 AM,50,23,27
02/14/2017 06:00:00 AM,25,16,9
02/14/2017 05:00:00 AM,4,1,3
02/14/2017 04:00:00 AM,3,1,2
02/14/2017 03:00:00 AM,0,0,0
02/14/2017 02:00:00 AM,1,1,0
02/14/2017 01:00:00 AM,0,0,0
02/14/2017 12:00:00 AM,2,2,0
02/13/2017 11:00:00 PM,2,1,1
02/13/2017 10:00:00 PM,3,2,1
02/13/2017 09:00:00 PM,3,1,2
02/13/2017 08:00:00 PM,13,5,8
02/13/2017 07:00:00 PM,18,8,10
02/13/2017 06:00:00 PM,80,34,46
02/13/2017 05:00:00 PM,135,44,91
02/13/2017 04:00:00 PM,99,32,67
02/13/2017 03:00:00 PM,38,16,22
02/13/2017 02:00:00 PM,30,11,19
02/13/2017 01:00:00 PM,21,13,8
02/13/2017 12:00:00 PM,19,9,10
02/13/2017 11:00:00 AM,16,12,4
02/13/2017 10:00:00 AM,26,15,11
02/13/2017 09:00:00 AM,57,23,34
02/13/2017 08:00:00 AM,92,36,56
02/13/2017 07:00:00 AM,55,27,28
02/13/2017 06:00:00 AM,22,14,8
02/13/2017 05:00:00 AM,6,5,1
02/13/2017 04:00:00 AM,1,0,1
02/13/2017 03:00:00 AM,0,0,0
02/13/2017 02:00:00 AM,3,0,3
02/13/2017 01:00:00 AM,1,1,0
02/13/2017 12:00:00 AM,0,0,0
02/12/2017 11:00:00 PM,1,0,1
02/12/2017 10:00:00 PM,8,3,5
02/12/2017 09:00:00 PM,3,2,1
02/12/2017 08:00:00 PM,2,0,2
02/12/2017 07:00:00 PM,6,3,3
02/12/2017 06:00:00 PM,5,4,1
02/12/2017 05:00:00 PM,12,5,7
02/12/2017 04:00:00 PM,29,17,12
02/12/2017 03:00:00 PM,20,12,8
02/12/2017 02:00:00 PM,16,8,8
02/12/2017 01:00:00 PM,19,10,9
02/12/2017 12:00:00 PM,14,7,7
02/12/2017 11:00:00 AM,5,3,2
02/12/2017 10:00:00 AM,7,1,6
02/12/2017 09:00:00 AM,5,3,2
02/12/2017 08:00:00 AM,4,1,3
02/12/2017 07:00:00 AM,3,1,2
02/12/2017 06:00:00 AM,2,0,2
02/12/2017 05:00:00 AM,1,0,1
02/12/2017 04:00:00 AM,1,1,0
02/12/2017 03:00:00 AM,0,0,0
02/12/2017 02:00:00 AM,0,0,0
02/12/2017 01:00:00 AM,1,1,0
02/12/2017 12:00:00 AM,1,1,0
02/11/2017 11:00:00 PM,4,1,3
02/11/2017 10:00:00 PM,1,0,1
02/11/2017 09:00:00 PM,6,0,6
02/11/2017 08:00:00 PM,3,1,2
02/11/2017 07:00:00 PM,4,2,2
02/11/2017 06:00:00 PM,7,1,6
02/11/2017 05:00:00 PM,12,5,7
02/11/2017 04:00:00 PM,13,8,5
02/11/2017 03:00:00 PM,17,10,7
02/11/2017 02:00:00 PM,30,18,12
02/11/2017 01:00:00 PM,14,7,7
02/11/2017 12:00:00 PM,21,11,10
02/11/2017 11:00:00 AM,7,0,7
02/11/2017 10:00:00 AM,18,5,13
02/11/2017 09:00:00 AM,3,1,2
02/11/2017 08:00:00 AM,9,5,4
02/11/2017 07:00:00 AM,2,1,1
02/11/2017 06:00:00 AM,1,0,1
02/11/2017 05:00:00 AM,3,0,3
02/11/2017 04:00:00 AM,1,1,0
02/11/2017 03:00:00 AM,1,1,0
02/11/2017 02:00:00 AM,2,1,1
02/11/2017 01:00:00 AM,1,0,1
02/11/2017 12:00:00 AM,0,0,0
02/10/2017 11:00:00 PM,3,2,1
02/10/2017 10:00:00 PM,3,1,2
02/10/2017 09:00:00 PM,1,0,1
02/10/2017 08:00:00 PM,5,1,4
02/10/2017 07:00:00 PM,19,10,9
02/10/2017 06:00:00 PM,35,13,22
02/10/2017 05:00:00 PM,81,31,50
02/10/2017 04:00:00 PM,57,19,38
02/10/2017 03:00:00 PM,34,15,19
02/10/2017 02:00:00 PM,14,6,8
02/10/2017 01:00:00 PM,18,6,12
02/10/2017 12:00:00 PM,22,14,8
02/10/2017 11:00:00 AM,14,7,7
02/10/2017 10:00:00 AM,26,14,12
02/10/2017 09:00:00 AM,31,11,20
02/10/2017 08:00:00 AM,60,31,29
02/10/2017 07:00:00 AM,32,9,23
02/10/2017 06:00:00 AM,21,11,10
02/10/2017 05:00:00 AM,1,1,0
02/10/2017 04:00:00 AM,3,2,1
02/10/2017 03:00:00 AM,1,0,1
02/10/2017 02:00:00 AM,0,0,0
02/10/2017 01:00:00 AM,1,1,0
02/10/2017 12:00:00 AM,1,1,0
02/09/2017 11:00:00 PM,0,0,0
02/09/2017 10:00:00 PM,1,0,1
02/09/2017 09:00:00 PM,2,0,2
02/09/2017 08:00:00 PM,5,2,3
02/09/2017 07:00:00 PM,13,6,7
02/09/2017 06:00:00 PM,33,16,17
02/09/2017 05:00:00 PM,48,15,33
02/09/2017 04:00:00 PM,37,10,27
02/09/2017 03:00:00 PM,23,11,12
02/09/2017 02:00:00 PM,11,5,6
02/09/2017 01:00:00 PM,9,3,6
02/09/2017 12:00:00 PM,10,4,6
02/09/2017 11:00:00 AM,12,3,9
02/09/2017 10:00:00 AM,12,6,6
02/09/2017 09:00:00 AM,24,13,11
02/09/2017 08:00:00 AM,33,12,21
02/09/2017 07:00:00 AM,22,12,10
02/09/2017 06:00:00 AM,9,6,3
02/09/2017 05:00:00 AM,2,2,0
02/09/2017 04:00:00 AM,2,0,2
02/09/2017 03:00:00 AM,0,0,0
02/09/2017 02:00:00 AM,0,0,0
02/09/2017 01:00:00 AM,0,0,0
02/09/2017 12:00:00 AM,1,1,0
02/08/2017 11:00:00 PM,2,0,2
02/08/2017 10:00:00 PM,4,1,3
02/08/2017 09:00:00 PM,5,3,2
02/08/2017 08:00:00 PM,2,0,2
02/08/2017 07:00:00 PM,15,5,10
02/08/2017 06:00:00 PM,30,14,16
02/08/2017 05:00:00 PM,79,27,52
02/08/2017 04:00:00 PM,43,17,26
02/08/2017 03:00:00 PM,25,9,16
02/08/2017 02:00:00 PM,9,5,4
02/08/2017 01:00:00 PM,11,5,6
02/08/2017 12:00:00 PM,11,4,7
02/08/2017 11:00:00 AM,15,10,5
02/08/2017 10:00:00 AM,14,8,6
02/08/2017 09:00:00 AM,37,19,18
02/08/2017 08:00:00 AM,33,18,15
02/08/2017 07:00:00 AM,32,14,18
02/08/2017 06:00:00 AM,22,8,14
02/08/2017 05:00:00 AM,2,1,1
02/08/2017 04:00:00 AM,1,0,1
02/08/2017 03:00:00 AM,0,0,0
02/08/2017 02:00:00 AM,0,0,0
02/08/2017 01:00:00 AM,1,0,1
02/08/2017 12:00:00 AM,1,1,0
02/07/2017 11:00:00 PM,2,2,0
02/07/2017 10:00:00 PM,1,0,1
02/07/2017 09:00:00 PM,4,2,2
02/07/2017 08:00:00 PM,6,4,2
02/07/2017 07:00:00 PM,11,7,4
02/07/2017 06:00:00 PM,22,12,10
02/07/2017 05:00:00 PM,44,18,26
02/07/2017 04:00:00 PM,37,17,20
02/07/2017 03:00:00 PM,15,6,9
02/07/2017 02:00:00 PM,11,3,8
02/07/2017 01:00:00 PM,13,7,6
02/07/2017 12:00:00 PM,16,5,11
02/07/2017 11:00:00 AM,9,6,3
02/07/2017 10:00:00 AM,13,4,9
02/07/2017 09:00:00 AM,22,6,16
02/07/2017 08:00:00 AM,35,13,22
02/07/2017 07:00:00 AM,15,6,9
02/07/2017 06:00:00 AM,11,3,8
02/07/2017 05:00:00 AM,5,3,2
02/07/2017 04:00:00 AM,1,0,1
02/07/2017 03:00:00 AM,0,0,0
02/07/2017 02:00:00 AM,0,0,0
02/07/2017 01:00:00 AM,0,0,0
02/07/2017 12:00:00 AM,0,0,0
02/06/2017 11:00:00 PM,0,0,0
02/06/2017 10:00:00 PM,0,0,0
02/06/2017 09:00:00 PM,0,0,0
02/06/2017 08:00:00 PM,1,0,1
02/06/2017 07:00:00 PM,5,2,3
02/06/2017 06:00:00 PM,5,4,1
02/06/2017 05:00:00 PM,9,3,6
02/06/2017 04:00:00 PM,6,4,2
02/06/2017 03:00:00 PM,5,2,3
02/06/2017 02:00:00 PM,4,2,2
02/06/2017 01:00:00 PM,5,4,1
02/06/2017 12:00:00 PM,2,2,0
02/06/2017 11:00:00 AM,6,4,2
02/06/2017 10:00:00 AM,1,1,0
02/06/2017 09:00:00 AM,1,0,1
02/06/2017 08:00:00 AM,3,1,2
02/06/2017 07:00:00 AM,8,2,6
02/06/2017 06:00:00 AM,5,1,4
02/06/2017 05:00:00 AM,3,2,1
02/06/2017 04:00:00 AM,0,0,0
02/06/2017 03:00:00 AM,0,0,0
02/06/2017 02:00:00 AM,0,0,0
02/06/2017 01:00:00 AM,0,0,0
02/06/2017 12:00:00 AM,1,1,0
02/05/2017 11:00:00 PM,0,0,0
02/05/2017 10:00:00 PM,0,0,0
02/05/2017 09:00:00 PM,0,0,0
02/05/2017 08:00:00 PM,1,0,1
02/05/2017 07:00:00 PM,1,1,0
02/05/2017 06:00:00 PM,2,0,2
02/05/2017 05:00:00 PM,3,1,2
02/05/2017 04:00:00 PM,5,2,3
02/05/2017 03:00:00 PM,3,1,2
02/05/2017 02:00:00 PM,4,1,3
02/05/2017 01:00:00 PM,4,3,1
02/05/2017 12:00:00 PM,6,3,3
02/05/2017 11:00:00 AM,4,3,1
02/05/2017 10:00:00 AM,6,4,2
02/05/2017 09:00:00 AM,5,3,2
02/05/2017 08:00:00 AM,1,0,1
02/05/2017 07:00:00 AM,0,0,0
02/05/2017 06:00:00 AM,1,0,1
02/05/2017 05:00:00 AM,1,1,0
02/05/2017 04:00:00 AM,0,0,0
02/05/2017 03:00:00 AM,1,0,1
02/05/2017 02:00:00 AM,0,0,0
02/05/2017 01:00:00 AM,0,0,0
02/05/2017 12:00:00 AM,0,0,0
02/04/2017 11:00:00 PM,1,1,0
02/04/2017 10:00:00 PM,1,1,0
02/04/2017 09:00:00 PM,1,0,1
02/04/2017 08:00:00 PM,0,0,0
02/04/2017 07:00:00 PM,3,1,2
02/04/2017 06:00:00 PM,6,3,3
02/04/2017 05:00:00 PM,2,2,0
02/04/2017 04:00:00 PM,7,2,5
02/04/2017 03:00:00 PM,7,6,1
02/04/2017 02:00:00 PM,2,1,1
02/04/2017 01:00:00 PM,9,5,4
02/04/2017 12:00:00 PM,5,0,5
02/04/2017 11:00:00 AM,1,1,0
02/04/2017 10:00:00 AM,5,1,4
02/04/2017 09:00:00 AM,1,0,1
02/04/2017 08:00:00 AM,4,2,2
02/04/2017 07:00:00 AM,3,2,1
02/04/2017 06:00:00 AM,2,0,2
02/04/2017 05:00:00 AM,0,0,0
02/04/2017 04:00:00 AM,2,1,1
02/04/2017 03:00:00 AM,0,0,0
02/04/2017 02:00:00 AM,1,1,0
02/04/2017 01:00:00 AM,0,0,0
02/04/2017 12:00:00 AM,1,1,0
02/03/2017 11:00:00 PM,0,0,0
02/03/2017 10:00:00 PM,3,1,2
02/03/2017 09:00:00 PM,0,0,0
02/03/2017 08:00:00 PM,5,3,2
02/03/2017 07:00:00 PM,11,4,7
02/03/2017 06:00:00 PM,26,8,18
02/03/2017 05:00:00 PM,57,16,41
02/03/2017 04:00:00 PM,41,16,25
02/03/2017 03:00:00 PM,19,8,11
02/03/2017 02:00:00 PM,14,4,10
02/03/2017 01:00:00 PM,12,3,9
02/03/2017 12:00:00 PM,20,9,11
02/03/2017 11:00:00 AM,14,9,5
02/03/2017 10:00:00 AM,16,9,7
02/03/2017 09:00:00 AM,39,15,24
02/03/2017 08:00:00 AM,36,12,24
02/03/2017 07:00:00 AM,12,9,3
02/03/2017 06:00:00 AM,15,6,9
02/03/2017 05:00:00 AM,5,3,2
02/03/2017 04:00:00 AM,1,0,1
02/03/2017 03:00:00 AM,3,2,1
02/03/2017 02:00:00 AM,0,0,0
02/03/2017 01:00:00 AM,0,0,0
02/03/2017 12:00:00 AM,1,0,1
02/02/2017 11:00:00 PM,3,1,2
02/02/2017 10:00:00 PM,6,4,2
02/02/2017 09:00:00 PM,9,4,5
02/02/2017 08:00:00 PM,18,13,5
02/02/2017 07:00:00 PM,32,20,12
02/02/2017 06:00:00 PM,75,29,46
02/02/2017 05:00:00 PM,135,37,98
02/02/2017 04:00:00 PM,81,28,53
02/02/2017 03:00:00 PM,46,24,22
02/02/2017 02:00:00 PM,27,15,12
02/02/2017 01:00:00 PM,26,11,15
02/02/2017 12:00:00 PM,24,9,15
02/02/2017 11:00:00 AM,21,10,11
02/02/2017 10:00:00 AM,31,14,17
02/02/2017 09:00:00 AM,54,23,31
02/02/2017 08:00:00 AM,78,38,40
02/02/2017 07:00:00 AM,44,22,22
02/02/2017 06:00:00 AM,21,10,11
02/02/2017 05:00:00 AM,5,5,0
02/02/2017 04:00:00 AM,1,0,1
02/02/2017 03:00:00 AM,1,0,1
02/02/2017 02:00:00 AM,1,1,0
02/02/2017 01:00:00 AM,0,0,0
02/02/2017 12:00:00 AM,1,0,1
02/01/2017 11:00:00 PM,4,3,1
02/01/2017 10:00:00 PM,0,0,0
02/01/2017 09:00:00 PM,7,3,4
02/01/2017 08:00:00 PM,9,5,4
02/01/2017 07:00:00 PM,18,6,12
02/01/2017 06:00:00 PM,68,29,39
02/01/2017 05:00:00 PM,122,33,89
02/01/2017 04:00:00 PM,74,20,54
02/01/2017 03:00:00 PM,39,15,24
02/01/2017 02:00:00 PM,21,8,13
02/01/2017 01:00:00 PM,20,16,4
02/01/2017 12:00:00 PM,30,20,10
02/01/2017 11:00:00 AM,14,7,7
02/01/2017 10:00:00 AM,24,9,15
02/01/2017 09:00:00 AM,63,33,30
02/01/2017 08:00:00 AM,87,48,39
02/01/2017 07:00:00 AM,44,25,19
02/01/2017 06:00:00 AM,22,10,12
02/01/2017 05:00:00 AM,6,4,2
02/01/2017 04:00:00 AM,1,0,1
02/01/2017 03:00:00 AM,1,1,0
02/01/2017 02:00:00 AM,1,0,1
02/01/2017 01:00:00 AM,3,0,3
02/01/2017 12:00:00 AM,0,0,0
01/31/2017 11:00:00 PM,5,1,4
01/31/2017 10:00:00 PM,3,3,0
01/31/2017 09:00:00 PM,4,2,2
01/31/2017 08:00:00 PM,4,2,2
01/31/2017 07:00:00 PM,20,4,16
01/31/2017 06:00:00 PM,66,26,40
01/31/2017 05:00:00 PM,129,49,80
01/31/2017 04:00:00 PM,88,25,63
01/31/2017 03:00:00 PM,47,18,29
01/31/2017 02:00:00 PM,23,12,11
01/31/2017 01:00:00 PM,26,14,12
01/31/2017 12:00:00 PM,25,14,11
01/31/2017 11:00:00 AM,17,11,6
01/31/2017 10:00:00 AM,23,12,11
01/31/2017 09:00:00 AM,53,29,24
01/31/2017 08:00:00 AM,91,40,51
01/31/2017 07:00:00 AM,59,32,27
01/31/2017 06:00:00 AM,23,10,13
01/31/2017 05:00:00 AM,12,5,7
01/31/2017 04:00:00 AM,3,1,2
01/31/2017 03:00:00 AM,0,0,0
01/31/2017 02:00:00 AM,1,0,1
01/31/2017 01:00:00 AM,1,1,0
01/31/2017 12:00:00 AM,2,2,0
01/30/2017 11:00:00 PM,3,3,0
01/30/2017 10:00:00 PM,2,1,1
01/30/2017 09:00:00 PM,4,0,4
01/30/2017 08:00:00 PM,8,3,5
01/30/2017 07:00:00 PM,18,7,11
01/30/2017 06:00:00 PM,75,19,56
01/30/2017 05:00:00 PM,12,6,6
01/30/2017 04:00:00 PM,2,2,0
01/30/2017 03:00:00 PM,23,10,13
01/30/2017 02:00:00 PM,21,8,13
01/30/2017 01:00:00 PM,19,10,9
01/30/2017 12:00:00 PM,11,5,6
01/30/2017 11:00:00 AM,8,4,4
01/30/2017 10:00:00 AM,26,14,12
01/30/2017 09:00:00 AM,50,21,29
01/30/2017 08:00:00 AM,94,36,58
01/30/2017 07:00:00 AM,51,23,28
01/30/2017 06:00:00 AM,32,12,20
01/30/2017 05:00:00 AM,12,4,8
01/30/2017 04:00:00 AM,2,0,2
01/30/2017 03:00:00 AM,0,0,0
01/30/2017 02:00:00 AM,1,0,1
01/30/2017 01:00:00 AM,1,0,1
01/30/2017 12:00:00 AM,1,0,1
01/29/2017 11:00:00 PM,1,0,1
01/29/2017 10:00:00 PM,5,4,1
01/29/2017 09:00:00 PM,4,0,4
01/29/2017 08:00:00 PM,7,2,5
01/29/2017 07:00:00 PM,12,5,7
01/29/2017 06:00:00 PM,13,6,7
01/29/2017 05:00:00 PM,17,14,3
01/29/2017 04:00:00 PM,11,7,4
01/29/2017 03:00:00 PM,9,6,3
01/29/2017 02:00:00 PM,20,10,10
01/29/2017 01:00:00 PM,10,3,7
01/29/2017 12:00:00 PM,20,3,17
01/29/2017 11:00:00 AM,7,3,4
01/29/2017 10:00:00 AM,14,7,7
01/29/2017 09:00:00 AM,6,3,3
01/29/2017 08:00:00 AM,3,1,2
01/29/2017 07:00:00 AM,4,1,3
01/29/2017 06:00:00 AM,0,0,0
01/29/2017 05:00:00 AM,1,1,0
01/29/2017 04:00:00 AM,0,0,0
01/29/2017 03:00:00 AM,1,1,0
01/29/2017 02:00:00 AM,1,1,0
01/29/2017 01:00:00 AM,3,3,0
01/29/2017 12:00:00 AM,2,1,1
01/28/2017 11:00:00 PM,3,1,2
01/28/2017 10:00:00 PM,5,4,1
01/28/2017 09:00:00 PM,3,1,2
01/28/2017 08:00:00 PM,2,2,0
01/28/2017 07:00:00 PM,8,6,2
01/28/2017 06:00:00 PM,12,3,9
01/28/2017 05:00:00 PM,17,9,8
01/28/2017 04:00:00 PM,23,5,18
01/28/2017 03:00:00 PM,20,11,9
01/28/2017 02:00:00 PM,25,10,15
01/28/2017 01:00:00 PM,28,9,19
01/28/2017 12:00:00 PM,19,7,12
01/28/2017 11:00:00 AM,15,6,9
01/28/2017 10:00:00 AM,6,2,4
01/28/2017 09:00:00 AM,12,3,9
01/28/2017 08:00:00 AM,7,4,3
01/28/2017 07:00:00 AM,2,1,1
01/28/2017 06:00:00 AM,5,2,3
01/28/2017 05:00:00 AM,3,3,0
01/28/2017 04:00:00 AM,0,0,0
01/28/2017 03:00:00 AM,2,1,1
01/28/2017 02:00:00 AM,3,0,3
01/28/2017 01:00:00 AM,1,1,0
01/28/2017 12:00:00 AM,3,0,3
01/27/2017 11:00:00 PM,5,3,2
01/27/2017 10:00:00 PM,3,2,1
01/27/2017 09:00:00 PM,4,3,1
01/27/2017 08:00:00 PM,14,6,8
01/27/2017 07:00:00 PM,20,7,13
01/27/2017 06:00:00 PM,50,26,24
01/27/2017 05:00:00 PM,91,29,62
01/27/2017 04:00:00 PM,98,32,66
01/27/2017 03:00:00 PM,46,17,29
01/27/2017 02:00:00 PM,34,11,23
01/27/2017 01:00:00 PM,28,18,10
01/27/2017 12:00:00 PM,20,14,6
01/27/2017 11:00:00 AM,22,10,12
01/27/2017 10:00:00 AM,25,14,11
01/27/2017 09:00:00 AM,50,26,24
01/27/2017 08:00:00 AM,84,38,46
01/27/2017 07:00:00 AM,40,18,22
01/27/2017 06:00:00 AM,19,7,12
01/27/2017 05:00:00 AM,6,3,3
01/27/2017 04:00:00 AM,2,1,1
01/27/2017 03:00:00 AM,1,0,1
01/27/2017 02:00:00 AM,0,0,0
01/27/2017 01:00:00 AM,4,4,0
01/27/2017 12:00:00 AM,1,1,0
01/26/2017 11:00:00 PM,3,1,2
01/26/2017 10:00:00 PM,6,2,4
01/26/2017 09:00:00 PM,7,5,2
01/26/2017 08:00:00 PM,10,3,7
01/26/2017 07:00:00 PM,19,10,9
01/26/2017 06:00:00 PM,65,22,43
01/26/2017 05:00:00 PM,137,50,87
01/26/2017 04:00:00 PM,59,22,37
01/26/2017 03:00:00 PM,37,15,22
01/26/2017 02:00:00 PM,27,6,21
01/26/2017 01:00:00 PM,19,14,5
01/26/2017 12:00:00 PM,14,8,6
01/26/2017 11:00:00 AM,22,10,12
01/26/2017 10:00:00 AM,24,14,10
01/26/2017 09:00:00 AM,46,21,25
01/26/2017 08:00:00 AM,79,37,42
01/26/2017 07:00:00 AM,55,27,28
01/26/2017 06:00:00 AM,21,10,11
01/26/2017 05:00:00 AM,10,4,6
01/26/2017 04:00:00 AM,1,0,1
01/26/2017 03:00:00 AM,1,0,1
01/26/2017 02:00:00 AM,0,0,0
01/26/2017 01:00:00 AM,1,0,1
01/26/2017 12:00:00 AM,0,0,0
01/25/2017 11:00:00 PM,4,3,1
01/25/2017 10:00:00 PM,3,1,2
01/25/2017 09:00:00 PM,3,2,1
01/25/2017 08:00:00 PM,5,1,4
01/25/2017 07:00:00 PM,18,5,13
01/25/2017 06:00:00 PM,70,26,44
01/25/2017 05:00:00 PM,111,41,70
01/25/2017 04:00:00 PM,70,17,53
01/25/2017 03:00:00 PM,43,16,27
01/25/2017 02:00:00 PM,25,11,14
01/25/2017 01:00:00 PM,20,14,6
01/25/2017 12:00:00 PM,18,9,9
01/25/2017 11:00:00 AM,18,9,9
01/25/2017 10:00:00 AM,14,9,5
01/25/2017 09:00:00 AM,57,29,28
01/25/2017 08:00:00 AM,82,51,31
01/25/2017 07:00:00 AM,39,14,25
01/25/2017 06:00:00 AM,18,10,8
01/25/2017 05:00:00 AM,10,4,6
01/25/2017 04:00:00 AM,1,0,1
01/25/2017 03:00:00 AM,1,1,0
01/25/2017 02:00:00 AM,0,0,0
01/25/2017 01:00:00 AM,0,0,0
01/25/2017 12:00:00 AM,0,0,0
01/24/2017 11:00:00 PM,1,1,0
01/24/2017 10:00:00 PM,3,1,2
01/24/2017 09:00:00 PM,3,0,3
01/24/2017 08:00:00 PM,11,5,6
01/24/2017 07:00:00 PM,20,6,14
01/24/2017 06:00:00 PM,61,25,36
01/24/2017 05:00:00 PM,110,38,72
01/24/2017 04:00:00 PM,77,19,58
01/24/2017 03:00:00 PM,32,14,18
01/24/2017 02:00:00 PM,29,14,15
01/24/2017 01:00:00 PM,33,17,16
01/24/2017 12:00:00 PM,22,13,9
01/24/2017 11:00:00 AM,14,9,5
01/24/2017 10:00:00 AM,17,10,7
01/24/2017 09:00:00 AM,51,28,23
01/24/2017 08:00:00 AM,82,37,45
01/24/2017 07:00:00 AM,48,26,22
01/24/2017 06:00:00 AM,21,11,10
01/24/2017 05:00:00 AM,10,5,5
01/24/2017 04:00:00 AM,4,2,2
01/24/2017 03:00:00 AM,1,1,0
01/24/2017 02:00:00 AM,0,0,0
01/24/2017 01:00:00 AM,0,0,0
01/24/2017 12:00:00 AM,1,1,0
01/23/2017 11:00:00 PM,2,2,0
01/23/2017 10:00:00 PM,1,1,0
01/23/2017 09:00:00 PM,4,2,2
01/23/2017 08:00:00 PM,7,2,5
01/23/2017 07:00:00 PM,20,9,11
01/23/2017 06:00:00 PM,49,19,30
01/23/2017 05:00:00 PM,123,47,76
01/23/2017 04:00:00 PM,86,27,59
01/23/2017 03:00:00 PM,31,8,23
01/23/2017 02:00:00 PM,20,9,11
01/23/2017 01:00:00 PM,16,10,6
01/23/2017 12:00:00 PM,16,10,6
01/23/2017 11:00:00 AM,14,8,6
01/23/2017 10:00:00 AM,25,16,9
01/23/2017 09:00:00 AM,47,26,21
01/23/2017 08:00:00 AM,79,32,47
01/23/2017 07:00:00 AM,50,22,28
01/23/2017 06:00:00 AM,22,8,14
01/23/2017 05:00:00 AM,9,5,4
01/23/2017 04:00:00 AM,1,0,1
01/23/2017 03:00:00 AM,2,1,1
01/23/2017 02:00:00 AM,0,0,0
01/23/2017 01:00:00 AM,0,0,0
01/23/2017 12:00:00 AM,0,0,0
01/22/2017 11:00:00 PM,0,0,0
01/22/2017 10:00:00 PM,1,0,1
01/22/2017 09:00:00 PM,1,1,0
01/22/2017 08:00:00 PM,1,0,1
01/22/2017 07:00:00 PM,2,1,1
01/22/2017 06:00:00 PM,3,1,2
01/22/2017 05:00:00 PM,5,1,4
01/22/2017 04:00:00 PM,7,1,6
01/22/2017 03:00:00 PM,6,4,2
01/22/2017 02:00:00 PM,7,3,4
01/22/2017 01:00:00 PM,4,4,0
01/22/2017 12:00:00 PM,4,2,2
01/22/2017 11:00:00 AM,3,2,1
01/22/2017 10:00:00 AM,7,5,2
01/22/2017 09:00:00 AM,6,2,4
01/22/2017 08:00:00 AM,1,1,0
01/22/2017 07:00:00 AM,2,1,1
01/22/2017 06:00:00 AM,2,2,0
01/22/2017 05:00:00 AM,0,0,0
01/22/2017 04:00:00 AM,0,0,0
01/22/2017 03:00:00 AM,0,0,0
01/22/2017 02:00:00 AM,0,0,0
01/22/2017 01:00:00 AM,5,2,3
01/22/2017 12:00:00 AM,0,0,0
01/21/2017 11:00:00 PM,0,0,0
01/21/2017 10:00:00 PM,2,1,1
01/21/2017 09:00:00 PM,1,0,1
01/21/2017 08:00:00 PM,3,3,0
01/21/2017 07:00:00 PM,1,0,1
01/21/2017 06:00:00 PM,4,2,2
01/21/2017 05:00:00 PM,12,4,8
01/21/2017 04:00:00 PM,30,3,27
01/21/2017 03:00:00 PM,32,6,26
01/21/2017 02:00:00 PM,37,19,18
01/21/2017 01:00:00 PM,30,21,9
01/21/2017 12:00:00 PM,21,16,5
01/21/2017 11:00:00 AM,35,10,25
01/21/2017 10:00:00 AM,20,2,18
01/21/2017 09:00:00 AM,12,1,11
01/21/2017 08:00:00 AM,1,1,0
01/21/2017 07:00:00 AM,4,2,2
01/21/2017 06:00:00 AM,2,0,2
01/21/2017 05:00:00 AM,0,0,0
01/21/2017 04:00:00 AM,0,0,0
01/21/2017 03:00:00 AM,1,1,0
01/21/2017 02:00:00 AM,2,2,0
01/21/2017 01:00:00 AM,2,1,1
01/21/2017 12:00:00 AM,2,0,2
01/20/2017 11:00:00 PM,5,3,2
01/20/2017 10:00:00 PM,5,2,3
01/20/2017 09:00:00 PM,8,7,1
01/20/2017 08:00:00 PM,14,4,10
01/20/2017 07:00:00 PM,21,7,14
01/20/2017 06:00:00 PM,41,14,27
01/20/2017 05:00:00 PM,82,30,52
01/20/2017 04:00:00 PM,70,26,44
01/20/2017 03:00:00 PM,45,13,32
01/20/2017 02:00:00 PM,25,9,16
01/20/2017 01:00:00 PM,31,16,15
01/20/2017 12:00:00 PM,19,8,11
01/20/2017 11:00:00 AM,21,11,10
01/20/2017 10:00:00 AM,17,5,12
01/20/2017 09:00:00 AM,50,23,27
01/20/2017 08:00:00 AM,77,29,48
01/20/2017 07:00:00 AM,45,25,20
01/20/2017 06:00:00 AM,20,10,10
01/20/2017 05:00:00 AM,2,1,1
01/20/2017 04:00:00 AM,1,0,1
01/20/2017 03:00:00 AM,2,1,1
01/20/2017 02:00:00 AM,0,0,0
01/20/2017 01:00:00 AM,0,0,0
01/20/2017 12:00:00 AM,3,2,1
01/19/2017 11:00:00 PM,5,3,2
01/19/2017 10:00:00 PM,1,0,1
01/19/2017 09:00:00 PM,4,0,4
01/19/2017 08:00:00 PM,10,2,8
01/19/2017 07:00:00 PM,19,7,12
01/19/2017 06:00:00 PM,47,21,26
01/19/2017 05:00:00 PM,96,34,62
01/19/2017 04:00:00 PM,72,26,46
01/19/2017 03:00:00 PM,24,7,17
01/19/2017 02:00:00 PM,17,5,12
01/19/2017 01:00:00 PM,15,9,6
01/19/2017 12:00:00 PM,22,10,12
01/19/2017 11:00:00 AM,17,5,12
01/19/2017 10:00:00 AM,25,15,10
01/19/2017 09:00:00 AM,42,21,21
01/19/2017 08:00:00 AM,82,32,50
01/19/2017 07:00:00 AM,24,16,8
01/19/2017 06:00:00 AM,19,11,8
01/19/2017 05:00:00 AM,5,3,2
01/19/2017 04:00:00 AM,1,0,1
01/19/2017 03:00:00 AM,3,2,1
01/19/2017 02:00:00 AM,0,0,0
01/19/2017 01:00:00 AM,0,0,0
01/19/2017 12:00:00 AM,1,0,1
01/18/2017 11:00:00 PM,1,1,0
01/18/2017 10:00:00 PM,0,0,0
01/18/2017 09:00:00 PM,3,0,3
01/18/2017 08:00:00 PM,7,3,4
01/18/2017 07:00:00 PM,16,6,10
01/18/2017 06:00:00 PM,37,15,22
01/18/2017 05:00:00 PM,70,20,50
01/18/2017 04:00:00 PM,44,15,29
01/18/2017 03:00:00 PM,31,11,20
01/18/2017 02:00:00 PM,16,7,9
01/18/2017 01:00:00 PM,11,8,3
01/18/2017 12:00:00 PM,17,11,6
01/18/2017 11:00:00 AM,15,9,6
01/18/2017 10:00:00 AM,18,15,3
01/18/2017 09:00:00 AM,31,15,16
01/18/2017 08:00:00 AM,47,21,26
01/18/2017 07:00:00 AM,29,17,12
01/18/2017 06:00:00 AM,15,4,11
01/18/2017 05:00:00 AM,5,4,1
01/18/2017 04:00:00 AM,1,0,1
01/18/2017 03:00:00 AM,0,0,0
01/18/2017 02:00:00 AM,0,0,0
01/18/2017 01:00:00 AM,0,0,0
01/18/2017 12:00:00 AM,0,0,0
01/17/2017 11:00:00 PM,0,0,0
01/17/2017 10:00:00 PM,3,2,1
01/17/2017 09:00:00 PM,2,1,1
01/17/2017 08:00:00 PM,4,3,1
01/17/2017 07:00:00 PM,10,4,6
01/17/2017 06:00:00 PM,50,20,30
01/17/2017 05:00:00 PM,78,18,60
01/17/2017 04:00:00 PM,59,20,39
01/17/2017 03:00:00 PM,21,6,15
01/17/2017 02:00:00 PM,10,3,7
01/17/2017 01:00:00 PM,8,6,2
01/17/2017 12:00:00 PM,10,5,5
01/17/2017 11:00:00 AM,10,6,4
01/17/2017 10:00:00 AM,12,4,8
01/17/2017 09:00:00 AM,41,22,19
01/17/2017 08:00:00 AM,59,21,38
01/17/2017 07:00:00 AM,34,17,17
01/17/2017 06:00:00 AM,17,6,11
01/17/2017 05:00:00 AM,8,4,4
01/17/2017 04:00:00 AM,3,1,2
01/17/2017 03:00:00 AM,0,0,0
01/17/2017 02:00:00 AM,1,0,1
01/17/2017 01:00:00 AM,0,0,0
01/17/2017 12:00:00 AM,0,0,0
01/16/2017 11:00:00 PM,0,0,0
01/16/2017 10:00:00 PM,4,4,0
01/16/2017 09:00:00 PM,5,2,3
01/16/2017 08:00:00 PM,4,1,3
01/16/2017 07:00:00 PM,8,1,7
01/16/2017 06:00:00 PM,33,14,19
01/16/2017 05:00:00 PM,49,14,35
01/16/2017 04:00:00 PM,29,8,21
01/16/2017 03:00:00 PM,22,14,8
01/16/2017 02:00:00 PM,13,5,8
01/16/2017 01:00:00 PM,25,7,18
01/16/2017 12:00:00 PM,17,11,6
01/16/2017 11:00:00 AM,12,7,5
01/16/2017 10:00:00 AM,11,7,4
01/16/2017 09:00:00 AM,25,16,9
01/16/2017 08:00:00 AM,36,14,22
01/16/2017 07:00:00 AM,15,7,8
01/16/2017 06:00:00 AM,9,5,4
01/16/2017 05:00:00 AM,3,3,0
01/16/2017 04:00:00 AM,0,0,0
01/16/2017 03:00:00 AM,0,0,0
01/16/2017 02:00:00 AM,0,0,0
01/16/2017 01:00:00 AM,2,1,1
01/16/2017 12:00:00 AM,0,0,0
01/15/2017 11:00:00 PM,0,0,0
01/15/2017 10:00:00 PM,0,0,0
01/15/2017 09:00:00 PM,6,3,3
01/15/2017 08:00:00 PM,5,3,2
01/15/2017 07:00:00 PM,6,5,1
01/15/2017 06:00:00 PM,3,1,2
01/15/2017 05:00:00 PM,5,0,5
01/15/2017 04:00:00 PM,7,3,4
01/15/2017 03:00:00 PM,4,3,1
01/15/2017 02:00:00 PM,10,4,6
01/15/2017 01:00:00 PM,9,5,4
01/15/2017 12:00:00 PM,10,4,6
01/15/2017 11:00:00 AM,2,1,1
01/15/2017 10:00:00 AM,6,2,4
01/15/2017 09:00:00 AM,5,3,2
01/15/2017 08:00:00 AM,3,0,3
01/15/2017 07:00:00 AM,0,0,0
01/15/2017 06:00:00 AM,0,0,0
01/15/2017 05:00:00 AM,0,0,0
01/15/2017 04:00:00 AM,0,0,0
01/15/2017 03:00:00 AM,0,0,0
01/15/2017 02:00:00 AM,2,0,2
01/15/2017 01:00:00 AM,1,0,1
01/15/2017 12:00:00 AM,3,1,2
01/14/2017 11:00:00 PM,0,0,0
01/14/2017 10:00:00 PM,5,1,4
01/14/2017 09:00:00 PM,0,0,0
01/14/2017 08:00:00 PM,0,0,0
01/14/2017 07:00:00 PM,4,3,1
01/14/2017 06:00:00 PM,2,1,1
01/14/2017 05:00:00 PM,5,4,1
01/14/2017 04:00:00 PM,8,5,3
01/14/2017 03:00:00 PM,11,5,6
01/14/2017 02:00:00 PM,10,6,4
01/14/2017 01:00:00 PM,21,11,10
01/14/2017 12:00:00 PM,17,6,11
01/14/2017 11:00:00 AM,11,5,6
01/14/2017 10:00:00 AM,10,3,7
01/14/2017 09:00:00 AM,3,1,2
01/14/2017 08:00:00 AM,2,2,0
01/14/2017 07:00:00 AM,0,0,0
01/14/2017 06:00:00 AM,3,0,3
01/14/2017 05:00:00 AM,0,0,0
01/14/2017 04:00:00 AM,0,0,0
01/14/2017 03:00:00 AM,0,0,0
01/14/2017 02:00:00 AM,2,0,2
01/14/2017 01:00:00 AM,3,0,3
01/14/2017 12:00:00 AM,1,0,1
01/13/2017 11:00:00 PM,2,0,2
01/13/2017 10:00:00 PM,3,1,2
01/13/2017 09:00:00 PM,6,5,1
01/13/2017 08:00:00 PM,4,1,3
01/13/2017 07:00:00 PM,13,5,8
01/13/2017 06:00:00 PM,32,12,20
01/13/2017 05:00:00 PM,76,36,40
01/13/2017 04:00:00 PM,64,19,45
01/13/2017 03:00:00 PM,39,12,27
01/13/2017 02:00:00 PM,23,10,13
01/13/2017 01:00:00 PM,27,13,14
01/13/2017 12:00:00 PM,14,6,8
01/13/2017 11:00:00 AM,21,11,10
01/13/2017 10:00:00 AM,17,7,10
01/13/2017 09:00:00 AM,30,18,12
01/13/2017 08:00:00 AM,52,19,33
01/13/2017 07:00:00 AM,29,12,17
01/13/2017 06:00:00 AM,18,8,10
01/13/2017 05:00:00 AM,3,1,2
01/13/2017 04:00:00 AM,2,1,1
01/13/2017 03:00:00 AM,1,1,0
01/13/2017 02:00:00 AM,0,0,0
01/13/2017 01:00:00 AM,0,0,0
01/13/2017 12:00:00 AM,2,1,1
01/12/2017 11:00:00 PM,1,1,0
01/12/2017 10:00:00 PM,4,1,3
01/12/2017 09:00:00 PM,2,1,1
01/12/2017 08:00:00 PM,6,3,3
01/12/2017 07:00:00 PM,17,6,11
01/12/2017 06:00:00 PM,59,17,42
01/12/2017 05:00:00 PM,91,37,54
01/12/2017 04:00:00 PM,62,20,42
01/12/2017 03:00:00 PM,29,10,19
01/12/2017 02:00:00 PM,25,16,9
01/12/2017 01:00:00 PM,23,11,12
01/12/2017 12:00:00 PM,21,12,9
01/12/2017 11:00:00 AM,17,9,8
01/12/2017 10:00:00 AM,16,8,8
01/12/2017 09:00:00 AM,31,18,13
01/12/2017 08:00:00 AM,68,29,39
01/12/2017 07:00:00 AM,39,21,18
01/12/2017 06:00:00 AM,15,7,8
01/12/2017 05:00:00 AM,8,5,3
01/12/2017 04:00:00 AM,1,0,1
01/12/2017 03:00:00 AM,1,0,1
01/12/2017 02:00:00 AM,0,0,0
01/12/2017 01:00:00 AM,0,0,0
01/12/2017 12:00:00 AM,2,1,1
01/11/2017 11:00:00 PM,3,3,0
01/11/2017 10:00:00 PM,2,0,2
01/11/2017 09:00:00 PM,6,3,3
01/11/2017 08:00:00 PM,12,5,7
01/11/2017 07:00:00 PM,11,4,7
01/11/2017 06:00:00 PM,42,14,28
01/11/2017 05:00:00 PM,90,36,54
01/11/2017 04:00:00 PM,47,13,34
01/11/2017 03:00:00 PM,27,13,14
01/11/2017 02:00:00 PM,20,11,9
01/11/2017 01:00:00 PM,13,8,5
01/11/2017 12:00:00 PM,24,10,14
01/11/2017 11:00:00 AM,14,7,7
01/11/2017 10:00:00 AM,23,15,8
01/11/2017 09:00:00 AM,41,18,23
01/11/2017 08:00:00 AM,57,27,30
01/11/2017 07:00:00 AM,32,11,21
01/11/2017 06:00:00 AM,15,10,5
01/11/2017 05:00:00 AM,9,5,4
01/11/2017 04:00:00 AM,2,1,1
01/11/2017 03:00:00 AM,0,0,0
01/11/2017 02:00:00 AM,0,0,0
01/11/2017 01:00:00 AM,0,0,0
01/11/2017 12:00:00 AM,2,2,0
01/10/2017 11:00:00 PM,0,0,0
01/10/2017 10:00:00 PM,3,1,2
01/10/2017 09:00:00 PM,1,1,0
01/10/2017 08:00:00 PM,4,2,2
01/10/2017 07:00:00 PM,11,4,7
01/10/2017 06:00:00 PM,49,22,27
01/10/2017 05:00:00 PM,84,27,57
01/10/2017 04:00:00 PM,51,17,34
01/10/2017 03:00:00 PM,29,11,18
01/10/2017 02:00:00 PM,18,8,10
01/10/2017 01:00:00 PM,14,8,6
01/10/2017 12:00:00 PM,20,10,10
01/10/2017 11:00:00 AM,10,7,3
01/10/2017 10:00:00 AM,15,9,6
01/10/2017 09:00:00 AM,39,22,17
01/10/2017 08:00:00 AM,55,20,35
01/10/2017 07:00:00 AM,43,25,18
01/10/2017 06:00:00 AM,17,8,9
01/10/2017 05:00:00 AM,8,3,5
01/10/2017 04:00:00 AM,1,1,0
01/10/2017 03:00:00 AM,1,1,0
01/10/2017 02:00:00 AM,1,1,0
01/10/2017 01:00:00 AM,0,0,0
01/10/2017 12:00:00 AM,1,1,0
01/09/2017 11:00:00 PM,1,0,1
01/09/2017 10:00:00 PM,1,0,1
01/09/2017 09:00:00 PM,4,1,3
01/09/2017 08:00:00 PM,3,1,2
01/09/2017 07:00:00 PM,11,5,6
01/09/2017 06:00:00 PM,47,18,29
01/09/2017 05:00:00 PM,111,42,69
01/09/2017 04:00:00 PM,57,15,42
01/09/2017 03:00:00 PM,30,12,18
01/09/2017 02:00:00 PM,25,12,13
01/09/2017 01:00:00 PM,13,8,5
01/09/2017 12:00:00 PM,14,6,8
01/09/2017 11:00:00 AM,14,8,6
01/09/2017 10:00:00 AM,17,13,4
01/09/2017 09:00:00 AM,58,30,28
01/09/2017 08:00:00 AM,71,30,41
01/09/2017 07:00:00 AM,30,12,18
01/09/2017 06:00:00 AM,16,9,7
01/09/2017 05:00:00 AM,9,3,6
01/09/2017 04:00:00 AM,0,0,0
01/09/2017 03:00:00 AM,0,0,0
01/09/2017 02:00:00 AM,0,0,0
01/09/2017 01:00:00 AM,1,1,0
01/09/2017 12:00:00 AM,0,0,0
01/08/2017 11:00:00 PM,0,0,0
01/08/2017 10:00:00 PM,1,0,1
01/08/2017 09:00:00 PM,0,0,0
01/08/2017 08:00:00 PM,0,0,0
01/08/2017 07:00:00 PM,0,0,0
01/08/2017 06:00:00 PM,2,2,0
01/08/2017 05:00:00 PM,1,1,0
01/08/2017 04:00:00 PM,2,1,1
01/08/2017 03:00:00 PM,2,1,1
01/08/2017 02:00:00 PM,3,0,3
01/08/2017 01:00:00 PM,4,3,1
01/08/2017 12:00:00 PM,2,1,1
01/08/2017 11:00:00 AM,5,4,1
01/08/2017 10:00:00 AM,2,1,1
01/08/2017 09:00:00 AM,4,1,3
01/08/2017 08:00:00 AM,0,0,0
01/08/2017 07:00:00 AM,1,0,1
01/08/2017 06:00:00 AM,0,0,0
01/08/2017 05:00:00 AM,0,0,0
01/08/2017 04:00:00 AM,0,0,0
01/08/2017 03:00:00 AM,0,0,0
01/08/2017 02:00:00 AM,1,0,1
01/08/2017 01:00:00 AM,0,0,0
01/08/2017 12:00:00 AM,0,0,0
01/07/2017 11:00:00 PM,4,1,3
01/07/2017 10:00:00 PM,2,2,0
01/07/2017 09:00:00 PM,12,7,5
01/07/2017 08:00:00 PM,8,5,3
01/07/2017 07:00:00 PM,4,1,3
01/07/2017 06:00:00 PM,7,2,5
01/07/2017 05:00:00 PM,17,7,10
01/07/2017 04:00:00 PM,16,5,11
01/07/2017 03:00:00 PM,19,9,10
01/07/2017 02:00:00 PM,16,4,12
01/07/2017 01:00:00 PM,10,6,4
01/07/2017 12:00:00 PM,9,3,6
01/07/2017 11:00:00 AM,5,3,2
01/07/2017 10:00:00 AM,7,6,1
01/07/2017 09:00:00 AM,2,1,1
01/07/2017 08:00:00 AM,2,2,0
01/07/2017 07:00:00 AM,2,1,1
01/07/2017 06:00:00 AM,2,0,2
01/07/2017 05:00:00 AM,0,0,0
01/07/2017 04:00:00 AM,0,0,0
01/07/2017 03:00:00 AM,0,0,0
01/07/2017 02:00:00 AM,3,2,1
01/07/2017 01:00:00 AM,4,1,3
01/07/2017 12:00:00 AM,2,1,1
01/06/2017 11:00:00 PM,0,0,0
01/06/2017 10:00:00 PM,7,5,2
01/06/2017 09:00:00 PM,1,0,1
01/06/2017 08:00:00 PM,8,2,6
01/06/2017 07:00:00 PM,15,5,10
01/06/2017 06:00:00 PM,36,14,22
01/06/2017 05:00:00 PM,76,29,47
01/06/2017 04:00:00 PM,69,22,47
01/06/2017 03:00:00 PM,27,7,20
01/06/2017 02:00:00 PM,25,13,12
01/06/2017 01:00:00 PM,26,14,12
01/06/2017 12:00:00 PM,25,13,12
01/06/2017 11:00:00 AM,19,11,8
01/06/2017 10:00:00 AM,19,11,8
01/06/2017 09:00:00 AM,38,24,14
01/06/2017 08:00:00 AM,54,20,34
01/06/2017 07:00:00 AM,30,10,20
01/06/2017 06:00:00 AM,13,7,6
01/06/2017 05:00:00 AM,5,2,3
01/06/2017 04:00:00 AM,0,0,0
01/06/2017 03:00:00 AM,2,0,2
01/06/2017 02:00:00 AM,0,0,0
01/06/2017 01:00:00 AM,1,1,0
01/06/2017 12:00:00 AM,3,3,0
01/05/2017 11:00:00 PM,1,0,1
01/05/2017 10:00:00 PM,1,0,1
01/05/2017 09:00:00 PM,5,1,4
01/05/2017 08:00:00 PM,2,1,1
01/05/2017 07:00:00 PM,16,9,7
01/05/2017 06:00:00 PM,44,14,30
01/05/2017 05:00:00 PM,99,30,69
01/05/2017 04:00:00 PM,64,29,35
01/05/2017 03:00:00 PM,29,12,17
01/05/2017 02:00:00 PM,19,8,11
01/05/2017 01:00:00 PM,18,13,5
01/05/2017 12:00:00 PM,16,11,5
01/05/2017 11:00:00 AM,25,16,9
01/05/2017 10:00:00 AM,17,7,10
01/05/2017 09:00:00 AM,41,21,20
01/05/2017 08:00:00 AM,45,18,27
01/05/2017 07:00:00 AM,31,14,17
01/05/2017 06:00:00 AM,16,9,7
01/05/2017 05:00:00 AM,8,5,3
01/05/2017 04:00:00 AM,0,0,0
01/05/2017 03:00:00 AM,5,2,3
01/05/2017 02:00:00 AM,0,0,0
01/05/2017 01:00:00 AM,0,0,0
01/05/2017 12:00:00 AM,1,1,0
01/04/2017 11:00:00 PM,3,1,2
01/04/2017 10:00:00 PM,2,2,0
01/04/2017 09:00:00 PM,1,0,1
01/04/2017 08:00:00 PM,5,4,1
01/04/2017 07:00:00 PM,11,1,10
01/04/2017 06:00:00 PM,38,14,24
01/04/2017 05:00:00 PM,86,30,56
01/04/2017 04:00:00 PM,64,18,46
01/04/2017 03:00:00 PM,22,8,14
01/04/2017 02:00:00 PM,26,8,18
01/04/2017 01:00:00 PM,22,16,6
01/04/2017 12:00:00 PM,15,8,7
01/04/2017 11:00:00 AM,15,6,9
01/04/2017 10:00:00 AM,15,11,4
01/04/2017 09:00:00 AM,28,18,10
01/04/2017 08:00:00 AM,55,20,35
01/04/2017 07:00:00 AM,34,17,17
01/04/2017 06:00:00 AM,12,6,6
01/04/2017 05:00:00 AM,8,5,3
01/04/2017 04:00:00 AM,0,0,0
01/04/2017 03:00:00 AM,0,0,0
01/04/2017 02:00:00 AM,0,0,0
01/04/2017 01:00:00 AM,1,0,1
01/04/2017 12:00:00 AM,0,0,0
01/03/2017 11:00:00 PM,3,1,2
01/03/2017 10:00:00 PM,4,3,1
01/03/2017 09:00:00 PM,0,0,0
01/03/2017 08:00:00 PM,5,3,2
01/03/2017 07:00:00 PM,13,5,8
01/03/2017 06:00:00 PM,53,24,29
01/03/2017 05:00:00 PM,88,25,63
01/03/2017 04:00:00 PM,59,21,38
01/03/2017 03:00:00 PM,29,10,19
01/03/2017 02:00:00 PM,17,9,8
01/03/2017 01:00:00 PM,13,8,5
01/03/2017 12:00:00 PM,14,7,7
01/03/2017 11:00:00 AM,9,3,6
01/03/2017 10:00:00 AM,12,10,2
01/03/2017 09:00:00 AM,35,17,18
01/03/2017 08:00:00 AM,53,26,27
01/03/2017 07:00:00 AM,41,17,24
01/03/2017 06:00:00 AM,15,6,9
01/03/2017 05:00:00 AM,10,4,6
01/03/2017 04:00:00 AM,4,2,2
01/03/2017 03:00:00 AM,0,0,0
01/03/2017 02:00:00 AM,0,0,0
01/03/2017 01:00:00 AM,0,0,0
01/03/2017 12:00:00 AM,0,0,0
01/02/2017 11:00:00 PM,0,0,0
01/02/2017 10:00:00 PM,2,1,1
01/02/2017 09:00:00 PM,1,1,0
01/02/2017 08:00:00 PM,1,1,0
01/02/2017 07:00:00 PM,4,2,2
01/02/2017 06:00:00 PM,7,4,3
01/02/2017 05:00:00 PM,10,3,7
01/02/2017 04:00:00 PM,11,2,9
01/02/2017 03:00:00 PM,14,7,7
01/02/2017 02:00:00 PM,13,8,5
01/02/2017 01:00:00 PM,12,5,7
01/02/2017 12:00:00 PM,13,6,7
01/02/2017 11:00:00 AM,6,2,4
01/02/2017 10:00:00 AM,8,4,4
01/02/2017 09:00:00 AM,7,5,2
01/02/2017 08:00:00 AM,2,2,0
01/02/2017 07:00:00 AM,2,1,1
01/02/2017 06:00:00 AM,2,0,2
01/02/2017 05:00:00 AM,0,0,0
01/02/2017 04:00:00 AM,1,1,0
01/02/2017 03:00:00 AM,0,0,0
01/02/2017 02:00:00 AM,0,0,0
01/02/2017 01:00:00 AM,0,0,0
01/02/2017 12:00:00 AM,1,1,0
01/01/2017 11:00:00 PM,0,0,0
01/01/2017 10:00:00 PM,0,0,0
01/01/2017 09:00:00 PM,2,0,2
01/01/2017 08:00:00 PM,1,0,1
01/01/2017 07:00:00 PM,0,0,0
01/01/2017 06:00:00 PM,6,2,4
01/01/2017 05:00:00 PM,4,1,3
01/01/2017 04:00:00 PM,3,1,2
01/01/2017 03:00:00 PM,6,3,3
01/01/2017 02:00:00 PM,6,4,2
01/01/2017 01:00:00 PM,0,0,0
01/01/2017 12:00:00 PM,3,2,1
01/01/2017 11:00:00 AM,5,3,2
01/01/2017 10:00:00 AM,4,2,2
01/01/2017 09:00:00 AM,0,0,0
01/01/2017 08:00:00 AM,1,1,0
01/01/2017 07:00:00 AM,1,1,0
01/01/2017 06:00:00 AM,0,0,0
01/01/2017 05:00:00 AM,0,0,0
01/01/2017 04:00:00 AM,1,1,0
01/01/2017 03:00:00 AM,2,1,1
01/01/2017 02:00:00 AM,1,1,0
01/01/2017 01:00:00 AM,3,1,2
01/01/2017 12:00:00 AM,1,0,1
12/31/2016 11:00:00 PM,3,2,1
12/31/2016 10:00:00 PM,2,1,1
12/31/2016 09:00:00 PM,1,0,1
12/31/2016 08:00:00 PM,2,2,0
12/31/2016 07:00:00 PM,2,1,1
12/31/2016 06:00:00 PM,2,1,1
12/31/2016 05:00:00 PM,6,2,4
12/31/2016 04:00:00 PM,2,0,2
12/31/2016 03:00:00 PM,6,3,3
12/31/2016 02:00:00 PM,8,4,4
12/31/2016 01:00:00 PM,12,6,6
12/31/2016 12:00:00 PM,15,7,8
12/31/2016 11:00:00 AM,6,2,4
12/31/2016 10:00:00 AM,6,2,4
12/31/2016 09:00:00 AM,4,2,2
12/31/2016 08:00:00 AM,4,2,2
12/31/2016 07:00:00 AM,0,0,0
12/31/2016 06:00:00 AM,5,1,4
12/31/2016 05:00:00 AM,1,1,0
12/31/2016 04:00:00 AM,0,0,0
12/31/2016 03:00:00 AM,0,0,0
12/31/2016 02:00:00 AM,0,0,0
12/31/2016 01:00:00 AM,1,1,0
12/31/2016 12:00:00 AM,3,0,3
12/30/2016 11:00:00 PM,2,1,1
12/30/2016 10:00:00 PM,2,1,1
12/30/2016 09:00:00 PM,2,0,2
12/30/2016 08:00:00 PM,4,4,0
12/30/2016 07:00:00 PM,7,2,5
12/30/2016 06:00:00 PM,23,10,13
12/30/2016 05:00:00 PM,18,8,10
12/30/2016 04:00:00 PM,30,8,22
12/30/2016 03:00:00 PM,31,16,15
12/30/2016 02:00:00 PM,21,11,10
12/30/2016 01:00:00 PM,14,7,7
12/30/2016 12:00:00 PM,16,11,5
12/30/2016 11:00:00 AM,10,1,9
12/30/2016 10:00:00 AM,6,3,3
12/30/2016 09:00:00 AM,15,8,7
12/30/2016 08:00:00 AM,22,8,14
12/30/2016 07:00:00 AM,13,6,7
12/30/2016 06:00:00 AM,10,5,5
12/30/2016 05:00:00 AM,1,0,1
12/30/2016 04:00:00 AM,1,0,1
12/30/2016 03:00:00 AM,0,0,0
12/30/2016 02:00:00 AM,0,0,0
12/30/2016 01:00:00 AM,2,2,0
12/30/2016 12:00:00 AM,1,0,1
12/29/2016 11:00:00 PM,2,1,1
12/29/2016 10:00:00 PM,1,0,1
12/29/2016 09:00:00 PM,2,1,1
12/29/2016 08:00:00 PM,3,2,1
12/29/2016 07:00:00 PM,8,4,4
12/29/2016 06:00:00 PM,11,7,4
12/29/2016 05:00:00 PM,48,23,25
12/29/2016 04:00:00 PM,40,10,30
12/29/2016 03:00:00 PM,16,3,13
12/29/2016 02:00:00 PM,12,6,6
12/29/2016 01:00:00 PM,18,7,11
12/29/2016 12:00:00 PM,20,12,8
12/29/2016 11:00:00 AM,7,3,4
12/29/2016 10:00:00 AM,17,8,9
12/29/2016 09:00:00 AM,22,13,9
12/29/2016 08:00:00 AM,40,11,29
12/29/2016 07:00:00 AM,19,9,10
12/29/2016 06:00:00 AM,12,8,4
12/29/2016 05:00:00 AM,1,0,1
12/29/2016 04:00:00 AM,0,0,0
12/29/2016 03:00:00 AM,0,0,0
12/29/2016 02:00:00 AM,0,0,0
12/29/2016 01:00:00 AM,0,0,0
12/29/2016 12:00:00 AM,0,0,0
12/28/2016 11:00:00 PM,3,1,2
12/28/2016 10:00:00 PM,1,1,0
12/28/2016 09:00:00 PM,5,4,1
12/28/2016 08:00:00 PM,3,0,3
12/28/2016 07:00:00 PM,11,6,5
12/28/2016 06:00:00 PM,32,7,25
12/28/2016 05:00:00 PM,61,20,41
12/28/2016 04:00:00 PM,43,15,28
12/28/2016 03:00:00 PM,27,9,18
12/28/2016 02:00:00 PM,18,7,11
12/28/2016 01:00:00 PM,26,15,11
12/28/2016 12:00:00 PM,16,9,7
12/28/2016 11:00:00 AM,19,12,7
12/28/2016 10:00:00 AM,9,3,6
12/28/2016 09:00:00 AM,31,17,14
12/28/2016 08:00:00 AM,32,14,18
12/28/2016 07:00:00 AM,25,14,11
12/28/2016 06:00:00 AM,5,4,1
12/28/2016 05:00:00 AM,4,0,4
12/28/2016 04:00:00 AM,1,0,1
12/28/2016 03:00:00 AM,1,0,1
12/28/2016 02:00:00 AM,0,0,0
12/28/2016 01:00:00 AM,0,0,0
12/28/2016 12:00:00 AM,2,2,0
12/27/2016 11:00:00 PM,3,1,2
12/27/2016 10:00:00 PM,1,0,1
12/27/2016 09:00:00 PM,3,0,3
12/27/2016 08:00:00 PM,1,0,1
12/27/2016 07:00:00 PM,8,6,2
12/27/2016 06:00:00 PM,18,7,11
12/27/2016 05:00:00 PM,45,17,28
12/27/2016 04:00:00 PM,42,14,28
12/27/2016 03:00:00 PM,21,11,10
12/27/2016 02:00:00 PM,14,3,11
12/27/2016 01:00:00 PM,13,8,5
12/27/2016 12:00:00 PM,11,4,7
12/27/2016 11:00:00 AM,14,5,9
12/27/2016 10:00:00 AM,17,10,7
12/27/2016 09:00:00 AM,21,17,4
12/27/2016 08:00:00 AM,29,12,17
12/27/2016 07:00:00 AM,23,12,11
12/27/2016 06:00:00 AM,5,4,1
12/27/2016 05:00:00 AM,4,1,3
12/27/2016 04:00:00 AM,2,1,1
12/27/2016 03:00:00 AM,0,0,0
12/27/2016 02:00:00 AM,0,0,0
12/27/2016 01:00:00 AM,1,0,1
12/27/2016 12:00:00 AM,0,0,0
12/26/2016 11:00:00 PM,1,1,0
12/26/2016 10:00:00 PM,0,0,0
12/26/2016 09:00:00 PM,1,0,1
12/26/2016 08:00:00 PM,1,0,1
12/26/2016 07:00:00 PM,1,1,0
12/26/2016 06:00:00 PM,5,1,4
12/26/2016 05:00:00 PM,4,1,3
12/26/2016 04:00:00 PM,4,2,2
12/26/2016 03:00:00 PM,5,2,3
12/26/2016 02:00:00 PM,3,1,2
12/26/2016 01:00:00 PM,7,4,3
12/26/2016 12:00:00 PM,4,2,2
12/26/2016 11:00:00 AM,7,4,3
12/26/2016 10:00:00 AM,5,2,3
12/26/2016 09:00:00 AM,5,2,3
12/26/2016 08:00:00 AM,6,2,4
12/26/2016 07:00:00 AM,6,3,3
12/26/2016 06:00:00 AM,0,0,0
12/26/2016 05:00:00 AM,1,1,0
12/26/2016 04:00:00 AM,0,0,0
12/26/2016 03:00:00 AM,0,0,0
12/26/2016 02:00:00 AM,0,0,0
12/26/2016 01:00:00 AM,0,0,0
12/26/2016 12:00:00 AM,0,0,0
12/25/2016 11:00:00 PM,0,0,0
12/25/2016 10:00:00 PM,0,0,0
12/25/2016 09:00:00 PM,1,0,1
12/25/2016 08:00:00 PM,1,1,0
12/25/2016 07:00:00 PM,1,1,0
12/25/2016 06:00:00 PM,0,0,0
12/25/2016 05:00:00 PM,1,1,0
12/25/2016 04:00:00 PM,3,2,1
12/25/2016 03:00:00 PM,3,0,3
12/25/2016 02:00:00 PM,4,2,2
12/25/2016 01:00:00 PM,5,2,3
12/25/2016 12:00:00 PM,3,3,0
12/25/2016 11:00:00 AM,4,3,1
12/25/2016 10:00:00 AM,4,1,3
12/25/2016 09:00:00 AM,2,1,1
12/25/2016 08:00:00 AM,0,0,0
12/25/2016 07:00:00 AM,1,0,1
12/25/2016 06:00:00 AM,0,0,0
12/25/2016 05:00:00 AM,0,0,0
12/25/2016 04:00:00 AM,0,0,0
12/25/2016 03:00:00 AM,0,0,0
12/25/2016 02:00:00 AM,0,0,0
12/25/2016 01:00:00 AM,2,2,0
12/25/2016 12:00:00 AM,1,1,0
12/24/2016 11:00:00 PM,2,1,1
12/24/2016 10:00:00 PM,0,0,0
12/24/2016 09:00:00 PM,0,0,0
12/24/2016 08:00:00 PM,3,3,0
12/24/2016 07:00:00 PM,2,2,0
12/24/2016 06:00:00 PM,4,1,3
12/24/2016 05:00:00 PM,9,7,2
12/24/2016 04:00:00 PM,9,3,6
12/24/2016 03:00:00 PM,11,3,8
12/24/2016 02:00:00 PM,13,6,7
12/24/2016 01:00:00 PM,11,5,6
12/24/2016 12:00:00 PM,8,4,4
12/24/2016 11:00:00 AM,7,2,5
12/24/2016 10:00:00 AM,2,1,1
12/24/2016 09:00:00 AM,0,0,0
12/24/2016 08:00:00 AM,3,2,1
12/24/2016 07:00:00 AM,4,0,4
12/24/2016 06:00:00 AM,4,2,2
12/24/2016 05:00:00 AM,0,0,0
12/24/2016 04:00:00 AM,0,0,0
12/24/2016 03:00:00 AM,0,0,0
12/24/2016 02:00:00 AM,0,0,0
12/24/2016 01:00:00 AM,0,0,0
12/24/2016 12:00:00 AM,1,1,0
12/23/2016 11:00:00 PM,4,2,2
12/23/2016 10:00:00 PM,0,0,0
12/23/2016 09:00:00 PM,4,2,2
12/23/2016 08:00:00 PM,2,1,1
12/23/2016 07:00:00 PM,2,1,1
12/23/2016 06:00:00 PM,10,3,7
12/23/2016 05:00:00 PM,14,2,12
12/23/2016 04:00:00 PM,23,6,17
12/23/2016 03:00:00 PM,13,6,7
12/23/2016 02:00:00 PM,15,8,7
12/23/2016 01:00:00 PM,16,9,7
12/23/2016 12:00:00 PM,9,4,5
12/23/2016 11:00:00 AM,3,3,0
12/23/2016 10:00:00 AM,11,5,6
12/23/2016 09:00:00 AM,7,4,3
12/23/2016 08:00:00 AM,15,7,8
12/23/2016 07:00:00 AM,8,4,4
12/23/2016 06:00:00 AM,5,1,4
12/23/2016 05:00:00 AM,3,2,1
12/23/2016 04:00:00 AM,0,0,0
12/23/2016 03:00:00 AM,0,0,0
12/23/2016 02:00:00 AM,0,0,0
12/23/2016 01:00:00 AM,0,0,0
12/23/2016 12:00:00 AM,0,0,0
12/22/2016 11:00:00 PM,5,3,2
12/22/2016 10:00:00 PM,1,1,0
12/22/2016 09:00:00 PM,2,1,1
12/22/2016 08:00:00 PM,6,2,4
12/22/2016 07:00:00 PM,13,7,6
12/22/2016 06:00:00 PM,32,11,21
12/22/2016 05:00:00 PM,51,13,38
12/22/2016 04:00:00 PM,51,17,34
12/22/2016 03:00:00 PM,29,8,21
12/22/2016 02:00:00 PM,24,8,16
12/22/2016 01:00:00 PM,14,7,7
12/22/2016 12:00:00 PM,23,11,12
12/22/2016 11:00:00 AM,20,6,14
12/22/2016 10:00:00 AM,19,9,10
12/22/2016 09:00:00 AM,37,23,14
12/22/2016 08:00:00 AM,36,13,23
12/22/2016 07:00:00 AM,29,18,11
12/22/2016 06:00:00 AM,9,5,4
12/22/2016 05:00:00 AM,4,2,2
12/22/2016 04:00:00 AM,1,0,1
12/22/2016 03:00:00 AM,1,0,1
12/22/2016 02:00:00 AM,1,0,1
12/22/2016 01:00:00 AM,0,0,0
12/22/2016 12:00:00 AM,1,1,0
12/21/2016 11:00:00 PM,2,0,2
12/21/2016 10:00:00 PM,2,0,2
12/21/2016 09:00:00 PM,6,4,2
12/21/2016 08:00:00 PM,5,2,3
12/21/2016 07:00:00 PM,16,4,12
12/21/2016 06:00:00 PM,48,18,30
12/21/2016 05:00:00 PM,87,31,56
12/21/2016 04:00:00 PM,71,26,45
12/21/2016 03:00:00 PM,43,14,29
12/21/2016 02:00:00 PM,29,11,18
12/21/2016 01:00:00 PM,17,10,7
12/21/2016 12:00:00 PM,25,15,10
12/21/2016 11:00:00 AM,30,12,18
12/21/2016 10:00:00 AM,14,6,8
12/21/2016 09:00:00 AM,37,19,18
12/21/2016 08:00:00 AM,57,25,32
12/21/2016 07:00:00 AM,27,11,16
12/21/2016 06:00:00 AM,13,5,8
12/21/2016 05:00:00 AM,6,4,2
12/21/2016 04:00:00 AM,1,0,1
12/21/2016 03:00:00 AM,0,0,0
12/21/2016 02:00:00 AM,0,0,0
12/21/2016 01:00:00 AM,0,0,0
12/21/2016 12:00:00 AM,1,1,0
12/20/2016 11:00:00 PM,0,0,0
12/20/2016 10:00:00 PM,2,1,1
12/20/2016 09:00:00 PM,3,1,2
12/20/2016 08:00:00 PM,8,2,6
12/20/2016 07:00:00 PM,14,5,9
12/20/2016 06:00:00 PM,54,24,30
12/20/2016 05:00:00 PM,91,31,60
12/20/2016 04:00:00 PM,80,24,56
12/20/2016 03:00:00 PM,35,13,22
12/20/2016 02:00:00 PM,20,7,13
12/20/2016 01:00:00 PM,20,11,9
12/20/2016 12:00:00 PM,20,10,10
12/20/2016 11:00:00 AM,15,4,11
12/20/2016 10:00:00 AM,27,12,15
12/20/2016 09:00:00 AM,43,24,19
12/20/2016 08:00:00 AM,54,18,36
12/20/2016 07:00:00 AM,36,18,18
12/20/2016 06:00:00 AM,19,12,7
12/20/2016 05:00:00 AM,7,3,4
12/20/2016 04:00:00 AM,3,1,2
12/20/2016 03:00:00 AM,3,2,1
12/20/2016 02:00:00 AM,0,0,0
12/20/2016 01:00:00 AM,1,0,1
12/20/2016 12:00:00 AM,1,0,1
12/19/2016 11:00:00 PM,0,0,0
12/19/2016 10:00:00 PM,1,1,0
12/19/2016 09:00:00 PM,2,0,2
12/19/2016 08:00:00 PM,1,0,1
12/19/2016 07:00:00 PM,14,7,7
12/19/2016 06:00:00 PM,51,20,31
12/19/2016 05:00:00 PM,97,30,67
12/19/2016 04:00:00 PM,44,15,29
12/19/2016 03:00:00 PM,25,13,12
12/19/2016 02:00:00 PM,13,5,8
12/19/2016 01:00:00 PM,18,9,9
12/19/2016 12:00:00 PM,16,10,6
12/19/2016 11:00:00 AM,7,3,4
12/19/2016 10:00:00 AM,14,7,7
12/19/2016 09:00:00 AM,41,19,22
12/19/2016 08:00:00 AM,49,22,27
12/19/2016 07:00:00 AM,34,20,14
12/19/2016 06:00:00 AM,11,6,5
12/19/2016 05:00:00 AM,4,2,2
12/19/2016 04:00:00 AM,1,0,1
12/19/2016 03:00:00 AM,0,0,0
12/19/2016 02:00:00 AM,2,2,0
12/19/2016 01:00:00 AM,0,0,0
12/19/2016 12:00:00 AM,1,0,1
12/18/2016 11:00:00 PM,0,0,0
12/18/2016 10:00:00 PM,5,2,3
12/18/2016 09:00:00 PM,1,0,1
12/18/2016 08:00:00 PM,1,0,1
12/18/2016 07:00:00 PM,1,1,0
12/18/2016 06:00:00 PM,8,3,5
12/18/2016 05:00:00 PM,7,2,5
12/18/2016 04:00:00 PM,6,4,2
12/18/2016 03:00:00 PM,6,2,4
12/18/2016 02:00:00 PM,9,4,5
12/18/2016 01:00:00 PM,9,5,4
12/18/2016 12:00:00 PM,8,4,4
12/18/2016 11:00:00 AM,4,3,1
12/18/2016 10:00:00 AM,2,2,0
12/18/2016 09:00:00 AM,1,1,0
12/18/2016 08:00:00 AM,4,3,1
12/18/2016 07:00:00 AM,1,0,1
12/18/2016 06:00:00 AM,1,1,0
12/18/2016 05:00:00 AM,0,0,0
12/18/2016 04:00:00 AM,1,1,0
12/18/2016 03:00:00 AM,1,1,0
12/18/2016 02:00:00 AM,1,1,0
12/18/2016 01:00:00 AM,1,0,1
12/18/2016 12:00:00 AM,3,1,2
12/17/2016 11:00:00 PM,0,0,0
12/17/2016 10:00:00 PM,3,0,3
12/17/2016 09:00:00 PM,0,0,0
12/17/2016 08:00:00 PM,5,1,4
12/17/2016 07:00:00 PM,5,2,3
12/17/2016 06:00:00 PM,7,0,7
12/17/2016 05:00:00 PM,11,7,4
12/17/2016 04:00:00 PM,9,3,6
12/17/2016 03:00:00 PM,10,4,6
12/17/2016 02:00:00 PM,9,2,7
12/17/2016 01:00:00 PM,14,5,9
12/17/2016 12:00:00 PM,13,7,6
12/17/2016 11:00:00 AM,5,2,3
12/17/2016 10:00:00 AM,7,4,3
12/17/2016 09:00:00 AM,4,2,2
12/17/2016 08:00:00 AM,3,3,0
12/17/2016 07:00:00 AM,2,0,2
12/17/2016 06:00:00 AM,3,1,2
12/17/2016 05:00:00 AM,1,0,1
12/17/2016 04:00:00 AM,0,0,0
12/17/2016 03:00:00 AM,0,0,0
12/17/2016 02:00:00 AM,0,0,0
12/17/2016 01:00:00 AM,1,1,0
12/17/2016 12:00:00 AM,2,1,1
12/16/2016 11:00:00 PM,4,1,3
12/16/2016 10:00:00 PM,2,1,1
12/16/2016 09:00:00 PM,4,2,2
12/16/2016 08:00:00 PM,5,2,3
12/16/2016 07:00:00 PM,12,5,7
12/16/2016 06:00:00 PM,47,15,32
12/16/2016 05:00:00 PM,76,25,51
12/16/2016 04:00:00 PM,53,18,35
12/16/2016 03:00:00 PM,37,14,23
12/16/2016 02:00:00 PM,19,9,10
12/16/2016 01:00:00 PM,24,14,10
12/16/2016 12:00:00 PM,19,11,8
12/16/2016 11:00:00 AM,18,9,9
12/16/2016 10:00:00 AM,11,6,5
12/16/2016 09:00:00 AM,33,21,12
12/16/2016 08:00:00 AM,47,19,28
12/16/2016 07:00:00 AM,27,18,9
12/16/2016 06:00:00 AM,14,6,8
12/16/2016 05:00:00 AM,3,2,1
12/16/2016 04:00:00 AM,1,0,1
12/16/2016 03:00:00 AM,1,1,0
12/16/2016 02:00:00 AM,0,0,0
12/16/2016 01:00:00 AM,0,0,0
12/16/2016 12:00:00 AM,3,2,1
12/15/2016 11:00:00 PM,5,1,4
12/15/2016 10:00:00 PM,7,3,4
12/15/2016 09:00:00 PM,8,4,4
12/15/2016 08:00:00 PM,13,7,6
12/15/2016 07:00:00 PM,19,8,11
12/15/2016 06:00:00 PM,52,19,33
12/15/2016 05:00:00 PM,86,33,53
12/15/2016 04:00:00 PM,81,19,62
12/15/2016 03:00:00 PM,41,21,20
12/15/2016 02:00:00 PM,21,11,10
12/15/2016 01:00:00 PM,22,10,12
12/15/2016 12:00:00 PM,23,9,14
12/15/2016 11:00:00 AM,25,15,10
12/15/2016 10:00:00 AM,15,10,5
12/15/2016 09:00:00 AM,37,22,15
12/15/2016 08:00:00 AM,72,36,36
12/15/2016 07:00:00 AM,37,15,22
12/15/2016 06:00:00 AM,16,10,6
12/15/2016 05:00:00 AM,7,3,4
12/15/2016 04:00:00 AM,1,0,1
12/15/2016 03:00:00 AM,0,0,0
12/15/2016 02:00:00 AM,1,1,0
12/15/2016 01:00:00 AM,0,0,0
12/15/2016 12:00:00 AM,0,0,0
12/14/2016 11:00:00 PM,4,4,0
12/14/2016 10:00:00 PM,3,2,1
12/14/2016 09:00:00 PM,5,2,3
12/14/2016 08:00:00 PM,12,2,10
12/14/2016 07:00:00 PM,11,3,8
12/14/2016 06:00:00 PM,61,19,42
12/14/2016 05:00:00 PM,98,30,68
12/14/2016 04:00:00 PM,69,15,54
12/14/2016 03:00:00 PM,32,13,19
12/14/2016 02:00:00 PM,28,10,18
12/14/2016 01:00:00 PM,35,20,15
12/14/2016 12:00:00 PM,33,16,17
12/14/2016 11:00:00 AM,22,11,11
12/14/2016 10:00:00 AM,22,10,12
12/14/2016 09:00:00 AM,48,20,28
12/14/2016 08:00:00 AM,66,31,35
12/14/2016 07:00:00 AM,29,15,14
12/14/2016 06:00:00 AM,11,7,4
12/14/2016 05:00:00 AM,12,9,3
12/14/2016 04:00:00 AM,1,0,1
12/14/2016 03:00:00 AM,1,1,0
12/14/2016 02:00:00 AM,1,1,0
12/14/2016 01:00:00 AM,0,0,0
12/14/2016 12:00:00 AM,3,2,1
12/13/2016 11:00:00 PM,1,1,0
12/13/2016 10:00:00 PM,2,1,1
12/13/2016 09:00:00 PM,2,0,2
12/13/2016 08:00:00 PM,12,4,8
12/13/2016 07:00:00 PM,28,11,17
12/13/2016 06:00:00 PM,47,19,28
12/13/2016 05:00:00 PM,110,35,75
12/13/2016 04:00:00 PM,86,25,61
12/13/2016 03:00:00 PM,32,13,19
12/13/2016 02:00:00 PM,25,14,11
12/13/2016 01:00:00 PM,25,12,13
12/13/2016 12:00:00 PM,23,12,11
12/13/2016 11:00:00 AM,20,10,10
12/13/2016 10:00:00 AM,17,9,8
12/13/2016 09:00:00 AM,65,32,33
12/13/2016 08:00:00 AM,84,38,46
12/13/2016 07:00:00 AM,50,24,26
12/13/2016 06:00:00 AM,21,11,10
12/13/2016 05:00:00 AM,5,2,3
12/13/2016 04:00:00 AM,2,1,1
12/13/2016 03:00:00 AM,3,3,0
12/13/2016 02:00:00 AM,0,0,0
12/13/2016 01:00:00 AM,0,0,0
12/13/2016 12:00:00 AM,0,0,0
12/12/2016 11:00:00 PM,3,2,1
12/12/2016 10:00:00 PM,5,3,2
12/12/2016 09:00:00 PM,8,4,4
12/12/2016 08:00:00 PM,2,1,1
12/12/2016 07:00:00 PM,19,8,11
12/12/2016 06:00:00 PM,43,16,27
12/12/2016 05:00:00 PM,101,30,71
12/12/2016 04:00:00 PM,75,20,55
12/12/2016 03:00:00 PM,34,14,20
12/12/2016 02:00:00 PM,19,10,9
12/12/2016 01:00:00 PM,25,16,9
12/12/2016 12:00:00 PM,12,6,6
12/12/2016 11:00:00 AM,11,5,6
12/12/2016 10:00:00 AM,19,9,10
12/12/2016 09:00:00 AM,50,31,19
12/12/2016 08:00:00 AM,74,27,47
12/12/2016 07:00:00 AM,43,26,17
12/12/2016 06:00:00 AM,17,9,8
12/12/2016 05:00:00 AM,6,3,3
12/12/2016 04:00:00 AM,1,0,1
12/12/2016 03:00:00 AM,0,0,0
12/12/2016 02:00:00 AM,0,0,0
12/12/2016 01:00:00 AM,0,0,0
12/12/2016 12:00:00 AM,1,1,0
12/11/2016 11:00:00 PM,1,0,1
12/11/2016 10:00:00 PM,1,1,0
12/11/2016 09:00:00 PM,0,0,0
12/11/2016 08:00:00 PM,2,1,1
12/11/2016 07:00:00 PM,2,0,2
12/11/2016 06:00:00 PM,9,4,5
12/11/2016 05:00:00 PM,3,0,3
12/11/2016 04:00:00 PM,5,2,3
12/11/2016 03:00:00 PM,4,1,3
12/11/2016 02:00:00 PM,3,1,2
12/11/2016 01:00:00 PM,9,6,3
12/11/2016 12:00:00 PM,6,0,6
12/11/2016 11:00:00 AM,5,3,2
12/11/2016 10:00:00 AM,1,1,0
12/11/2016 09:00:00 AM,4,2,2
12/11/2016 08:00:00 AM,4,3,1
12/11/2016 07:00:00 AM,1,1,0
12/11/2016 06:00:00 AM,0,0,0
12/11/2016 05:00:00 AM,0,0,0
12/11/2016 04:00:00 AM,0,0,0
12/11/2016 03:00:00 AM,0,0,0
12/11/2016 02:00:00 AM,1,0,1
12/11/2016 01:00:00 AM,2,2,0
12/11/2016 12:00:00 AM,5,3,2
12/10/2016 11:00:00 PM,1,1,0
12/10/2016 10:00:00 PM,6,4,2
12/10/2016 09:00:00 PM,2,1,1
12/10/2016 08:00:00 PM,3,1,2
12/10/2016 07:00:00 PM,4,3,1
12/10/2016 06:00:00 PM,5,1,4
12/10/2016 05:00:00 PM,7,2,5
12/10/2016 04:00:00 PM,7,3,4
12/10/2016 03:00:00 PM,8,5,3
12/10/2016 02:00:00 PM,3,2,1
12/10/2016 01:00:00 PM,12,7,5
12/10/2016 12:00:00 PM,4,3,1
12/10/2016 11:00:00 AM,8,3,5
12/10/2016 10:00:00 AM,2,2,0
12/10/2016 09:00:00 AM,10,4,6
12/10/2016 08:00:00 AM,4,2,2
12/10/2016 07:00:00 AM,4,0,4
12/10/2016 06:00:00 AM,0,0,0
12/10/2016 05:00:00 AM,1,0,1
12/10/2016 04:00:00 AM,1,0,1
12/10/2016 03:00:00 AM,0,0,0
12/10/2016 02:00:00 AM,1,1,0
12/10/2016 01:00:00 AM,0,0,0
12/10/2016 12:00:00 AM,2,1,1
12/09/2016 11:00:00 PM,2,2,0
12/09/2016 10:00:00 PM,3,2,1
12/09/2016 09:00:00 PM,0,0,0
12/09/2016 08:00:00 PM,5,2,3
12/09/2016 07:00:00 PM,11,3,8
12/09/2016 06:00:00 PM,14,6,8
12/09/2016 05:00:00 PM,20,9,11
12/09/2016 04:00:00 PM,24,11,13
12/09/2016 03:00:00 PM,10,4,6
12/09/2016 02:00:00 PM,13,6,7
12/09/2016 01:00:00 PM,14,10,4
12/09/2016 12:00:00 PM,7,6,1
12/09/2016 11:00:00 AM,17,12,5
12/09/2016 10:00:00 AM,11,7,4
12/09/2016 09:00:00 AM,19,9,10
12/09/2016 08:00:00 AM,6,0,6
12/09/2016 07:00:00 AM,7,3,4
12/09/2016 06:00:00 AM,4,2,2
12/09/2016 05:00:00 AM,3,1,2
12/09/2016 04:00:00 AM,0,0,0
12/09/2016 03:00:00 AM,2,1,1
12/09/2016 02:00:00 AM,0,0,0
12/09/2016 01:00:00 AM,1,0,1
12/09/2016 12:00:00 AM,1,0,1
12/08/2016 11:00:00 PM,1,1,0
12/08/2016 10:00:00 PM,3,1,2
12/08/2016 09:00:00 PM,8,3,5
12/08/2016 08:00:00 PM,4,2,2
12/08/2016 07:00:00 PM,17,5,12
12/08/2016 06:00:00 PM,42,16,26
12/08/2016 05:00:00 PM,90,27,63
12/08/2016 04:00:00 PM,58,22,36
12/08/2016 03:00:00 PM,31,13,18
12/08/2016 02:00:00 PM,26,11,15
12/08/2016 01:00:00 PM,21,7,14
12/08/2016 12:00:00 PM,18,7,11
12/08/2016 11:00:00 AM,22,9,13
12/08/2016 10:00:00 AM,22,13,9
12/08/2016 09:00:00 AM,43,23,20
12/08/2016 08:00:00 AM,49,21,28
12/08/2016 07:00:00 AM,30,18,12
12/08/2016 06:00:00 AM,13,8,5
12/08/2016 05:00:00 AM,9,5,4
12/08/2016 04:00:00 AM,0,0,0
12/08/2016 03:00:00 AM,0,0,0
12/08/2016 02:00:00 AM,0,0,0
12/08/2016 01:00:00 AM,1,1,0
12/08/2016 12:00:00 AM,2,1,1
12/07/2016 11:00:00 PM,1,0,1
12/07/2016 10:00:00 PM,4,2,2
12/07/2016 09:00:00 PM,7,4,3
12/07/2016 08:00:00 PM,11,5,6
12/07/2016 07:00:00 PM,16,7,9
12/07/2016 06:00:00 PM,58,18,40
12/07/2016 05:00:00 PM,86,34,52
12/07/2016 04:00:00 PM,64,24,40
12/07/2016 03:00:00 PM,44,16,28
12/07/2016 02:00:00 PM,25,12,13
12/07/2016 01:00:00 PM,19,10,9
12/07/2016 12:00:00 PM,16,11,5
12/07/2016 11:00:00 AM,28,18,10
12/07/2016 10:00:00 AM,25,10,15
12/07/2016 09:00:00 AM,42,20,22
12/07/2016 08:00:00 AM,62,26,36
12/07/2016 07:00:00 AM,39,21,18
12/07/2016 06:00:00 AM,12,7,5
12/07/2016 05:00:00 AM,7,5,2
12/07/2016 04:00:00 AM,1,0,1
12/07/2016 03:00:00 AM,2,1,1
12/07/2016 02:00:00 AM,0,0,0
12/07/2016 01:00:00 AM,0,0,0
12/07/2016 12:00:00 AM,0,0,0
12/06/2016 11:00:00 PM,1,0,1
12/06/2016 10:00:00 PM,4,2,2
12/06/2016 09:00:00 PM,3,2,1
12/06/2016 08:00:00 PM,11,4,7
12/06/2016 07:00:00 PM,11,5,6
12/06/2016 06:00:00 PM,38,16,22
12/06/2016 05:00:00 PM,103,38,65
12/06/2016 04:00:00 PM,63,26,37
12/06/2016 03:00:00 PM,25,8,17
12/06/2016 02:00:00 PM,35,19,16
12/06/2016 01:00:00 PM,21,8,13
12/06/2016 12:00:00 PM,19,12,7
12/06/2016 11:00:00 AM,25,16,9
12/06/2016 10:00:00 AM,22,13,9
12/06/2016 09:00:00 AM,39,21,18
12/06/2016 08:00:00 AM,57,32,25
12/06/2016 07:00:00 AM,39,16,23
12/06/2016 06:00:00 AM,13,6,7
12/06/2016 05:00:00 AM,5,3,2
12/06/2016 04:00:00 AM,2,1,1
12/06/2016 03:00:00 AM,0,0,0
12/06/2016 02:00:00 AM,0,0,0
12/06/2016 01:00:00 AM,1,0,1
12/06/2016 12:00:00 AM,0,0,0
12/05/2016 11:00:00 PM,0,0,0
12/05/2016 10:00:00 PM,0,0,0
12/05/2016 09:00:00 PM,1,0,1
12/05/2016 08:00:00 PM,3,1,2
12/05/2016 07:00:00 PM,9,2,7
12/05/2016 06:00:00 PM,36,16,20
12/05/2016 05:00:00 PM,77,26,51
12/05/2016 04:00:00 PM,52,18,34
12/05/2016 03:00:00 PM,19,4,15
12/05/2016 02:00:00 PM,10,4,6
12/05/2016 01:00:00 PM,20,12,8
12/05/2016 12:00:00 PM,14,9,5
12/05/2016 11:00:00 AM,8,5,3
12/05/2016 10:00:00 AM,20,12,8
12/05/2016 09:00:00 AM,29,15,14
12/05/2016 08:00:00 AM,41,20,21
12/05/2016 07:00:00 AM,29,16,13
12/05/2016 06:00:00 AM,17,8,9
12/05/2016 05:00:00 AM,8,4,4
12/05/2016 04:00:00 AM,1,0,1
12/05/2016 03:00:00 AM,1,1,0
12/05/2016 02:00:00 AM,0,0,0
12/05/2016 01:00:00 AM,1,1,0
12/05/2016 12:00:00 AM,2,0,2
12/04/2016 11:00:00 PM,2,2,0
12/04/2016 10:00:00 PM,8,4,4
12/04/2016 09:00:00 PM,10,5,5
12/04/2016 08:00:00 PM,5,3,2
12/04/2016 07:00:00 PM,7,2,5
12/04/2016 06:00:00 PM,10,5,5
12/04/2016 05:00:00 PM,13,4,9
12/04/2016 04:00:00 PM,20,7,13
12/04/2016 03:00:00 PM,23,10,13
12/04/2016 02:00:00 PM,21,13,8
12/04/2016 01:00:00 PM,25,9,16
12/04/2016 12:00:00 PM,16,3,13
12/04/2016 11:00:00 AM,12,5,7
12/04/2016 10:00:00 AM,8,5,3
12/04/2016 09:00:00 AM,3,2,1
12/04/2016 08:00:00 AM,7,5,2
12/04/2016 07:00:00 AM,1,1,0
12/04/2016 06:00:00 AM,0,0,0
12/04/2016 05:00:00 AM,1,1,0
12/04/2016 04:00:00 AM,1,1,0
12/04/2016 03:00:00 AM,1,0,1
12/04/2016 02:00:00 AM,3,1,2
12/04/2016 01:00:00 AM,0,0,0
12/04/2016 12:00:00 AM,4,2,2
12/03/2016 11:00:00 PM,0,0,0
12/03/2016 10:00:00 PM,2,0,2
12/03/2016 09:00:00 PM,2,0,2
12/03/2016 08:00:00 PM,5,1,4
12/03/2016 07:00:00 PM,4,1,3
12/03/2016 06:00:00 PM,11,1,10
12/03/2016 05:00:00 PM,6,3,3
12/03/2016 04:00:00 PM,16,7,9
12/03/2016 03:00:00 PM,14,3,11
12/03/2016 02:00:00 PM,16,7,9
12/03/2016 01:00:00 PM,14,4,10
12/03/2016 12:00:00 PM,12,7,5
12/03/2016 11:00:00 AM,10,7,3
12/03/2016 10:00:00 AM,10,6,4
12/03/2016 09:00:00 AM,5,2,3
12/03/2016 08:00:00 AM,5,4,1
12/03/2016 07:00:00 AM,2,1,1
12/03/2016 06:00:00 AM,2,0,2
12/03/2016 05:00:00 AM,1,0,1
12/03/2016 04:00:00 AM,1,0,1
12/03/2016 03:00:00 AM,2,0,2
12/03/2016 02:00:00 AM,0,0,0
12/03/2016 01:00:00 AM,1,0,1
12/03/2016 12:00:00 AM,3,1,2
12/02/2016 11:00:00 PM,3,1,2
12/02/2016 10:00:00 PM,5,0,5
12/02/2016 09:00:00 PM,3,3,0
12/02/2016 08:00:00 PM,6,4,2
12/02/2016 07:00:00 PM,21,11,10
12/02/2016 06:00:00 PM,42,11,31
12/02/2016 05:00:00 PM,81,29,52
12/02/2016 04:00:00 PM,55,18,37
12/02/2016 03:00:00 PM,26,9,17
12/02/2016 02:00:00 PM,27,9,18
12/02/2016 01:00:00 PM,23,11,12
12/02/2016 12:00:00 PM,17,7,10
12/02/2016 11:00:00 AM,13,6,7
12/02/2016 10:00:00 AM,17,8,9
12/02/2016 09:00:00 AM,39,26,13
12/02/2016 08:00:00 AM,56,22,34
12/02/2016 07:00:00 AM,40,21,19
12/02/2016 06:00:00 AM,12,9,3
12/02/2016 05:00:00 AM,6,3,3
12/02/2016 04:00:00 AM,2,0,2
12/02/2016 03:00:00 AM,1,1,0
12/02/2016 02:00:00 AM,0,0,0
12/02/2016 01:00:00 AM,0,0,0
12/02/2016 12:00:00 AM,3,2,1
12/01/2016 11:00:00 PM,4,2,2
12/01/2016 10:00:00 PM,7,4,3
12/01/2016 09:00:00 PM,4,4,0
12/01/2016 08:00:00 PM,12,7,5
12/01/2016 07:00:00 PM,33,18,15
12/01/2016 06:00:00 PM,71,25,46
12/01/2016 05:00:00 PM,124,35,89
12/01/2016 04:00:00 PM,90,33,57
12/01/2016 03:00:00 PM,45,21,24
12/01/2016 02:00:00 PM,22,9,13
12/01/2016 01:00:00 PM,21,11,10
12/01/2016 12:00:00 PM,36,18,18
12/01/2016 11:00:00 AM,20,12,8
12/01/2016 10:00:00 AM,27,12,15
12/01/2016 09:00:00 AM,56,30,26
12/01/2016 08:00:00 AM,92,36,56
12/01/2016 07:00:00 AM,64,30,34
12/01/2016 06:00:00 AM,19,8,11
12/01/2016 05:00:00 AM,7,4,3
12/01/2016 04:00:00 AM,2,0,2
12/01/2016 03:00:00 AM,1,0,1
12/01/2016 02:00:00 AM,0,0,0
12/01/2016 01:00:00 AM,0,0,0
12/01/2016 12:00:00 AM,0,0,0
11/30/2016 11:00:00 PM,3,2,1
11/30/2016 10:00:00 PM,6,2,4
11/30/2016 09:00:00 PM,2,1,1
11/30/2016 08:00:00 PM,11,1,10
11/30/2016 07:00:00 PM,22,8,14
11/30/2016 06:00:00 PM,61,24,37
11/30/2016 05:00:00 PM,109,34,75
11/30/2016 04:00:00 PM,78,26,52
11/30/2016 03:00:00 PM,34,10,24
11/30/2016 02:00:00 PM,31,16,15
11/30/2016 01:00:00 PM,18,12,6
11/30/2016 12:00:00 PM,28,18,10
11/30/2016 11:00:00 AM,22,15,7
11/30/2016 10:00:00 AM,25,14,11
11/30/2016 09:00:00 AM,54,23,31
11/30/2016 08:00:00 AM,86,33,53
11/30/2016 07:00:00 AM,54,32,22
11/30/2016 06:00:00 AM,25,15,10
11/30/2016 05:00:00 AM,7,4,3
11/30/2016 04:00:00 AM,1,0,1
11/30/2016 03:00:00 AM,0,0,0
11/30/2016 02:00:00 AM,0,0,0
11/30/2016 01:00:00 AM,0,0,0
11/30/2016 12:00:00 AM,1,1,0
11/29/2016 11:00:00 PM,2,2,0
11/29/2016 10:00:00 PM,7,3,4
11/29/2016 09:00:00 PM,6,3,3
11/29/2016 08:00:00 PM,6,3,3
11/29/2016 07:00:00 PM,20,8,12
11/29/2016 06:00:00 PM,76,25,51
11/29/2016 05:00:00 PM,160,56,104
11/29/2016 04:00:00 PM,90,32,58
11/29/2016 03:00:00 PM,40,12,28
11/29/2016 02:00:00 PM,31,10,21
11/29/2016 01:00:00 PM,27,12,15
11/29/2016 12:00:00 PM,35,13,22
11/29/2016 11:00:00 AM,26,11,15
11/29/2016 10:00:00 AM,29,11,18
11/29/2016 09:00:00 AM,64,31,33
11/29/2016 08:00:00 AM,97,39,58
11/29/2016 07:00:00 AM,58,29,29
11/29/2016 06:00:00 AM,26,11,15
11/29/2016 05:00:00 AM,8,5,3
11/29/2016 04:00:00 AM,2,1,1
11/29/2016 03:00:00 AM,0,0,0
11/29/2016 02:00:00 AM,0,0,0
11/29/2016 01:00:00 AM,0,0,0
11/29/2016 12:00:00 AM,2,0,2
11/28/2016 11:00:00 PM,4,2,2
11/28/2016 10:00:00 PM,2,0,2
11/28/2016 09:00:00 PM,7,3,4
11/28/2016 08:00:00 PM,11,6,5
11/28/2016 07:00:00 PM,20,9,11
11/28/2016 06:00:00 PM,60,19,41
11/28/2016 05:00:00 PM,134,42,92
11/28/2016 04:00:00 PM,90,30,60
11/28/2016 03:00:00 PM,36,11,25
11/28/2016 02:00:00 PM,29,14,15
11/28/2016 01:00:00 PM,18,9,9
11/28/2016 12:00:00 PM,20,10,10
11/28/2016 11:00:00 AM,15,6,9
11/28/2016 10:00:00 AM,27,12,15
11/28/2016 09:00:00 AM,67,39,28
11/28/2016 08:00:00 AM,77,32,45
11/28/2016 07:00:00 AM,61,28,33
11/28/2016 06:00:00 AM,16,9,7
11/28/2016 05:00:00 AM,10,4,6
11/28/2016 04:00:00 AM,1,0,1
11/28/2016 03:00:00 AM,1,0,1
11/28/2016 02:00:00 AM,0,0,0
11/28/2016 01:00:00 AM,1,1,0
11/28/2016 12:00:00 AM,0,0,0
11/27/2016 11:00:00 PM,1,0,1
11/27/2016 10:00:00 PM,0,0,0
11/27/2016 09:00:00 PM,1,1,0
11/27/2016 08:00:00 PM,6,2,4
11/27/2016 07:00:00 PM,4,2,2
11/27/2016 06:00:00 PM,2,0,2
11/27/2016 05:00:00 PM,7,3,4
11/27/2016 04:00:00 PM,5,2,3
11/27/2016 03:00:00 PM,2,0,2
11/27/2016 02:00:00 PM,2,0,2
11/27/2016 01:00:00 PM,8,3,5
11/27/2016 12:00:00 PM,12,7,5
11/27/2016 11:00:00 AM,3,2,1
11/27/2016 10:00:00 AM,9,7,2
11/27/2016 09:00:00 AM,9,5,4
11/27/2016 08:00:00 AM,6,3,3
11/27/2016 07:00:00 AM,0,0,0
11/27/2016 06:00:00 AM,3,1,2
11/27/2016 05:00:00 AM,0,0,0
11/27/2016 04:00:00 AM,0,0,0
11/27/2016 03:00:00 AM,1,1,0
11/27/2016 02:00:00 AM,0,0,0
11/27/2016 01:00:00 AM,3,2,1
11/27/2016 12:00:00 AM,1,0,1
11/26/2016 11:00:00 PM,2,0,2
11/26/2016 10:00:00 PM,5,3,2
11/26/2016 09:00:00 PM,4,1,3
11/26/2016 08:00:00 PM,1,0,1
11/26/2016 07:00:00 PM,5,2,3
11/26/2016 06:00:00 PM,6,0,6
11/26/2016 05:00:00 PM,7,4,3
11/26/2016 04:00:00 PM,13,10,3
11/26/2016 03:00:00 PM,10,3,7
11/26/2016 02:00:00 PM,9,5,4
11/26/2016 01:00:00 PM,16,7,9
11/26/2016 12:00:00 PM,9,2,7
11/26/2016 11:00:00 AM,0,0,0
11/26/2016 10:00:00 AM,2,2,0
11/26/2016 09:00:00 AM,3,1,2
11/26/2016 08:00:00 AM,3,3,0
11/26/2016 07:00:00 AM,1,0,1
11/26/2016 06:00:00 AM,2,1,1
11/26/2016 05:00:00 AM,0,0,0
11/26/2016 04:00:00 AM,0,0,0
11/26/2016 03:00:00 AM,1,0,1
11/26/2016 02:00:00 AM,1,0,1
11/26/2016 01:00:00 AM,0,0,0
11/26/2016 12:00:00 AM,2,1,1
11/25/2016 11:00:00 PM,1,0,1
11/25/2016 10:00:00 PM,3,2,1
11/25/2016 09:00:00 PM,4,1,3
11/25/2016 08:00:00 PM,4,1,3
11/25/2016 07:00:00 PM,11,5,6
11/25/2016 06:00:00 PM,14,7,7
11/25/2016 05:00:00 PM,19,8,11
11/25/2016 04:00:00 PM,23,8,15
11/25/2016 03:00:00 PM,21,9,12
11/25/2016 02:00:00 PM,28,10,18
11/25/2016 01:00:00 PM,22,12,10
11/25/2016 12:00:00 PM,23,11,12
11/25/2016 11:00:00 AM,9,5,4
11/25/2016 10:00:00 AM,9,5,4
11/25/2016 09:00:00 AM,8,4,4
11/25/2016 08:00:00 AM,12,7,5
11/25/2016 07:00:00 AM,10,7,3
11/25/2016 06:00:00 AM,2,0,2
11/25/2016 05:00:00 AM,1,1,0
11/25/2016 04:00:00 AM,1,0,1
11/25/2016 03:00:00 AM,1,1,0
11/25/2016 02:00:00 AM,0,0,0
11/25/2016 01:00:00 AM,0,0,0
11/25/2016 12:00:00 AM,1,0,1
11/24/2016 11:00:00 PM,2,0,2
11/24/2016 10:00:00 PM,0,0,0
11/24/2016 09:00:00 PM,0,0,0
11/24/2016 08:00:00 PM,0,0,0
11/24/2016 07:00:00 PM,0,0,0
11/24/2016 06:00:00 PM,0,0,0
11/24/2016 05:00:00 PM,0,0,0
11/24/2016 04:00:00 PM,2,1,1
11/24/2016 03:00:00 PM,6,4,2
11/24/2016 02:00:00 PM,3,2,1
11/24/2016 01:00:00 PM,1,1,0
11/24/2016 12:00:00 PM,2,2,0
11/24/2016 11:00:00 AM,0,0,0
11/24/2016 10:00:00 AM,2,1,1
11/24/2016 09:00:00 AM,1,1,0
11/24/2016 08:00:00 AM,2,0,2
11/24/2016 07:00:00 AM,1,1,0
11/24/2016 06:00:00 AM,1,1,0
11/24/2016 05:00:00 AM,0,0,0
11/24/2016 04:00:00 AM,0,0,0
11/24/2016 03:00:00 AM,0,0,0
11/24/2016 02:00:00 AM,1,1,0
11/24/2016 01:00:00 AM,0,0,0
11/24/2016 12:00:00 AM,2,1,1
11/23/2016 11:00:00 PM,6,2,4
11/23/2016 10:00:00 PM,3,2,1
11/23/2016 09:00:00 PM,6,2,4
11/23/2016 08:00:00 PM,7,3,4
11/23/2016 07:00:00 PM,5,3,2
11/23/2016 06:00:00 PM,22,7,15
11/23/2016 05:00:00 PM,69,25,44
11/23/2016 04:00:00 PM,64,18,46
11/23/2016 03:00:00 PM,38,15,23
11/23/2016 02:00:00 PM,31,13,18
11/23/2016 01:00:00 PM,23,9,14
11/23/2016 12:00:00 PM,33,12,21
11/23/2016 11:00:00 AM,18,8,10
11/23/2016 10:00:00 AM,20,7,13
11/23/2016 09:00:00 AM,42,23,19
11/23/2016 08:00:00 AM,58,30,28
11/23/2016 07:00:00 AM,30,17,13
11/23/2016 06:00:00 AM,18,9,9
11/23/2016 05:00:00 AM,1,1,0
11/23/2016 04:00:00 AM,2,1,1
11/23/2016 03:00:00 AM,1,0,1
11/23/2016 02:00:00 AM,0,0,0
11/23/2016 01:00:00 AM,2,1,1
11/23/2016 12:00:00 AM,5,4,1
11/22/2016 11:00:00 PM,0,0,0
11/22/2016 10:00:00 PM,2,2,0
11/22/2016 09:00:00 PM,9,6,3
11/22/2016 08:00:00 PM,5,2,3
11/22/2016 07:00:00 PM,26,8,18
11/22/2016 06:00:00 PM,58,17,41
11/22/2016 05:00:00 PM,108,29,79
11/22/2016 04:00:00 PM,74,13,61
11/22/2016 03:00:00 PM,32,13,19
11/22/2016 02:00:00 PM,23,8,15
11/22/2016 01:00:00 PM,24,12,12
11/22/2016 12:00:00 PM,22,8,14
11/22/2016 11:00:00 AM,25,17,8
11/22/2016 10:00:00 AM,20,9,11
11/22/2016 09:00:00 AM,47,25,22
11/22/2016 08:00:00 AM,70,28,42
11/22/2016 07:00:00 AM,45,25,20
11/22/2016 06:00:00 AM,15,9,6
11/22/2016 05:00:00 AM,6,6,0
11/22/2016 04:00:00 AM,2,1,1
11/22/2016 03:00:00 AM,0,0,0
11/22/2016 02:00:00 AM,1,1,0
11/22/2016 01:00:00 AM,0,0,0
11/22/2016 12:00:00 AM,1,0,1
11/21/2016 11:00:00 PM,0,0,0
11/21/2016 10:00:00 PM,3,0,3
11/21/2016 09:00:00 PM,16,5,11
11/21/2016 08:00:00 PM,13,3,10
11/21/2016 07:00:00 PM,28,15,13
11/21/2016 06:00:00 PM,54,18,36
11/21/2016 05:00:00 PM,125,41,84
11/21/2016 04:00:00 PM,84,30,54
11/21/2016 03:00:00 PM,34,12,22
11/21/2016 02:00:00 PM,38,16,22
11/21/2016 01:00:00 PM,28,14,14
11/21/2016 12:00:00 PM,21,9,12
11/21/2016 11:00:00 AM,25,15,10
11/21/2016 10:00:00 AM,32,16,16
11/21/2016 09:00:00 AM,58,24,34
11/21/2016 08:00:00 AM,87,36,51
11/21/2016 07:00:00 AM,56,20,36
11/21/2016 06:00:00 AM,24,15,9
11/21/2016 05:00:00 AM,5,2,3
11/21/2016 04:00:00 AM,6,2,4
11/21/2016 03:00:00 AM,0,0,0
11/21/2016 02:00:00 AM,1,0,1
11/21/2016 01:00:00 AM,0,0,0
11/21/2016 12:00:00 AM,2,1,1
11/20/2016 11:00:00 PM,3,3,0
11/20/2016 10:00:00 PM,3,2,1
11/20/2016 09:00:00 PM,1,1,0
11/20/2016 08:00:00 PM,0,0,0
11/20/2016 07:00:00 PM,4,2,2
11/20/2016 06:00:00 PM,4,3,1
11/20/2016 05:00:00 PM,10,4,6
11/20/2016 04:00:00 PM,15,6,9
11/20/2016 03:00:00 PM,13,2,11
11/20/2016 02:00:00 PM,6,5,1
11/20/2016 01:00:00 PM,7,1,6
11/20/2016 12:00:00 PM,10,2,8
11/20/2016 11:00:00 AM,10,5,5
11/20/2016 10:00:00 AM,10,6,4
11/20/2016 09:00:00 AM,9,5,4
11/20/2016 08:00:00 AM,5,1,4
11/20/2016 07:00:00 AM,2,1,1
11/20/2016 06:00:00 AM,0,0,0
11/20/2016 05:00:00 AM,1,1,0
11/20/2016 04:00:00 AM,0,0,0
11/20/2016 03:00:00 AM,2,0,2
11/20/2016 02:00:00 AM,1,1,0
11/20/2016 01:00:00 AM,3,1,2
11/20/2016 12:00:00 AM,6,3,3
11/19/2016 11:00:00 PM,4,2,2
11/19/2016 10:00:00 PM,5,1,4
11/19/2016 09:00:00 PM,3,0,3
11/19/2016 08:00:00 PM,6,5,1
11/19/2016 07:00:00 PM,9,5,4
11/19/2016 06:00:00 PM,21,11,10
11/19/2016 05:00:00 PM,17,5,12
11/19/2016 04:00:00 PM,28,10,18
11/19/2016 03:00:00 PM,20,11,9
11/19/2016 02:00:00 PM,13,8,5
11/19/2016 01:00:00 PM,20,7,13
11/19/2016 12:00:00 PM,30,6,24
11/19/2016 11:00:00 AM,14,5,9
11/19/2016 10:00:00 AM,9,4,5
11/19/2016 09:00:00 AM,7,2,5
11/19/2016 08:00:00 AM,2,2,0
11/19/2016 07:00:00 AM,3,2,1
11/19/2016 06:00:00 AM,2,0,2
11/19/2016 05:00:00 AM,0,0,0
11/19/2016 04:00:00 AM,0,0,0
11/19/2016 03:00:00 AM,1,0,1
11/19/2016 02:00:00 AM,2,1,1
11/19/2016 01:00:00 AM,0,0,0
11/19/2016 12:00:00 AM,5,1,4
11/18/2016 11:00:00 PM,2,0,2
11/18/2016 10:00:00 PM,4,1,3
11/18/2016 09:00:00 PM,2,1,1
11/18/2016 08:00:00 PM,9,4,5
11/18/2016 07:00:00 PM,16,5,11
11/18/2016 06:00:00 PM,61,24,37
11/18/2016 05:00:00 PM,105,41,64
11/18/2016 04:00:00 PM,90,31,59
11/18/2016 03:00:00 PM,50,17,33
11/18/2016 02:00:00 PM,38,16,22
11/18/2016 01:00:00 PM,32,17,15
11/18/2016 12:00:00 PM,25,12,13
11/18/2016 11:00:00 AM,24,14,10
11/18/2016 10:00:00 AM,34,21,13
11/18/2016 09:00:00 AM,55,23,32
11/18/2016 08:00:00 AM,85,34,51
11/18/2016 07:00:00 AM,54,26,28
11/18/2016 06:00:00 AM,15,12,3
11/18/2016 05:00:00 AM,9,5,4
11/18/2016 04:00:00 AM,1,0,1
11/18/2016 03:00:00 AM,2,1,1
11/18/2016 02:00:00 AM,0,0,0
11/18/2016 01:00:00 AM,0,0,0
11/18/2016 12:00:00 AM,6,4,2
11/17/2016 11:00:00 PM,4,0,4
11/17/2016 10:00:00 PM,8,4,4
11/17/2016 09:00:00 PM,12,5,7
11/17/2016 08:00:00 PM,11,4,7
11/17/2016 07:00:00 PM,31,16,15
11/17/2016 06:00:00 PM,56,23,33
11/17/2016 05:00:00 PM,130,38,92
11/17/2016 04:00:00 PM,105,35,70
11/17/2016 03:00:00 PM,60,28,32
11/17/2016 02:00:00 PM,42,20,22
11/17/2016 01:00:00 PM,25,12,13
11/17/2016 12:00:00 PM,29,18,11
11/17/2016 11:00:00 AM,31,14,17
11/17/2016 10:00:00 AM,33,12,21
11/17/2016 09:00:00 AM,63,28,35
11/17/2016 08:00:00 AM,90,39,51
11/17/2016 07:00:00 AM,64,28,36
11/17/2016 06:00:00 AM,20,13,7
11/17/2016 05:00:00 AM,7,5,2
11/17/2016 04:00:00 AM,1,0,1
11/17/2016 03:00:00 AM,19,17,2
11/17/2016 02:00:00 AM,7,7,0
11/17/2016 01:00:00 AM,0,0,0
11/17/2016 12:00:00 AM,0,0,0
11/16/2016 11:00:00 PM,1,0,1
11/16/2016 10:00:00 PM,7,2,5
11/16/2016 09:00:00 PM,6,2,4
11/16/2016 08:00:00 PM,16,6,10
11/16/2016 07:00:00 PM,23,10,13
11/16/2016 06:00:00 PM,78,38,40
11/16/2016 05:00:00 PM,114,38,76
11/16/2016 04:00:00 PM,96,38,58
11/16/2016 03:00:00 PM,56,22,34
11/16/2016 02:00:00 PM,26,10,16
11/16/2016 01:00:00 PM,32,11,21
11/16/2016 12:00:00 PM,29,20,9
11/16/2016 11:00:00 AM,31,14,17
11/16/2016 10:00:00 AM,33,15,18
11/16/2016 09:00:00 AM,52,25,27
11/16/2016 08:00:00 AM,102,47,55
11/16/2016 07:00:00 AM,57,22,35
11/16/2016 06:00:00 AM,21,15,6
11/16/2016 05:00:00 AM,9,5,4
11/16/2016 04:00:00 AM,2,0,2
11/16/2016 03:00:00 AM,0,0,0
11/16/2016 02:00:00 AM,0,0,0
11/16/2016 01:00:00 AM,1,1,0
11/16/2016 12:00:00 AM,0,0,0
11/15/2016 11:00:00 PM,5,2,3
11/15/2016 10:00:00 PM,3,1,2
11/15/2016 09:00:00 PM,5,2,3
11/15/2016 08:00:00 PM,10,5,5
11/15/2016 07:00:00 PM,22,10,12
11/15/2016 06:00:00 PM,47,18,29
11/15/2016 05:00:00 PM,100,29,71
11/15/2016 04:00:00 PM,89,29,60
11/15/2016 03:00:00 PM,36,12,24
11/15/2016 02:00:00 PM,22,8,14
11/15/2016 01:00:00 PM,25,8,17
11/15/2016 12:00:00 PM,30,12,18
11/15/2016 11:00:00 AM,28,10,18
11/15/2016 10:00:00 AM,29,15,14
11/15/2016 09:00:00 AM,51,21,30
11/15/2016 08:00:00 AM,82,30,52
11/15/2016 07:00:00 AM,57,26,31
11/15/2016 06:00:00 AM,18,11,7
11/15/2016 05:00:00 AM,7,4,3
11/15/2016 04:00:00 AM,2,1,1
11/15/2016 03:00:00 AM,0,0,0
11/15/2016 02:00:00 AM,0,0,0
11/15/2016 01:00:00 AM,0,0,0
11/15/2016 12:00:00 AM,1,0,1
11/14/2016 11:00:00 PM,2,1,1
11/14/2016 10:00:00 PM,4,2,2
11/14/2016 09:00:00 PM,12,6,6
11/14/2016 08:00:00 PM,12,4,8
11/14/2016 07:00:00 PM,18,9,9
11/14/2016 06:00:00 PM,56,17,39
11/14/2016 05:00:00 PM,130,43,87
11/14/2016 04:00:00 PM,113,35,78
11/14/2016 03:00:00 PM,37,12,25
11/14/2016 02:00:00 PM,32,13,19
11/14/2016 01:00:00 PM,12,6,6
11/14/2016 12:00:00 PM,13,11,2
11/14/2016 11:00:00 AM,29,16,13
11/14/2016 10:00:00 AM,23,15,8
11/14/2016 09:00:00 AM,70,30,40
11/14/2016 08:00:00 AM,103,47,56
11/14/2016 07:00:00 AM,59,25,34
11/14/2016 06:00:00 AM,20,14,6
11/14/2016 05:00:00 AM,8,5,3
11/14/2016 04:00:00 AM,2,0,2
11/14/2016 03:00:00 AM,0,0,0
11/14/2016 02:00:00 AM,2,1,1
11/14/2016 01:00:00 AM,2,0,2
11/14/2016 12:00:00 AM,1,1,0
11/13/2016 11:00:00 PM,0,0,0
11/13/2016 10:00:00 PM,2,1,1
11/13/2016 09:00:00 PM,3,2,1
11/13/2016 08:00:00 PM,5,3,2
11/13/2016 07:00:00 PM,4,3,1
11/13/2016 06:00:00 PM,9,3,6
11/13/2016 05:00:00 PM,8,3,5
11/13/2016 04:00:00 PM,6,4,2
11/13/2016 03:00:00 PM,4,1,3
11/13/2016 02:00:00 PM,3,1,2
11/13/2016 01:00:00 PM,4,1,3
11/13/2016 12:00:00 PM,10,4,6
11/13/2016 11:00:00 AM,4,2,2
11/13/2016 10:00:00 AM,4,2,2
11/13/2016 09:00:00 AM,3,1,2
11/13/2016 08:00:00 AM,1,1,0
11/13/2016 07:00:00 AM,1,0,1
11/13/2016 06:00:00 AM,0,0,0
11/13/2016 05:00:00 AM,1,0,1
11/13/2016 04:00:00 AM,0,0,0
11/13/2016 03:00:00 AM,1,1,0
11/13/2016 02:00:00 AM,4,1,3
11/13/2016 01:00:00 AM,1,1,0
11/13/2016 12:00:00 AM,3,1,2
11/12/2016 11:00:00 PM,6,5,1
11/12/2016 10:00:00 PM,7,3,4
11/12/2016 09:00:00 PM,4,2,2
11/12/2016 08:00:00 PM,12,4,8
11/12/2016 07:00:00 PM,4,3,1
11/12/2016 06:00:00 PM,11,3,8
11/12/2016 05:00:00 PM,10,6,4
11/12/2016 04:00:00 PM,10,6,4
11/12/2016 03:00:00 PM,15,4,11
11/12/2016 02:00:00 PM,16,9,7
11/12/2016 01:00:00 PM,14,8,6
11/12/2016 12:00:00 PM,20,11,9
11/12/2016 11:00:00 AM,9,6,3
11/12/2016 10:00:00 AM,8,1,7
11/12/2016 09:00:00 AM,3,2,1
11/12/2016 08:00:00 AM,7,5,2
11/12/2016 07:00:00 AM,1,1,0
11/12/2016 06:00:00 AM,2,1,1
11/12/2016 05:00:00 AM,1,0,1
11/12/2016 04:00:00 AM,0,0,0
11/12/2016 03:00:00 AM,3,2,1
11/12/2016 02:00:00 AM,1,0,1
11/12/2016 01:00:00 AM,2,1,1
11/12/2016 12:00:00 AM,5,2,3
11/11/2016 11:00:00 PM,8,4,4
11/11/2016 10:00:00 PM,4,2,2
11/11/2016 09:00:00 PM,10,3,7
11/11/2016 08:00:00 PM,12,6,6
11/11/2016 07:00:00 PM,22,8,14
11/11/2016 06:00:00 PM,53,13,40
11/11/2016 05:00:00 PM,100,37,63
11/11/2016 04:00:00 PM,82,31,51
11/11/2016 03:00:00 PM,52,16,36
11/11/2016 02:00:00 PM,34,16,18
11/11/2016 01:00:00 PM,30,17,13
11/11/2016 12:00:00 PM,30,14,16
11/11/2016 11:00:00 AM,24,9,15
11/11/2016 10:00:00 AM,22,11,11
11/11/2016 09:00:00 AM,51,27,24
11/11/2016 08:00:00 AM,82,40,42
11/11/2016 07:00:00 AM,55,24,31
11/11/2016 06:00:00 AM,16,5,11
11/11/2016 05:00:00 AM,1,1,0
11/11/2016 04:00:00 AM,1,0,1
11/11/2016 03:00:00 AM,1,1,0
11/11/2016 02:00:00 AM,0,0,0
11/11/2016 01:00:00 AM,2,1,1
11/11/2016 12:00:00 AM,5,3,2
11/10/2016 11:00:00 PM,2,2,0
11/10/2016 10:00:00 PM,8,4,4
11/10/2016 09:00:00 PM,13,2,11
11/10/2016 08:00:00 PM,9,5,4
11/10/2016 07:00:00 PM,19,5,14
11/10/2016 06:00:00 PM,68,21,47
11/10/2016 05:00:00 PM,121,43,78
11/10/2016 04:00:00 PM,99,28,71
11/10/2016 03:00:00 PM,50,14,36
11/10/2016 02:00:00 PM,34,15,19
11/10/2016 01:00:00 PM,35,18,17
11/10/2016 12:00:00 PM,30,12,18
11/10/2016 11:00:00 AM,27,11,16
11/10/2016 10:00:00 AM,26,13,13
11/10/2016 09:00:00 AM,68,27,41
11/10/2016 08:00:00 AM,122,53,69
11/10/2016 07:00:00 AM,68,21,47
11/10/2016 06:00:00 AM,26,14,12
11/10/2016 05:00:00 AM,3,3,0
11/10/2016 04:00:00 AM,1,0,1
11/10/2016 03:00:00 AM,0,0,0
11/10/2016 02:00:00 AM,1,0,1
11/10/2016 01:00:00 AM,3,3,0
11/10/2016 12:00:00 AM,1,1,0
11/09/2016 11:00:00 PM,2,0,2
11/09/2016 10:00:00 PM,4,3,1
11/09/2016 09:00:00 PM,6,3,3
11/09/2016 08:00:00 PM,9,3,6
11/09/2016 07:00:00 PM,40,12,28
11/09/2016 06:00:00 PM,56,23,33
11/09/2016 05:00:00 PM,116,47,69
11/09/2016 04:00:00 PM,100,29,71
11/09/2016 03:00:00 PM,44,10,34
11/09/2016 02:00:00 PM,25,11,14
11/09/2016 01:00:00 PM,21,12,9
11/09/2016 12:00:00 PM,23,13,10
11/09/2016 11:00:00 AM,30,18,12
11/09/2016 10:00:00 AM,16,8,8
11/09/2016 09:00:00 AM,52,23,29
11/09/2016 08:00:00 AM,91,37,54
11/09/2016 07:00:00 AM,37,17,20
11/09/2016 06:00:00 AM,24,13,11
11/09/2016 05:00:00 AM,7,6,1
11/09/2016 04:00:00 AM,3,2,1
11/09/2016 03:00:00 AM,1,1,0
11/09/2016 02:00:00 AM,1,1,0
11/09/2016 01:00:00 AM,0,0,0
11/09/2016 12:00:00 AM,5,3,2
11/08/2016 11:00:00 PM,4,1,3
11/08/2016 10:00:00 PM,7,1,6
11/08/2016 09:00:00 PM,9,4,5
11/08/2016 08:00:00 PM,7,4,3
11/08/2016 07:00:00 PM,15,10,5
11/08/2016 06:00:00 PM,58,23,35
11/08/2016 05:00:00 PM,137,47,90
11/08/2016 04:00:00 PM,145,45,100
11/08/2016 03:00:00 PM,65,29,36
11/08/2016 02:00:00 PM,33,11,22
11/08/2016 01:00:00 PM,43,21,22
11/08/2016 12:00:00 PM,30,13,17
11/08/2016 11:00:00 AM,27,14,13
11/08/2016 10:00:00 AM,31,16,15
11/08/2016 09:00:00 AM,66,25,41
11/08/2016 08:00:00 AM,133,53,80
11/08/2016 07:00:00 AM,82,34,48
11/08/2016 06:00:00 AM,36,22,14
11/08/2016 05:00:00 AM,7,4,3
11/08/2016 04:00:00 AM,2,0,2
11/08/2016 03:00:00 AM,0,0,0
11/08/2016 02:00:00 AM,0,0,0
11/08/2016 01:00:00 AM,1,0,1
11/08/2016 12:00:00 AM,1,1,0
11/07/2016 11:00:00 PM,2,1,1
11/07/2016 10:00:00 PM,6,2,4
11/07/2016 09:00:00 PM,24,17,7
11/07/2016 08:00:00 PM,15,5,10
11/07/2016 07:00:00 PM,12,6,6
11/07/2016 06:00:00 PM,55,19,36
11/07/2016 05:00:00 PM,141,44,97
11/07/2016 04:00:00 PM,127,35,92
11/07/2016 03:00:00 PM,72,28,44
11/07/2016 02:00:00 PM,31,11,20
11/07/2016 01:00:00 PM,32,13,19
11/07/2016 12:00:00 PM,27,7,20
11/07/2016 11:00:00 AM,19,11,8
11/07/2016 10:00:00 AM,25,14,11
11/07/2016 09:00:00 AM,63,21,42
11/07/2016 08:00:00 AM,119,52,67
11/07/2016 07:00:00 AM,77,29,48
11/07/2016 06:00:00 AM,24,13,11
11/07/2016 05:00:00 AM,8,8,0
11/07/2016 04:00:00 AM,2,0,2
11/07/2016 03:00:00 AM,0,0,0
11/07/2016 02:00:00 AM,0,0,0
11/07/2016 01:00:00 AM,0,0,0
11/07/2016 12:00:00 AM,2,0,2
11/06/2016 11:00:00 PM,3,1,2
11/06/2016 10:00:00 PM,2,2,0
11/06/2016 09:00:00 PM,5,1,4
11/06/2016 08:00:00 PM,3,2,1
11/06/2016 07:00:00 PM,4,2,2
11/06/2016 06:00:00 PM,5,1,4
11/06/2016 05:00:00 PM,12,6,6
11/06/2016 04:00:00 PM,24,13,11
11/06/2016 03:00:00 PM,28,9,19
11/06/2016 02:00:00 PM,14,7,7
11/06/2016 01:00:00 PM,17,9,8
11/06/2016 12:00:00 PM,13,7,6
11/06/2016 11:00:00 AM,15,2,13
11/06/2016 10:00:00 AM,15,3,12
11/06/2016 09:00:00 AM,8,4,4
11/06/2016 08:00:00 AM,5,1,4
11/06/2016 07:00:00 AM,0,0,0
11/06/2016 06:00:00 AM,3,2,1
11/06/2016 05:00:00 AM,0,0,0
11/06/2016 04:00:00 AM,0,0,0
11/06/2016 03:00:00 AM,0,0,0
11/06/2016 02:00:00 AM,1,1,0
11/06/2016 01:00:00 AM,8,4,4
11/06/2016 12:00:00 AM,5,1,4
11/05/2016 11:00:00 PM,3,1,2
11/05/2016 10:00:00 PM,4,1,3
11/05/2016 09:00:00 PM,3,0,3
11/05/2016 08:00:00 PM,2,1,1
11/05/2016 07:00:00 PM,4,2,2
11/05/2016 06:00:00 PM,5,2,3
11/05/2016 05:00:00 PM,6,1,5
11/05/2016 04:00:00 PM,13,4,9
11/05/2016 03:00:00 PM,7,2,5
11/05/2016 02:00:00 PM,15,8,7
11/05/2016 01:00:00 PM,8,4,4
11/05/2016 12:00:00 PM,9,4,5
11/05/2016 11:00:00 AM,5,2,3
11/05/2016 10:00:00 AM,2,0,2
11/05/2016 09:00:00 AM,2,1,1
11/05/2016 08:00:00 AM,4,3,1
11/05/2016 07:00:00 AM,1,1,0
11/05/2016 06:00:00 AM,2,1,1
11/05/2016 05:00:00 AM,0,0,0
11/05/2016 04:00:00 AM,1,0,1
11/05/2016 03:00:00 AM,1,1,0
11/05/2016 02:00:00 AM,4,2,2
11/05/2016 01:00:00 AM,0,0,0
11/05/2016 12:00:00 AM,3,2,1
11/04/2016 11:00:00 PM,6,3,3
11/04/2016 10:00:00 PM,4,3,1
11/04/2016 09:00:00 PM,7,3,4
11/04/2016 08:00:00 PM,8,3,5
11/04/2016 07:00:00 PM,22,8,14
11/04/2016 06:00:00 PM,58,19,39
11/04/2016 05:00:00 PM,126,37,89
11/04/2016 04:00:00 PM,97,33,64
11/04/2016 03:00:00 PM,43,17,26
11/04/2016 02:00:00 PM,27,8,19
11/04/2016 01:00:00 PM,36,25,11
11/04/2016 12:00:00 PM,34,23,11
11/04/2016 11:00:00 AM,28,16,12
11/04/2016 10:00:00 AM,36,19,17
11/04/2016 09:00:00 AM,72,26,46
11/04/2016 08:00:00 AM,85,31,54
11/04/2016 07:00:00 AM,57,21,36
11/04/2016 06:00:00 AM,20,8,12
11/04/2016 05:00:00 AM,11,8,3
11/04/2016 04:00:00 AM,3,0,3
11/04/2016 03:00:00 AM,2,1,1
11/04/2016 02:00:00 AM,2,1,1
11/04/2016 01:00:00 AM,3,1,2
11/04/2016 12:00:00 AM,1,0,1
11/03/2016 11:00:00 PM,4,3,1
11/03/2016 10:00:00 PM,7,3,4
11/03/2016 09:00:00 PM,10,5,5
11/03/2016 08:00:00 PM,17,5,12
11/03/2016 07:00:00 PM,36,15,21
11/03/2016 06:00:00 PM,82,24,58
11/03/2016 05:00:00 PM,139,39,100
11/03/2016 04:00:00 PM,99,35,64
11/03/2016 03:00:00 PM,55,18,37
11/03/2016 02:00:00 PM,36,14,22
11/03/2016 01:00:00 PM,30,15,15
11/03/2016 12:00:00 PM,26,14,12
11/03/2016 11:00:00 AM,30,13,17
11/03/2016 10:00:00 AM,43,14,29
11/03/2016 09:00:00 AM,69,29,40
11/03/2016 08:00:00 AM,110,44,66
11/03/2016 07:00:00 AM,71,39,32
11/03/2016 06:00:00 AM,25,13,12
11/03/2016 05:00:00 AM,5,4,1
11/03/2016 04:00:00 AM,1,0,1
11/03/2016 03:00:00 AM,1,0,1
11/03/2016 02:00:00 AM,1,0,1
11/03/2016 01:00:00 AM,1,1,0
11/03/2016 12:00:00 AM,1,1,0
11/02/2016 11:00:00 PM,1,0,1
11/02/2016 10:00:00 PM,2,0,2
11/02/2016 09:00:00 PM,7,2,5
11/02/2016 08:00:00 PM,7,4,3
11/02/2016 07:00:00 PM,16,5,11
11/02/2016 06:00:00 PM,44,22,22
11/02/2016 05:00:00 PM,97,27,70
11/02/2016 04:00:00 PM,73,15,58
11/02/2016 03:00:00 PM,32,8,24
11/02/2016 02:00:00 PM,20,10,10
11/02/2016 01:00:00 PM,19,11,8
11/02/2016 12:00:00 PM,19,12,7
11/02/2016 11:00:00 AM,14,10,4
11/02/2016 10:00:00 AM,19,10,9
11/02/2016 09:00:00 AM,33,19,14
11/02/2016 08:00:00 AM,68,32,36
11/02/2016 07:00:00 AM,46,23,23
11/02/2016 06:00:00 AM,19,12,7
11/02/2016 05:00:00 AM,12,8,4
11/02/2016 04:00:00 AM,1,0,1
11/02/2016 03:00:00 AM,0,0,0
11/02/2016 02:00:00 AM,0,0,0
11/02/2016 01:00:00 AM,0,0,0
11/02/2016 12:00:00 AM,1,0,1
11/01/2016 11:00:00 PM,2,1,1
11/01/2016 10:00:00 PM,3,2,1
11/01/2016 09:00:00 PM,4,3,1
11/01/2016 08:00:00 PM,6,3,3
11/01/2016 07:00:00 PM,17,5,12
11/01/2016 06:00:00 PM,52,17,35
11/01/2016 05:00:00 PM,110,30,80
11/01/2016 04:00:00 PM,74,24,50
11/01/2016 03:00:00 PM,35,11,24
11/01/2016 02:00:00 PM,22,9,13
11/01/2016 01:00:00 PM,19,8,11
11/01/2016 12:00:00 PM,26,16,10
11/01/2016 11:00:00 AM,14,9,5
11/01/2016 10:00:00 AM,22,10,12
11/01/2016 09:00:00 AM,44,21,23
11/01/2016 08:00:00 AM,72,33,39
11/01/2016 07:00:00 AM,53,23,30
11/01/2016 06:00:00 AM,24,11,13
11/01/2016 05:00:00 AM,6,4,2
11/01/2016 04:00:00 AM,2,1,1
11/01/2016 03:00:00 AM,1,0,1
11/01/2016 02:00:00 AM,0,0,0
11/01/2016 01:00:00 AM,0,0,0
11/01/2016 12:00:00 AM,1,0,1
10/31/2016 11:00:00 PM,1,1,0
10/31/2016 10:00:00 PM,1,1,0
10/31/2016 09:00:00 PM,2,2,0
10/31/2016 08:00:00 PM,2,1,1
10/31/2016 07:00:00 PM,6,4,2
10/31/2016 06:00:00 PM,33,14,19
10/31/2016 05:00:00 PM,104,36,68
10/31/2016 04:00:00 PM,103,30,73
10/31/2016 03:00:00 PM,46,11,35
10/31/2016 02:00:00 PM,23,4,19
10/31/2016 01:00:00 PM,14,8,6
10/31/2016 12:00:00 PM,16,7,9
10/31/2016 11:00:00 AM,19,13,6
10/31/2016 10:00:00 AM,19,12,7
10/31/2016 09:00:00 AM,38,21,17
10/31/2016 08:00:00 AM,68,28,40
10/31/2016 07:00:00 AM,39,22,17
10/31/2016 06:00:00 AM,20,12,8
10/31/2016 05:00:00 AM,4,3,1
10/31/2016 04:00:00 AM,1,0,1
10/31/2016 03:00:00 AM,0,0,0
10/31/2016 02:00:00 AM,2,0,2
10/31/2016 01:00:00 AM,0,0,0
10/31/2016 12:00:00 AM,0,0,0
10/30/2016 11:00:00 PM,0,0,0
10/30/2016 10:00:00 PM,5,3,2
10/30/2016 09:00:00 PM,5,1,4
10/30/2016 08:00:00 PM,8,7,1
10/30/2016 07:00:00 PM,2,0,2
10/30/2016 06:00:00 PM,11,3,8
10/30/2016 05:00:00 PM,15,4,11
10/30/2016 04:00:00 PM,8,4,4
10/30/2016 03:00:00 PM,11,3,8
10/30/2016 02:00:00 PM,4,1,3
10/30/2016 01:00:00 PM,13,8,5
10/30/2016 12:00:00 PM,17,13,4
10/30/2016 11:00:00 AM,8,4,4
10/30/2016 10:00:00 AM,10,6,4
10/30/2016 09:00:00 AM,6,3,3
10/30/2016 08:00:00 AM,4,2,2
10/30/2016 07:00:00 AM,1,1,0
10/30/2016 06:00:00 AM,0,0,0
10/30/2016 05:00:00 AM,1,1,0
10/30/2016 04:00:00 AM,0,0,0
10/30/2016 03:00:00 AM,0,0,0
10/30/2016 02:00:00 AM,3,1,2
10/30/2016 01:00:00 AM,3,0,3
10/30/2016 12:00:00 AM,2,2,0
10/29/2016 11:00:00 PM,4,1,3
10/29/2016 10:00:00 PM,13,7,6
10/29/2016 09:00:00 PM,3,2,1
10/29/2016 08:00:00 PM,7,5,2
10/29/2016 07:00:00 PM,10,6,4
10/29/2016 06:00:00 PM,18,11,7
10/29/2016 05:00:00 PM,20,9,11
10/29/2016 04:00:00 PM,15,6,9
10/29/2016 03:00:00 PM,11,1,10
10/29/2016 02:00:00 PM,9,3,6
10/29/2016 01:00:00 PM,12,8,4
10/29/2016 12:00:00 PM,3,2,1
10/29/2016 11:00:00 AM,1,1,0
10/29/2016 10:00:00 AM,5,1,4
10/29/2016 09:00:00 AM,3,2,1
10/29/2016 08:00:00 AM,7,3,4
10/29/2016 07:00:00 AM,4,1,3
10/29/2016 06:00:00 AM,2,1,1
10/29/2016 05:00:00 AM,1,0,1
10/29/2016 04:00:00 AM,1,1,0
10/29/2016 03:00:00 AM,1,0,1
10/29/2016 02:00:00 AM,1,0,1
10/29/2016 01:00:00 AM,3,1,2
10/29/2016 12:00:00 AM,2,1,1
10/28/2016 11:00:00 PM,4,0,4
10/28/2016 10:00:00 PM,4,1,3
10/28/2016 09:00:00 PM,7,2,5
10/28/2016 08:00:00 PM,11,6,5
10/28/2016 07:00:00 PM,20,12,8
10/28/2016 06:00:00 PM,61,16,45
10/28/2016 05:00:00 PM,133,40,93
10/28/2016 04:00:00 PM,87,22,65
10/28/2016 03:00:00 PM,55,27,28
10/28/2016 02:00:00 PM,37,14,23
10/28/2016 01:00:00 PM,31,17,14
10/28/2016 12:00:00 PM,37,19,18
10/28/2016 11:00:00 AM,30,21,9
10/28/2016 10:00:00 AM,21,12,9
10/28/2016 09:00:00 AM,47,21,26
10/28/2016 08:00:00 AM,81,29,52
10/28/2016 07:00:00 AM,47,22,25
10/28/2016 06:00:00 AM,29,11,18
10/28/2016 05:00:00 AM,3,3,0
10/28/2016 04:00:00 AM,0,0,0
10/28/2016 03:00:00 AM,1,0,1
10/28/2016 02:00:00 AM,0,0,0
10/28/2016 01:00:00 AM,1,0,1
10/28/2016 12:00:00 AM,2,2,0
10/27/2016 11:00:00 PM,5,4,1
10/27/2016 10:00:00 PM,8,3,5
10/27/2016 09:00:00 PM,18,16,2
10/27/2016 08:00:00 PM,13,6,7
10/27/2016 07:00:00 PM,15,3,12
10/27/2016 06:00:00 PM,80,27,53
10/27/2016 05:00:00 PM,134,40,94
10/27/2016 04:00:00 PM,92,31,61
10/27/2016 03:00:00 PM,44,15,29
10/27/2016 02:00:00 PM,40,14,26
10/27/2016 01:00:00 PM,35,18,17
10/27/2016 12:00:00 PM,29,18,11
10/27/2016 11:00:00 AM,24,14,10
10/27/2016 10:00:00 AM,30,16,14
10/27/2016 09:00:00 AM,51,22,29
10/27/2016 08:00:00 AM,90,33,57
10/27/2016 07:00:00 AM,47,23,24
10/27/2016 06:00:00 AM,19,8,11
10/27/2016 05:00:00 AM,6,5,1
10/27/2016 04:00:00 AM,2,0,2
10/27/2016 03:00:00 AM,1,0,1
10/27/2016 02:00:00 AM,1,0,1
10/27/2016 01:00:00 AM,0,0,0
10/27/2016 12:00:00 AM,1,1,0
10/26/2016 11:00:00 PM,1,0,1
10/26/2016 10:00:00 PM,1,1,0
10/26/2016 09:00:00 PM,1,1,0
10/26/2016 08:00:00 PM,15,3,12
10/26/2016 07:00:00 PM,12,3,9
10/26/2016 06:00:00 PM,40,20,20
10/26/2016 05:00:00 PM,102,36,66
10/26/2016 04:00:00 PM,67,23,44
10/26/2016 03:00:00 PM,32,13,19
10/26/2016 02:00:00 PM,16,6,10
10/26/2016 01:00:00 PM,16,12,4
10/26/2016 12:00:00 PM,19,7,12
10/26/2016 11:00:00 AM,12,6,6
10/26/2016 10:00:00 AM,22,12,10
10/26/2016 09:00:00 AM,41,18,23
10/26/2016 08:00:00 AM,63,25,38
10/26/2016 07:00:00 AM,46,25,21
10/26/2016 06:00:00 AM,24,13,11
10/26/2016 05:00:00 AM,3,3,0
10/26/2016 04:00:00 AM,3,1,2
10/26/2016 03:00:00 AM,0,0,0
10/26/2016 02:00:00 AM,4,2,2
10/26/2016 01:00:00 AM,0,0,0
10/26/2016 12:00:00 AM,3,2,1
10/25/2016 11:00:00 PM,2,2,0
10/25/2016 10:00:00 PM,3,2,1
10/25/2016 09:00:00 PM,12,5,7
10/25/2016 08:00:00 PM,9,2,7
10/25/2016 07:00:00 PM,23,10,13
10/25/2016 06:00:00 PM,71,25,46
10/25/2016 05:00:00 PM,130,41,89
10/25/2016 04:00:00 PM,94,30,64
10/25/2016 03:00:00 PM,38,11,27
10/25/2016 02:00:00 PM,33,17,16
10/25/2016 01:00:00 PM,29,10,19
10/25/2016 12:00:00 PM,25,12,13
10/25/2016 11:00:00 AM,23,12,11
10/25/2016 10:00:00 AM,35,16,19
10/25/2016 09:00:00 AM,62,17,45
10/25/2016 08:00:00 AM,97,39,58
10/25/2016 07:00:00 AM,65,35,30
10/25/2016 06:00:00 AM,27,13,14
10/25/2016 05:00:00 AM,8,5,3
10/25/2016 04:00:00 AM,3,0,3
10/25/2016 03:00:00 AM,0,0,0
10/25/2016 02:00:00 AM,1,0,1
10/25/2016 01:00:00 AM,2,1,1
10/25/2016 12:00:00 AM,2,1,1
10/24/2016 11:00:00 PM,3,2,1
10/24/2016 10:00:00 PM,2,1,1
10/24/2016 09:00:00 PM,2,0,2
10/24/2016 08:00:00 PM,9,4,5
10/24/2016 07:00:00 PM,23,14,9
10/24/2016 06:00:00 PM,50,19,31
10/24/2016 05:00:00 PM,129,33,96
10/24/2016 04:00:00 PM,98,37,61
10/24/2016 03:00:00 PM,48,19,29
10/24/2016 02:00:00 PM,31,11,20
10/24/2016 01:00:00 PM,24,10,14
10/24/2016 12:00:00 PM,24,10,14
10/24/2016 11:00:00 AM,25,15,10
10/24/2016 10:00:00 AM,35,23,12
10/24/2016 09:00:00 AM,64,29,35
10/24/2016 08:00:00 AM,110,45,65
10/24/2016 07:00:00 AM,57,27,30
10/24/2016 06:00:00 AM,30,18,12
10/24/2016 05:00:00 AM,4,3,1
10/24/2016 04:00:00 AM,1,0,1
10/24/2016 03:00:00 AM,0,0,0
10/24/2016 02:00:00 AM,1,0,1
10/24/2016 01:00:00 AM,1,0,1
10/24/2016 12:00:00 AM,1,1,0
10/23/2016 11:00:00 PM,2,1,1
10/23/2016 10:00:00 PM,6,3,3
10/23/2016 09:00:00 PM,1,0,1
10/23/2016 08:00:00 PM,5,4,1
10/23/2016 07:00:00 PM,12,7,5
10/23/2016 06:00:00 PM,9,6,3
10/23/2016 05:00:00 PM,17,3,14
10/23/2016 04:00:00 PM,24,14,10
10/23/2016 03:00:00 PM,42,27,15
10/23/2016 02:00:00 PM,19,7,12
10/23/2016 01:00:00 PM,22,4,18
10/23/2016 12:00:00 PM,41,11,30
10/23/2016 11:00:00 AM,20,10,10
10/23/2016 10:00:00 AM,11,5,6
10/23/2016 09:00:00 AM,8,1,7
10/23/2016 08:00:00 AM,4,2,2
10/23/2016 07:00:00 AM,1,1,0
10/23/2016 06:00:00 AM,1,0,1
10/23/2016 05:00:00 AM,0,0,0
10/23/2016 04:00:00 AM,0,0,0
10/23/2016 03:00:00 AM,0,0,0
10/23/2016 02:00:00 AM,3,1,2
10/23/2016 01:00:00 AM,0,0,0
10/23/2016 12:00:00 AM,2,1,1
10/22/2016 11:00:00 PM,8,4,4
10/22/2016 10:00:00 PM,8,3,5
10/22/2016 09:00:00 PM,8,3,5
10/22/2016 08:00:00 PM,12,3,9
10/22/2016 07:00:00 PM,6,5,1
10/22/2016 06:00:00 PM,17,9,8
10/22/2016 05:00:00 PM,15,8,7
10/22/2016 04:00:00 PM,21,11,10
10/22/2016 03:00:00 PM,27,11,16
10/22/2016 02:00:00 PM,23,11,12
10/22/2016 01:00:00 PM,33,20,13
10/22/2016 12:00:00 PM,19,7,12
10/22/2016 11:00:00 AM,20,8,12
10/22/2016 10:00:00 AM,9,1,8
10/22/2016 09:00:00 AM,9,2,7
10/22/2016 08:00:00 AM,13,3,10
10/22/2016 07:00:00 AM,5,1,4
10/22/2016 06:00:00 AM,0,0,0
10/22/2016 05:00:00 AM,2,1,1
10/22/2016 04:00:00 AM,0,0,0
10/22/2016 03:00:00 AM,1,1,0
10/22/2016 02:00:00 AM,0,0,0
10/22/2016 01:00:00 AM,2,2,0
10/22/2016 12:00:00 AM,2,2,0
10/21/2016 11:00:00 PM,4,2,2
10/21/2016 10:00:00 PM,6,3,3
10/21/2016 09:00:00 PM,5,4,1
10/21/2016 08:00:00 PM,16,11,5
10/21/2016 07:00:00 PM,19,9,10
10/21/2016 06:00:00 PM,51,20,31
10/21/2016 05:00:00 PM,122,40,82
10/21/2016 04:00:00 PM,92,36,56
10/21/2016 03:00:00 PM,48,18,30
10/21/2016 02:00:00 PM,31,18,13
10/21/2016 01:00:00 PM,40,21,19
10/21/2016 12:00:00 PM,36,13,23
10/21/2016 11:00:00 AM,19,9,10
10/21/2016 10:00:00 AM,28,12,16
10/21/2016 09:00:00 AM,57,23,34
10/21/2016 08:00:00 AM,80,36,44
10/21/2016 07:00:00 AM,38,21,17
10/21/2016 06:00:00 AM,22,12,10
10/21/2016 05:00:00 AM,3,2,1
10/21/2016 04:00:00 AM,1,0,1
10/21/2016 03:00:00 AM,0,0,0
10/21/2016 02:00:00 AM,0,0,0
10/21/2016 01:00:00 AM,2,1,1
10/21/2016 12:00:00 AM,0,0,0
10/20/2016 11:00:00 PM,2,2,0
10/20/2016 10:00:00 PM,4,1,3
10/20/2016 09:00:00 PM,7,4,3
10/20/2016 08:00:00 PM,12,8,4
10/20/2016 07:00:00 PM,18,9,9
10/20/2016 06:00:00 PM,45,14,31
10/20/2016 05:00:00 PM,109,32,77
10/20/2016 04:00:00 PM,76,30,46
10/20/2016 03:00:00 PM,31,10,21
10/20/2016 02:00:00 PM,17,9,8
10/20/2016 01:00:00 PM,12,6,6
10/20/2016 12:00:00 PM,19,9,10
10/20/2016 11:00:00 AM,19,10,9
10/20/2016 10:00:00 AM,18,10,8
10/20/2016 09:00:00 AM,34,16,18
10/20/2016 08:00:00 AM,66,22,44
10/20/2016 07:00:00 AM,42,20,22
10/20/2016 06:00:00 AM,14,8,6
10/20/2016 05:00:00 AM,2,2,0
10/20/2016 04:00:00 AM,1,0,1
10/20/2016 03:00:00 AM,23,23,0
10/20/2016 02:00:00 AM,0,0,0
10/20/2016 01:00:00 AM,0,0,0
10/20/2016 12:00:00 AM,0,0,0
10/19/2016 11:00:00 PM,3,0,3
10/19/2016 10:00:00 PM,6,4,2
10/19/2016 09:00:00 PM,4,1,3
10/19/2016 08:00:00 PM,12,7,5
10/19/2016 07:00:00 PM,27,12,15
10/19/2016 06:00:00 PM,61,20,41
10/19/2016 05:00:00 PM,159,56,103
10/19/2016 04:00:00 PM,114,31,83
10/19/2016 03:00:00 PM,51,22,29
10/19/2016 02:00:00 PM,32,13,19
10/19/2016 01:00:00 PM,30,13,17
10/19/2016 12:00:00 PM,19,9,10
10/19/2016 11:00:00 AM,36,19,17
10/19/2016 10:00:00 AM,23,12,11
10/19/2016 09:00:00 AM,65,33,32
10/19/2016 08:00:00 AM,122,55,67
10/19/2016 07:00:00 AM,59,32,27
10/19/2016 06:00:00 AM,31,14,17
10/19/2016 05:00:00 AM,5,4,1
10/19/2016 04:00:00 AM,1,0,1
10/19/2016 03:00:00 AM,0,0,0
10/19/2016 02:00:00 AM,2,2,0
10/19/2016 01:00:00 AM,2,2,0
10/19/2016 12:00:00 AM,0,0,0
10/18/2016 11:00:00 PM,9,5,4
10/18/2016 10:00:00 PM,5,3,2
10/18/2016 09:00:00 PM,6,3,3
10/18/2016 08:00:00 PM,14,5,9
10/18/2016 07:00:00 PM,21,12,9
10/18/2016 06:00:00 PM,54,19,35
10/18/2016 05:00:00 PM,146,46,100
10/18/2016 04:00:00 PM,77,24,53
10/18/2016 03:00:00 PM,31,12,19
10/18/2016 02:00:00 PM,35,10,25
10/18/2016 01:00:00 PM,28,13,15
10/18/2016 12:00:00 PM,26,11,15
10/18/2016 11:00:00 AM,23,14,9
10/18/2016 10:00:00 AM,27,13,14
10/18/2016 09:00:00 AM,53,24,29
10/18/2016 08:00:00 AM,98,46,52
10/18/2016 07:00:00 AM,49,25,24
10/18/2016 06:00:00 AM,26,16,10
10/18/2016 05:00:00 AM,4,2,2
10/18/2016 04:00:00 AM,3,2,1
10/18/2016 03:00:00 AM,0,0,0
10/18/2016 02:00:00 AM,0,0,0
10/18/2016 01:00:00 AM,1,1,0
10/18/2016 12:00:00 AM,0,0,0
10/17/2016 11:00:00 PM,3,0,3
10/17/2016 10:00:00 PM,2,1,1
10/17/2016 09:00:00 PM,3,2,1
10/17/2016 08:00:00 PM,11,4,7
10/17/2016 07:00:00 PM,18,7,11
10/17/2016 06:00:00 PM,43,13,30
10/17/2016 05:00:00 PM,135,33,102
10/17/2016 04:00:00 PM,91,31,60
10/17/2016 03:00:00 PM,31,11,20
10/17/2016 02:00:00 PM,24,9,15
10/17/2016 01:00:00 PM,20,9,11
10/17/2016 12:00:00 PM,16,7,9
10/17/2016 11:00:00 AM,13,7,6
10/17/2016 10:00:00 AM,12,7,5
10/17/2016 09:00:00 AM,49,24,25
10/17/2016 08:00:00 AM,94,39,55
10/17/2016 07:00:00 AM,47,24,23
10/17/2016 06:00:00 AM,17,12,5
10/17/2016 05:00:00 AM,6,4,2
10/17/2016 04:00:00 AM,2,1,1
10/17/2016 03:00:00 AM,0,0,0
10/17/2016 02:00:00 AM,0,0,0
10/17/2016 01:00:00 AM,0,0,0
10/17/2016 12:00:00 AM,0,0,0
10/16/2016 11:00:00 PM,0,0,0
10/16/2016 10:00:00 PM,1,1,0
10/16/2016 09:00:00 PM,0,0,0
10/16/2016 08:00:00 PM,5,2,3
10/16/2016 07:00:00 PM,2,1,1
10/16/2016 06:00:00 PM,8,2,6
10/16/2016 05:00:00 PM,12,6,6
10/16/2016 04:00:00 PM,14,6,8
10/16/2016 03:00:00 PM,6,3,3
10/16/2016 02:00:00 PM,5,3,2
10/16/2016 01:00:00 PM,6,4,2
10/16/2016 12:00:00 PM,9,7,2
10/16/2016 11:00:00 AM,10,3,7
10/16/2016 10:00:00 AM,5,1,4
10/16/2016 09:00:00 AM,4,1,3
10/16/2016 08:00:00 AM,6,5,1
10/16/2016 07:00:00 AM,1,0,1
10/16/2016 06:00:00 AM,0,0,0
10/16/2016 05:00:00 AM,1,0,1
10/16/2016 04:00:00 AM,0,0,0
10/16/2016 03:00:00 AM,0,0,0
10/16/2016 02:00:00 AM,0,0,0
10/16/2016 01:00:00 AM,1,0,1
10/16/2016 12:00:00 AM,1,0,1
10/15/2016 11:00:00 PM,3,1,2
10/15/2016 10:00:00 PM,0,0,0
10/15/2016 09:00:00 PM,1,0,1
10/15/2016 08:00:00 PM,8,4,4
10/15/2016 07:00:00 PM,2,0,2
10/15/2016 06:00:00 PM,2,2,0
10/15/2016 05:00:00 PM,5,5,0
10/15/2016 04:00:00 PM,5,2,3
10/15/2016 03:00:00 PM,6,2,4
10/15/2016 02:00:00 PM,7,3,4
10/15/2016 01:00:00 PM,4,1,3
10/15/2016 12:00:00 PM,2,2,0
10/15/2016 11:00:00 AM,1,0,1
10/15/2016 10:00:00 AM,2,1,1
10/15/2016 09:00:00 AM,1,0,1
10/15/2016 08:00:00 AM,0,0,0
10/15/2016 07:00:00 AM,2,1,1
10/15/2016 06:00:00 AM,1,0,1
10/15/2016 05:00:00 AM,0,0,0
10/15/2016 04:00:00 AM,1,0,1
10/15/2016 03:00:00 AM,2,1,1
10/15/2016 02:00:00 AM,0,0,0
10/15/2016 01:00:00 AM,0,0,0
10/15/2016 12:00:00 AM,2,0,2
10/14/2016 11:00:00 PM,0,0,0
10/14/2016 10:00:00 PM,1,1,0
10/14/2016 09:00:00 PM,1,1,0
10/14/2016 08:00:00 PM,0,0,0
10/14/2016 07:00:00 PM,6,3,3
10/14/2016 06:00:00 PM,19,8,11
10/14/2016 05:00:00 PM,46,17,29
10/14/2016 04:00:00 PM,45,13,32
10/14/2016 03:00:00 PM,16,6,10
10/14/2016 02:00:00 PM,15,6,9
10/14/2016 01:00:00 PM,9,7,2
10/14/2016 12:00:00 PM,14,6,8
10/14/2016 11:00:00 AM,12,8,4
10/14/2016 10:00:00 AM,11,8,3
10/14/2016 09:00:00 AM,24,6,18
10/14/2016 08:00:00 AM,31,17,14
10/14/2016 07:00:00 AM,11,4,7
10/14/2016 06:00:00 AM,8,2,6
10/14/2016 05:00:00 AM,3,2,1
10/14/2016 04:00:00 AM,1,0,1
10/14/2016 03:00:00 AM,0,0,0
10/14/2016 02:00:00 AM,0,0,0
10/14/2016 01:00:00 AM,0,0,0
10/14/2016 12:00:00 AM,0,0,0
10/13/2016 11:00:00 PM,0,0,0
10/13/2016 10:00:00 PM,3,3,0
10/13/2016 09:00:00 PM,2,1,1
10/13/2016 08:00:00 PM,4,2,2
10/13/2016 07:00:00 PM,14,4,10
10/13/2016 06:00:00 PM,30,7,23
10/13/2016 05:00:00 PM,64,17,47
10/13/2016 04:00:00 PM,57,21,36
10/13/2016 03:00:00 PM,33,7,26
10/13/2016 02:00:00 PM,16,7,9
10/13/2016 01:00:00 PM,11,9,2
10/13/2016 12:00:00 PM,16,9,7
10/13/2016 11:00:00 AM,22,14,8
10/13/2016 10:00:00 AM,12,7,5
10/13/2016 09:00:00 AM,22,13,9
10/13/2016 08:00:00 AM,45,18,27
10/13/2016 07:00:00 AM,24,13,11
10/13/2016 06:00:00 AM,13,10,3
10/13/2016 05:00:00 AM,2,2,0
10/13/2016 04:00:00 AM,2,0,2
10/13/2016 03:00:00 AM,2,0,2
10/13/2016 02:00:00 AM,1,0,1
10/13/2016 01:00:00 AM,0,0,0
10/13/2016 12:00:00 AM,2,1,1
10/12/2016 11:00:00 PM,3,2,1
10/12/2016 10:00:00 PM,8,4,4
10/12/2016 09:00:00 PM,20,16,4
10/12/2016 08:00:00 PM,10,3,7
10/12/2016 07:00:00 PM,43,14,29
10/12/2016 06:00:00 PM,85,28,57
10/12/2016 05:00:00 PM,181,51,130
10/12/2016 04:00:00 PM,99,25,74
10/12/2016 03:00:00 PM,59,13,46
10/12/2016 02:00:00 PM,39,15,24
10/12/2016 01:00:00 PM,27,9,18
10/12/2016 12:00:00 PM,39,25,14
10/12/2016 11:00:00 AM,57,32,25
10/12/2016 10:00:00 AM,28,14,14
10/12/2016 09:00:00 AM,69,31,38
10/12/2016 08:00:00 AM,129,51,78
10/12/2016 07:00:00 AM,73,36,37
10/12/2016 06:00:00 AM,24,13,11
10/12/2016 05:00:00 AM,9,6,3
10/12/2016 04:00:00 AM,0,0,0
10/12/2016 03:00:00 AM,5,5,0
10/12/2016 02:00:00 AM,3,1,2
10/12/2016 01:00:00 AM,1,1,0
10/12/2016 12:00:00 AM,4,3,1
10/11/2016 11:00:00 PM,4,2,2
10/11/2016 10:00:00 PM,4,0,4
10/11/2016 09:00:00 PM,9,3,6
10/11/2016 08:00:00 PM,15,6,9
10/11/2016 07:00:00 PM,21,10,11
10/11/2016 06:00:00 PM,76,27,49
10/11/2016 05:00:00 PM,172,56,116
10/11/2016 04:00:00 PM,129,36,93
10/11/2016 03:00:00 PM,61,25,36
10/11/2016 02:00:00 PM,40,13,27
10/11/2016 01:00:00 PM,30,14,16
10/11/2016 12:00:00 PM,28,16,12
10/11/2016 11:00:00 AM,31,16,15
10/11/2016 10:00:00 AM,29,15,14
10/11/2016 09:00:00 AM,73,36,37
10/11/2016 08:00:00 AM,123,56,67
10/11/2016 07:00:00 AM,67,33,34
10/11/2016 06:00:00 AM,29,17,12
10/11/2016 05:00:00 AM,9,5,4
10/11/2016 04:00:00 AM,3,0,3
10/11/2016 03:00:00 AM,0,0,0
10/11/2016 02:00:00 AM,0,0,0
10/11/2016 01:00:00 AM,0,0,0
10/11/2016 12:00:00 AM,2,2,0
10/10/2016 11:00:00 PM,4,2,2
10/10/2016 10:00:00 PM,3,2,1
10/10/2016 09:00:00 PM,12,5,7
10/10/2016 08:00:00 PM,9,6,3
10/10/2016 07:00:00 PM,27,14,13
10/10/2016 06:00:00 PM,58,20,38
10/10/2016 05:00:00 PM,166,42,124
10/10/2016 04:00:00 PM,116,34,82
10/10/2016 03:00:00 PM,44,12,32
10/10/2016 02:00:00 PM,26,10,16
10/10/2016 01:00:00 PM,21,9,12
10/10/2016 12:00:00 PM,28,17,11
10/10/2016 11:00:00 AM,26,13,13
10/10/2016 10:00:00 AM,23,9,14
10/10/2016 09:00:00 AM,67,30,37
10/10/2016 08:00:00 AM,117,47,70
10/10/2016 07:00:00 AM,66,29,37
10/10/2016 06:00:00 AM,13,10,3
10/10/2016 05:00:00 AM,4,4,0
10/10/2016 04:00:00 AM,1,0,1
10/10/2016 03:00:00 AM,0,0,0
10/10/2016 02:00:00 AM,2,1,1
10/10/2016 01:00:00 AM,0,0,0
10/10/2016 12:00:00 AM,1,0,1
10/09/2016 11:00:00 PM,2,1,1
10/09/2016 10:00:00 PM,2,0,2
10/09/2016 09:00:00 PM,3,2,1
10/09/2016 08:00:00 PM,4,1,3
10/09/2016 07:00:00 PM,0,0,0
10/09/2016 06:00:00 PM,8,5,3
10/09/2016 05:00:00 PM,22,11,11
10/09/2016 04:00:00 PM,13,6,7
10/09/2016 03:00:00 PM,10,5,5
10/09/2016 02:00:00 PM,17,6,11
10/09/2016 01:00:00 PM,15,9,6
10/09/2016 12:00:00 PM,4,1,3
10/09/2016 11:00:00 AM,12,4,8
10/09/2016 10:00:00 AM,11,4,7
10/09/2016 09:00:00 AM,10,3,7
10/09/2016 08:00:00 AM,5,1,4
10/09/2016 07:00:00 AM,1,1,0
10/09/2016 06:00:00 AM,2,2,0
10/09/2016 05:00:00 AM,1,1,0
10/09/2016 04:00:00 AM,1,1,0
10/09/2016 03:00:00 AM,1,1,0
10/09/2016 02:00:00 AM,0,0,0
10/09/2016 01:00:00 AM,1,0,1
10/09/2016 12:00:00 AM,1,0,1
10/08/2016 11:00:00 PM,3,2,1
10/08/2016 10:00:00 PM,2,1,1
10/08/2016 09:00:00 PM,1,1,0
10/08/2016 08:00:00 PM,3,0,3
10/08/2016 07:00:00 PM,8,7,1
10/08/2016 06:00:00 PM,10,3,7
10/08/2016 05:00:00 PM,5,1,4
10/08/2016 04:00:00 PM,8,2,6
10/08/2016 03:00:00 PM,3,0,3
10/08/2016 02:00:00 PM,10,6,4
10/08/2016 01:00:00 PM,5,3,2
10/08/2016 12:00:00 PM,18,3,15
10/08/2016 11:00:00 AM,15,4,11
10/08/2016 10:00:00 AM,6,1,5
10/08/2016 09:00:00 AM,12,5,7
10/08/2016 08:00:00 AM,4,3,1
10/08/2016 07:00:00 AM,2,0,2
10/08/2016 06:00:00 AM,2,1,1
10/08/2016 05:00:00 AM,0,0,0
10/08/2016 04:00:00 AM,1,0,1
10/08/2016 03:00:00 AM,1,0,1
10/08/2016 02:00:00 AM,1,0,1
10/08/2016 01:00:00 AM,0,0,0
10/08/2016 12:00:00 AM,1,0,1
10/07/2016 11:00:00 PM,6,2,4
10/07/2016 10:00:00 PM,6,1,5
10/07/2016 09:00:00 PM,7,1,6
10/07/2016 08:00:00 PM,7,3,4
10/07/2016 07:00:00 PM,25,15,10
10/07/2016 06:00:00 PM,53,20,33
10/07/2016 05:00:00 PM,106,38,68
10/07/2016 04:00:00 PM,89,28,61
10/07/2016 03:00:00 PM,39,20,19
10/07/2016 02:00:00 PM,27,7,20
10/07/2016 01:00:00 PM,23,10,13
10/07/2016 12:00:00 PM,26,13,13
10/07/2016 11:00:00 AM,37,18,19
10/07/2016 10:00:00 AM,25,14,11
10/07/2016 09:00:00 AM,50,25,25
10/07/2016 08:00:00 AM,79,32,47
10/07/2016 07:00:00 AM,53,23,30
10/07/2016 06:00:00 AM,19,9,10
10/07/2016 05:00:00 AM,2,2,0
10/07/2016 04:00:00 AM,0,0,0
10/07/2016 03:00:00 AM,0,0,0
10/07/2016 02:00:00 AM,0,0,0
10/07/2016 01:00:00 AM,0,0,0
10/07/2016 12:00:00 AM,1,1,0
10/06/2016 11:00:00 PM,1,1,0
10/06/2016 10:00:00 PM,7,2,5
10/06/2016 09:00:00 PM,6,4,2
10/06/2016 08:00:00 PM,16,6,10
10/06/2016 07:00:00 PM,26,13,13
10/06/2016 06:00:00 PM,71,23,48
10/06/2016 05:00:00 PM,159,46,113
10/06/2016 04:00:00 PM,105,25,80
10/06/2016 03:00:00 PM,52,19,33
10/06/2016 02:00:00 PM,35,12,23
10/06/2016 01:00:00 PM,30,18,12
10/06/2016 12:00:00 PM,33,15,18
10/06/2016 11:00:00 AM,37,24,13
10/06/2016 10:00:00 AM,33,17,16
10/06/2016 09:00:00 AM,62,29,33
10/06/2016 08:00:00 AM,113,40,73
10/06/2016 07:00:00 AM,61,32,29
10/06/2016 06:00:00 AM,23,11,12
10/06/2016 05:00:00 AM,3,2,1
10/06/2016 04:00:00 AM,1,0,1
10/06/2016 03:00:00 AM,0,0,0
10/06/2016 02:00:00 AM,2,1,1
10/06/2016 01:00:00 AM,0,0,0
10/06/2016 12:00:00 AM,2,1,1
10/05/2016 11:00:00 PM,0,0,0
10/05/2016 10:00:00 PM,5,2,3
10/05/2016 09:00:00 PM,6,2,4
10/05/2016 08:00:00 PM,13,7,6
10/05/2016 07:00:00 PM,15,8,7
10/05/2016 06:00:00 PM,80,27,53
10/05/2016 05:00:00 PM,148,51,97
10/05/2016 04:00:00 PM,105,26,79
10/05/2016 03:00:00 PM,51,13,38
10/05/2016 02:00:00 PM,45,22,23
10/05/2016 01:00:00 PM,23,14,9
10/05/2016 12:00:00 PM,16,6,10
10/05/2016 11:00:00 AM,18,11,7
10/05/2016 10:00:00 AM,31,19,12
10/05/2016 09:00:00 AM,61,31,30
10/05/2016 08:00:00 AM,105,47,58
10/05/2016 07:00:00 AM,49,24,25
10/05/2016 06:00:00 AM,27,14,13
10/05/2016 05:00:00 AM,7,5,2
10/05/2016 04:00:00 AM,2,0,2
10/05/2016 03:00:00 AM,0,0,0
10/05/2016 02:00:00 AM,0,0,0
10/05/2016 01:00:00 AM,1,1,0
10/05/2016 12:00:00 AM,0,0,0
10/04/2016 11:00:00 PM,1,1,0
10/04/2016 10:00:00 PM,4,3,1
10/04/2016 09:00:00 PM,4,1,3
10/04/2016 08:00:00 PM,13,6,7
10/04/2016 07:00:00 PM,24,11,13
10/04/2016 06:00:00 PM,57,16,41
10/04/2016 05:00:00 PM,143,44,99
10/04/2016 04:00:00 PM,91,33,58
10/04/2016 03:00:00 PM,43,8,35
10/04/2016 02:00:00 PM,23,7,16
10/04/2016 01:00:00 PM,18,7,11
10/04/2016 12:00:00 PM,24,11,13
10/04/2016 11:00:00 AM,24,11,13
10/04/2016 10:00:00 AM,29,14,15
10/04/2016 09:00:00 AM,54,23,31
10/04/2016 08:00:00 AM,107,47,60
10/04/2016 07:00:00 AM,53,22,31
10/04/2016 06:00:00 AM,20,12,8
10/04/2016 05:00:00 AM,5,4,1
10/04/2016 04:00:00 AM,1,1,0
10/04/2016 03:00:00 AM,2,0,2
10/04/2016 02:00:00 AM,0,0,0
10/04/2016 01:00:00 AM,0,0,0
10/04/2016 12:00:00 AM,0,0,0
10/03/2016 11:00:00 PM,5,3,2
10/03/2016 10:00:00 PM,4,0,4
10/03/2016 09:00:00 PM,9,3,6
10/03/2016 08:00:00 PM,7,3,4
10/03/2016 07:00:00 PM,26,9,17
10/03/2016 06:00:00 PM,82,31,51
10/03/2016 05:00:00 PM,169,41,128
10/03/2016 04:00:00 PM,105,32,73
10/03/2016 03:00:00 PM,48,17,31
10/03/2016 02:00:00 PM,25,10,15
10/03/2016 01:00:00 PM,27,14,13
10/03/2016 12:00:00 PM,30,12,18
10/03/2016 11:00:00 AM,27,13,14
10/03/2016 10:00:00 AM,33,17,16
10/03/2016 09:00:00 AM,65,33,32
10/03/2016 08:00:00 AM,142,60,82
10/03/2016 07:00:00 AM,76,36,40
10/03/2016 06:00:00 AM,31,16,15
10/03/2016 05:00:00 AM,9,3,6
10/03/2016 04:00:00 AM,0,0,0
10/03/2016 03:00:00 AM,0,0,0
10/03/2016 02:00:00 AM,0,0,0
10/03/2016 01:00:00 AM,0,0,0
10/03/2016 12:00:00 AM,2,2,0
10/02/2016 11:00:00 PM,0,0,0
10/02/2016 10:00:00 PM,2,1,1
10/02/2016 09:00:00 PM,2,0,2
10/02/2016 08:00:00 PM,6,5,1
10/02/2016 07:00:00 PM,14,6,8
10/02/2016 06:00:00 PM,12,10,2
10/02/2016 05:00:00 PM,15,10,5
10/02/2016 04:00:00 PM,19,7,12
10/02/2016 03:00:00 PM,31,20,11
10/02/2016 02:00:00 PM,20,9,11
10/02/2016 01:00:00 PM,23,11,12
10/02/2016 12:00:00 PM,17,5,12
10/02/2016 11:00:00 AM,33,10,23
10/02/2016 10:00:00 AM,18,8,10
10/02/2016 09:00:00 AM,10,4,6
10/02/2016 08:00:00 AM,6,3,3
10/02/2016 07:00:00 AM,5,2,3
10/02/2016 06:00:00 AM,0,0,0
10/02/2016 05:00:00 AM,1,0,1
10/02/2016 04:00:00 AM,0,0,0
10/02/2016 03:00:00 AM,1,1,0
10/02/2016 02:00:00 AM,3,1,2
10/02/2016 01:00:00 AM,0,0,0
10/02/2016 12:00:00 AM,2,1,1
10/01/2016 11:00:00 PM,6,3,3
10/01/2016 10:00:00 PM,5,1,4
10/01/2016 09:00:00 PM,3,1,2
10/01/2016 08:00:00 PM,3,2,1
10/01/2016 07:00:00 PM,21,21,0
10/01/2016 06:00:00 PM,16,8,8
10/01/2016 05:00:00 PM,17,3,14
10/01/2016 04:00:00 PM,18,10,8
10/01/2016 03:00:00 PM,27,15,12
10/01/2016 02:00:00 PM,16,7,9
10/01/2016 01:00:00 PM,14,9,5
10/01/2016 12:00:00 PM,19,10,9
10/01/2016 11:00:00 AM,24,11,13
10/01/2016 10:00:00 AM,11,2,9
10/01/2016 09:00:00 AM,7,2,5
10/01/2016 08:00:00 AM,16,7,9
10/01/2016 07:00:00 AM,6,2,4
10/01/2016 06:00:00 AM,4,1,3
10/01/2016 05:00:00 AM,1,1,0
10/01/2016 04:00:00 AM,0,0,0
10/01/2016 03:00:00 AM,0,0,0
10/01/2016 02:00:00 AM,1,0,1
10/01/2016 01:00:00 AM,2,0,2
10/01/2016 12:00:00 AM,6,5,1
09/30/2016 11:00:00 PM,3,3,0
09/30/2016 10:00:00 PM,7,4,3
09/30/2016 09:00:00 PM,7,4,3
09/30/2016 08:00:00 PM,10,4,6
09/30/2016 07:00:00 PM,26,8,18
09/30/2016 06:00:00 PM,88,30,58
09/30/2016 05:00:00 PM,139,34,105
09/30/2016 04:00:00 PM,118,34,84
09/30/2016 03:00:00 PM,74,30,44
09/30/2016 02:00:00 PM,36,13,23
09/30/2016 01:00:00 PM,29,10,19
09/30/2016 12:00:00 PM,45,24,21
09/30/2016 11:00:00 AM,31,12,19
09/30/2016 10:00:00 AM,30,10,20
09/30/2016 09:00:00 AM,69,34,35
09/30/2016 08:00:00 AM,122,47,75
09/30/2016 07:00:00 AM,67,29,38
09/30/2016 06:00:00 AM,34,14,20
09/30/2016 05:00:00 AM,3,3,0
09/30/2016 04:00:00 AM,0,0,0
09/30/2016 03:00:00 AM,0,0,0
09/30/2016 02:00:00 AM,4,1,3
09/30/2016 01:00:00 AM,1,0,1
09/30/2016 12:00:00 AM,5,0,5
09/29/2016 11:00:00 PM,6,4,2
09/29/2016 10:00:00 PM,14,7,7
09/29/2016 09:00:00 PM,10,5,5
09/29/2016 08:00:00 PM,13,6,7
09/29/2016 07:00:00 PM,38,16,22
09/29/2016 06:00:00 PM,84,30,54
09/29/2016 05:00:00 PM,178,65,113
09/29/2016 04:00:00 PM,128,35,93
09/29/2016 03:00:00 PM,50,22,28
09/29/2016 02:00:00 PM,41,17,24
09/29/2016 01:00:00 PM,34,17,17
09/29/2016 12:00:00 PM,23,13,10
09/29/2016 11:00:00 AM,48,29,19
09/29/2016 10:00:00 AM,28,16,12
09/29/2016 09:00:00 AM,69,30,39
09/29/2016 08:00:00 AM,138,44,94
09/29/2016 07:00:00 AM,82,28,54
09/29/2016 06:00:00 AM,45,22,23
09/29/2016 05:00:00 AM,16,12,4
09/29/2016 04:00:00 AM,1,1,0
09/29/2016 03:00:00 AM,0,0,0
09/29/2016 02:00:00 AM,1,0,1
09/29/2016 01:00:00 AM,2,1,1
09/29/2016 12:00:00 AM,2,0,2
09/28/2016 11:00:00 PM,5,4,1
09/28/2016 10:00:00 PM,14,11,3
09/28/2016 09:00:00 PM,32,28,4
09/28/2016 08:00:00 PM,19,8,11
09/28/2016 07:00:00 PM,36,10,26
09/28/2016 06:00:00 PM,132,42,90
09/28/2016 05:00:00 PM,187,54,133
09/28/2016 04:00:00 PM,125,37,88
09/28/2016 03:00:00 PM,75,23,52
09/28/2016 02:00:00 PM,66,34,32
09/28/2016 01:00:00 PM,36,13,23
09/28/2016 12:00:00 PM,25,13,12
09/28/2016 11:00:00 AM,35,16,19
09/28/2016 10:00:00 AM,37,18,19
09/28/2016 09:00:00 AM,72,32,40
09/28/2016 08:00:00 AM,138,49,89
09/28/2016 07:00:00 AM,76,37,39
09/28/2016 06:00:00 AM,32,16,16
09/28/2016 05:00:00 AM,6,5,1
09/28/2016 04:00:00 AM,2,1,1
09/28/2016 03:00:00 AM,0,0,0
09/28/2016 02:00:00 AM,2,2,0
09/28/2016 01:00:00 AM,0,0,0
09/28/2016 12:00:00 AM,0,0,0
09/27/2016 11:00:00 PM,2,1,1
09/27/2016 10:00:00 PM,6,4,2
09/27/2016 09:00:00 PM,6,2,4
09/27/2016 08:00:00 PM,22,9,13
09/27/2016 07:00:00 PM,31,12,19
09/27/2016 06:00:00 PM,122,51,71
09/27/2016 05:00:00 PM,203,60,143
09/27/2016 04:00:00 PM,114,37,77
09/27/2016 03:00:00 PM,66,28,38
09/27/2016 02:00:00 PM,65,40,25
09/27/2016 01:00:00 PM,35,17,18
09/27/2016 12:00:00 PM,33,22,11
09/27/2016 11:00:00 AM,39,16,23
09/27/2016 10:00:00 AM,38,18,20
09/27/2016 09:00:00 AM,77,35,42
09/27/2016 08:00:00 AM,137,53,84
09/27/2016 07:00:00 AM,76,36,40
09/27/2016 06:00:00 AM,37,18,19
09/27/2016 05:00:00 AM,8,5,3
09/27/2016 04:00:00 AM,1,1,0
09/27/2016 03:00:00 AM,0,0,0
09/27/2016 02:00:00 AM,0,0,0
09/27/2016 01:00:00 AM,0,0,0
09/27/2016 12:00:00 AM,0,0,0
09/26/2016 11:00:00 PM,1,1,0
09/26/2016 10:00:00 PM,7,5,2
09/26/2016 09:00:00 PM,9,5,4
09/26/2016 08:00:00 PM,16,9,7
09/26/2016 07:00:00 PM,27,13,14
09/26/2016 06:00:00 PM,73,22,51
09/26/2016 05:00:00 PM,224,60,164
09/26/2016 04:00:00 PM,145,41,104
09/26/2016 03:00:00 PM,48,18,30
09/26/2016 02:00:00 PM,29,16,13
09/26/2016 01:00:00 PM,34,19,15
09/26/2016 12:00:00 PM,21,8,13
09/26/2016 11:00:00 AM,34,19,15
09/26/2016 10:00:00 AM,28,13,15
09/26/2016 09:00:00 AM,59,31,28
09/26/2016 08:00:00 AM,166,66,100
09/26/2016 07:00:00 AM,89,34,55
09/26/2016 06:00:00 AM,35,21,14
09/26/2016 05:00:00 AM,5,4,1
09/26/2016 04:00:00 AM,5,4,1
09/26/2016 03:00:00 AM,0,0,0
09/26/2016 02:00:00 AM,0,0,0
09/26/2016 01:00:00 AM,0,0,0
09/26/2016 12:00:00 AM,2,0,2
09/25/2016 11:00:00 PM,2,1,1
09/25/2016 10:00:00 PM,6,5,1
09/25/2016 09:00:00 PM,12,10,2
09/25/2016 08:00:00 PM,13,8,5
09/25/2016 07:00:00 PM,22,11,11
09/25/2016 06:00:00 PM,23,9,14
09/25/2016 05:00:00 PM,28,19,9
09/25/2016 04:00:00 PM,24,14,10
09/25/2016 03:00:00 PM,28,12,16
09/25/2016 02:00:00 PM,27,9,18
09/25/2016 01:00:00 PM,21,7,14
09/25/2016 12:00:00 PM,37,6,31
09/25/2016 11:00:00 AM,39,22,17
09/25/2016 10:00:00 AM,29,10,19
09/25/2016 09:00:00 AM,28,11,17
09/25/2016 08:00:00 AM,10,3,7
09/25/2016 07:00:00 AM,5,0,5
09/25/2016 06:00:00 AM,1,0,1
09/25/2016 05:00:00 AM,1,1,0
09/25/2016 04:00:00 AM,1,0,1
09/25/2016 03:00:00 AM,1,0,1
09/25/2016 02:00:00 AM,2,0,2
09/25/2016 01:00:00 AM,4,2,2
09/25/2016 12:00:00 AM,2,1,1
09/24/2016 11:00:00 PM,2,0,2
09/24/2016 10:00:00 PM,9,4,5
09/24/2016 09:00:00 PM,5,1,4
09/24/2016 08:00:00 PM,7,2,5
09/24/2016 07:00:00 PM,7,5,2
09/24/2016 06:00:00 PM,26,10,16
09/24/2016 05:00:00 PM,25,8,17
09/24/2016 04:00:00 PM,26,8,18
09/24/2016 03:00:00 PM,35,13,22
09/24/2016 02:00:00 PM,19,10,9
09/24/2016 01:00:00 PM,33,19,14
09/24/2016 12:00:00 PM,27,7,20
09/24/2016 11:00:00 AM,29,18,11
09/24/2016 10:00:00 AM,12,4,8
09/24/2016 09:00:00 AM,11,7,4
09/24/2016 08:00:00 AM,17,11,6
09/24/2016 07:00:00 AM,7,4,3
09/24/2016 06:00:00 AM,2,0,2
09/24/2016 05:00:00 AM,1,1,0
09/24/2016 04:00:00 AM,2,0,2
09/24/2016 03:00:00 AM,0,0,0
09/24/2016 02:00:00 AM,3,0,3
09/24/2016 01:00:00 AM,5,1,4
09/24/2016 12:00:00 AM,3,1,2
09/23/2016 11:00:00 PM,3,3,0
09/23/2016 10:00:00 PM,8,3,5
09/23/2016 09:00:00 PM,6,2,4
09/23/2016 08:00:00 PM,8,3,5
09/23/2016 07:00:00 PM,27,13,14
09/23/2016 06:00:00 PM,58,17,41
09/23/2016 05:00:00 PM,138,42,96
09/23/2016 04:00:00 PM,100,35,65
09/23/2016 03:00:00 PM,40,12,28
09/23/2016 02:00:00 PM,35,21,14
09/23/2016 01:00:00 PM,43,17,26
09/23/2016 12:00:00 PM,24,9,15
09/23/2016 11:00:00 AM,28,12,16
09/23/2016 10:00:00 AM,31,15,16
09/23/2016 09:00:00 AM,48,20,28
09/23/2016 08:00:00 AM,91,38,53
09/23/2016 07:00:00 AM,40,20,20
09/23/2016 06:00:00 AM,27,11,16
09/23/2016 05:00:00 AM,7,5,2
09/23/2016 04:00:00 AM,2,0,2
09/23/2016 03:00:00 AM,1,1,0
09/23/2016 02:00:00 AM,0,0,0
09/23/2016 01:00:00 AM,1,1,0
09/23/2016 12:00:00 AM,3,1,2
09/22/2016 11:00:00 PM,3,0,3
09/22/2016 10:00:00 PM,13,9,4
09/22/2016 09:00:00 PM,8,4,4
09/22/2016 08:00:00 PM,10,2,8
09/22/2016 07:00:00 PM,46,23,23
09/22/2016 06:00:00 PM,105,48,57
09/22/2016 05:00:00 PM,192,66,126
09/22/2016 04:00:00 PM,115,35,80
09/22/2016 03:00:00 PM,58,13,45
09/22/2016 02:00:00 PM,43,22,21
09/22/2016 01:00:00 PM,46,26,20
09/22/2016 12:00:00 PM,48,23,25
09/22/2016 11:00:00 AM,42,15,27
09/22/2016 10:00:00 AM,42,20,22
09/22/2016 09:00:00 AM,64,28,36
09/22/2016 08:00:00 AM,135,44,91
09/22/2016 07:00:00 AM,81,37,44
09/22/2016 06:00:00 AM,31,15,16
09/22/2016 05:00:00 AM,9,5,4
09/22/2016 04:00:00 AM,1,1,0
09/22/2016 03:00:00 AM,4,1,3
09/22/2016 02:00:00 AM,0,0,0
09/22/2016 01:00:00 AM,1,1,0
09/22/2016 12:00:00 AM,3,1,2
09/21/2016 11:00:00 PM,5,3,2
09/21/2016 10:00:00 PM,7,3,4
09/21/2016 09:00:00 PM,15,4,11
09/21/2016 08:00:00 PM,13,5,8
09/21/2016 07:00:00 PM,33,15,18
09/21/2016 06:00:00 PM,137,54,83
09/21/2016 05:00:00 PM,201,69,132
09/21/2016 04:00:00 PM,130,45,85
09/21/2016 03:00:00 PM,67,17,50
09/21/2016 02:00:00 PM,42,15,27
09/21/2016 01:00:00 PM,46,19,27
09/21/2016 12:00:00 PM,48,21,27
09/21/2016 11:00:00 AM,41,12,29
09/21/2016 10:00:00 AM,30,17,13
09/21/2016 09:00:00 AM,80,31,49
09/21/2016 08:00:00 AM,133,45,88
09/21/2016 07:00:00 AM,85,39,46
09/21/2016 06:00:00 AM,32,16,16
09/21/2016 05:00:00 AM,14,10,4
09/21/2016 04:00:00 AM,0,0,0
09/21/2016 03:00:00 AM,0,0,0
09/21/2016 02:00:00 AM,1,1,0
09/21/2016 01:00:00 AM,3,2,1
09/21/2016 12:00:00 AM,3,1,2
09/20/2016 11:00:00 PM,12,10,2
09/20/2016 10:00:00 PM,9,4,5
09/20/2016 09:00:00 PM,10,5,5
09/20/2016 08:00:00 PM,16,9,7
09/20/2016 07:00:00 PM,32,18,14
09/20/2016 06:00:00 PM,127,47,80
09/20/2016 05:00:00 PM,212,61,151
09/20/2016 04:00:00 PM,125,29,96
09/20/2016 03:00:00 PM,54,16,38
09/20/2016 02:00:00 PM,33,9,24
09/20/2016 01:00:00 PM,41,20,21
09/20/2016 12:00:00 PM,48,25,23
09/20/2016 11:00:00 AM,28,16,12
09/20/2016 10:00:00 AM,23,12,11
09/20/2016 09:00:00 AM,61,30,31
09/20/2016 08:00:00 AM,133,49,84
09/20/2016 07:00:00 AM,93,42,51
09/20/2016 06:00:00 AM,29,16,13
09/20/2016 05:00:00 AM,8,6,2
09/20/2016 04:00:00 AM,0,0,0
09/20/2016 03:00:00 AM,0,0,0
09/20/2016 02:00:00 AM,1,0,1
09/20/2016 01:00:00 AM,1,0,1
09/20/2016 12:00:00 AM,6,3,3
09/19/2016 11:00:00 PM,4,0,4
09/19/2016 10:00:00 PM,18,16,2
09/19/2016 09:00:00 PM,5,2,3
09/19/2016 08:00:00 PM,15,9,6
09/19/2016 07:00:00 PM,28,13,15
09/19/2016 06:00:00 PM,92,33,59
09/19/2016 05:00:00 PM,139,36,103
09/19/2016 04:00:00 PM,104,24,80
09/19/2016 03:00:00 PM,46,19,27
09/19/2016 02:00:00 PM,22,5,17
09/19/2016 01:00:00 PM,27,18,9
09/19/2016 12:00:00 PM,35,17,18
09/19/2016 11:00:00 AM,18,13,5
09/19/2016 10:00:00 AM,19,8,11
09/19/2016 09:00:00 AM,62,29,33
09/19/2016 08:00:00 AM,98,41,57
09/19/2016 07:00:00 AM,40,16,24
09/19/2016 06:00:00 AM,29,15,14
09/19/2016 05:00:00 AM,6,4,2
09/19/2016 04:00:00 AM,2,0,2
09/19/2016 03:00:00 AM,0,0,0
09/19/2016 02:00:00 AM,2,1,1
09/19/2016 01:00:00 AM,0,0,0
09/19/2016 12:00:00 AM,1,1,0
09/18/2016 11:00:00 PM,6,4,2
09/18/2016 10:00:00 PM,1,1,0
09/18/2016 09:00:00 PM,5,1,4
09/18/2016 08:00:00 PM,2,1,1
09/18/2016 07:00:00 PM,8,3,5
09/18/2016 06:00:00 PM,12,6,6
09/18/2016 05:00:00 PM,19,11,8
09/18/2016 04:00:00 PM,18,9,9
09/18/2016 03:00:00 PM,18,5,13
09/18/2016 02:00:00 PM,24,5,19
09/18/2016 01:00:00 PM,30,18,12
09/18/2016 12:00:00 PM,24,7,17
09/18/2016 11:00:00 AM,12,4,8
09/18/2016 10:00:00 AM,14,4,10
09/18/2016 09:00:00 AM,13,9,4
09/18/2016 08:00:00 AM,8,3,5
09/18/2016 07:00:00 AM,4,1,3
09/18/2016 06:00:00 AM,0,0,0
09/18/2016 05:00:00 AM,2,2,0
09/18/2016 04:00:00 AM,0,0,0
09/18/2016 03:00:00 AM,0,0,0
09/18/2016 02:00:00 AM,0,0,0
09/18/2016 01:00:00 AM,1,0,1
09/18/2016 12:00:00 AM,0,0,0
09/17/2016 11:00:00 PM,2,0,2
09/17/2016 10:00:00 PM,13,8,5
09/17/2016 09:00:00 PM,7,2,5
09/17/2016 08:00:00 PM,14,13,1
09/17/2016 07:00:00 PM,16,10,6
09/17/2016 06:00:00 PM,20,13,7
09/17/2016 05:00:00 PM,23,8,15
09/17/2016 04:00:00 PM,19,9,10
09/17/2016 03:00:00 PM,23,15,8
09/17/2016 02:00:00 PM,14,6,8
09/17/2016 01:00:00 PM,25,10,15
09/17/2016 12:00:00 PM,24,12,12
09/17/2016 11:00:00 AM,20,5,15
09/17/2016 10:00:00 AM,8,1,7
09/17/2016 09:00:00 AM,4,2,2
09/17/2016 08:00:00 AM,28,9,19
09/17/2016 07:00:00 AM,83,17,66
09/17/2016 06:00:00 AM,3,1,2
09/17/2016 05:00:00 AM,2,2,0
09/17/2016 04:00:00 AM,0,0,0
09/17/2016 03:00:00 AM,0,0,0
09/17/2016 02:00:00 AM,2,0,2
09/17/2016 01:00:00 AM,0,0,0
09/17/2016 12:00:00 AM,3,3,0
09/16/2016 11:00:00 PM,5,3,2
09/16/2016 10:00:00 PM,15,9,6
09/16/2016 09:00:00 PM,10,5,5
09/16/2016 08:00:00 PM,16,6,10
09/16/2016 07:00:00 PM,41,16,25
09/16/2016 06:00:00 PM,85,19,66
09/16/2016 05:00:00 PM,191,70,121
09/16/2016 04:00:00 PM,115,27,88
09/16/2016 03:00:00 PM,46,22,24
09/16/2016 02:00:00 PM,58,32,26
09/16/2016 01:00:00 PM,52,29,23
09/16/2016 12:00:00 PM,34,13,21
09/16/2016 11:00:00 AM,24,10,14
09/16/2016 10:00:00 AM,29,13,16
09/16/2016 09:00:00 AM,63,28,35
09/16/2016 08:00:00 AM,125,57,68
09/16/2016 07:00:00 AM,67,27,40
09/16/2016 06:00:00 AM,33,13,20
09/16/2016 05:00:00 AM,4,3,1
09/16/2016 04:00:00 AM,0,0,0
09/16/2016 03:00:00 AM,0,0,0
09/16/2016 02:00:00 AM,0,0,0
09/16/2016 01:00:00 AM,2,0,2
09/16/2016 12:00:00 AM,5,1,4
09/15/2016 11:00:00 PM,5,4,1
09/15/2016 10:00:00 PM,7,2,5
09/15/2016 09:00:00 PM,9,6,3
09/15/2016 08:00:00 PM,18,9,9
09/15/2016 07:00:00 PM,40,14,26
09/15/2016 06:00:00 PM,105,36,69
09/15/2016 05:00:00 PM,195,61,134
09/15/2016 04:00:00 PM,134,47,87
09/15/2016 03:00:00 PM,57,13,44
09/15/2016 02:00:00 PM,39,14,25
09/15/2016 01:00:00 PM,36,19,17
09/15/2016 12:00:00 PM,44,17,27
09/15/2016 11:00:00 AM,36,14,22
09/15/2016 10:00:00 AM,34,10,24
09/15/2016 09:00:00 AM,72,38,34
09/15/2016 08:00:00 AM,139,54,85
09/15/2016 07:00:00 AM,97,44,53
09/15/2016 06:00:00 AM,32,14,18
09/15/2016 05:00:00 AM,9,6,3
09/15/2016 04:00:00 AM,2,2,0
09/15/2016 03:00:00 AM,1,0,1
09/15/2016 02:00:00 AM,2,2,0
09/15/2016 01:00:00 AM,2,0,2
09/15/2016 12:00:00 AM,2,0,2
09/14/2016 11:00:00 PM,6,2,4
09/14/2016 10:00:00 PM,10,7,3
09/14/2016 09:00:00 PM,8,3,5
09/14/2016 08:00:00 PM,18,5,13
09/14/2016 07:00:00 PM,25,9,16
09/14/2016 06:00:00 PM,104,26,78
09/14/2016 05:00:00 PM,202,63,139
09/14/2016 04:00:00 PM,113,28,85
09/14/2016 03:00:00 PM,62,22,40
09/14/2016 02:00:00 PM,39,13,26
09/14/2016 01:00:00 PM,37,14,23
09/14/2016 12:00:00 PM,43,20,23
09/14/2016 11:00:00 AM,30,18,12
09/14/2016 10:00:00 AM,31,17,14
09/14/2016 09:00:00 AM,70,29,41
09/14/2016 08:00:00 AM,148,58,90
09/14/2016 07:00:00 AM,83,34,49
09/14/2016 06:00:00 AM,27,15,12
09/14/2016 05:00:00 AM,8,6,2
09/14/2016 04:00:00 AM,1,0,1
09/14/2016 03:00:00 AM,0,0,0
09/14/2016 02:00:00 AM,0,0,0
09/14/2016 01:00:00 AM,1,1,0
09/14/2016 12:00:00 AM,1,1,0
09/13/2016 11:00:00 PM,5,3,2
09/13/2016 10:00:00 PM,13,5,8
09/13/2016 09:00:00 PM,13,6,7
09/13/2016 08:00:00 PM,14,9,5
09/13/2016 07:00:00 PM,45,16,29
09/13/2016 06:00:00 PM,105,40,65
09/13/2016 05:00:00 PM,207,69,138
09/13/2016 04:00:00 PM,140,45,95
09/13/2016 03:00:00 PM,65,30,35
09/13/2016 02:00:00 PM,30,12,18
09/13/2016 01:00:00 PM,37,22,15
09/13/2016 12:00:00 PM,47,22,25
09/13/2016 11:00:00 AM,40,16,24
09/13/2016 10:00:00 AM,32,17,15
09/13/2016 09:00:00 AM,86,38,48
09/13/2016 08:00:00 AM,135,57,78
09/13/2016 07:00:00 AM,103,42,61
09/13/2016 06:00:00 AM,35,17,18
09/13/2016 05:00:00 AM,8,4,4
09/13/2016 04:00:00 AM,1,1,0
09/13/2016 03:00:00 AM,0,0,0
09/13/2016 02:00:00 AM,0,0,0
09/13/2016 01:00:00 AM,0,0,0
09/13/2016 12:00:00 AM,4,3,1
09/12/2016 11:00:00 PM,2,2,0
09/12/2016 10:00:00 PM,2,1,1
09/12/2016 09:00:00 PM,10,2,8
09/12/2016 08:00:00 PM,18,7,11
09/12/2016 07:00:00 PM,20,10,10
09/12/2016 06:00:00 PM,96,43,53
09/12/2016 05:00:00 PM,223,64,159
09/12/2016 04:00:00 PM,120,26,94
09/12/2016 03:00:00 PM,48,13,35
09/12/2016 02:00:00 PM,30,9,21
09/12/2016 01:00:00 PM,43,26,17
09/12/2016 12:00:00 PM,33,14,19
09/12/2016 11:00:00 AM,23,12,11
09/12/2016 10:00:00 AM,27,16,11
09/12/2016 09:00:00 AM,63,28,35
09/12/2016 08:00:00 AM,150,70,80
09/12/2016 07:00:00 AM,100,40,60
09/12/2016 06:00:00 AM,27,15,12
09/12/2016 05:00:00 AM,8,7,1
09/12/2016 04:00:00 AM,0,0,0
09/12/2016 03:00:00 AM,0,0,0
09/12/2016 02:00:00 AM,2,1,1
09/12/2016 01:00:00 AM,0,0,0
09/12/2016 12:00:00 AM,4,2,2
09/11/2016 11:00:00 PM,6,2,4
09/11/2016 10:00:00 PM,6,4,2
09/11/2016 09:00:00 PM,2,1,1
09/11/2016 08:00:00 PM,10,6,4
09/11/2016 07:00:00 PM,10,5,5
09/11/2016 06:00:00 PM,20,14,6
09/11/2016 05:00:00 PM,34,13,21
09/11/2016 04:00:00 PM,28,17,11
09/11/2016 03:00:00 PM,22,15,7
09/11/2016 02:00:00 PM,18,7,11
09/11/2016 01:00:00 PM,26,14,12
09/11/2016 12:00:00 PM,19,6,13
09/11/2016 11:00:00 AM,21,5,16
09/11/2016 10:00:00 AM,21,10,11
09/11/2016 09:00:00 AM,12,5,7
09/11/2016 08:00:00 AM,6,0,6
09/11/2016 07:00:00 AM,5,3,2
09/11/2016 06:00:00 AM,1,0,1
09/11/2016 05:00:00 AM,1,1,0
09/11/2016 04:00:00 AM,0,0,0
09/11/2016 03:00:00 AM,1,0,1
09/11/2016 02:00:00 AM,2,1,1
09/11/2016 01:00:00 AM,2,0,2
09/11/2016 12:00:00 AM,4,1,3
09/10/2016 11:00:00 PM,6,4,2
09/10/2016 10:00:00 PM,5,3,2
09/10/2016 09:00:00 PM,6,5,1
09/10/2016 08:00:00 PM,9,4,5
09/10/2016 07:00:00 PM,15,9,6
09/10/2016 06:00:00 PM,26,12,14
09/10/2016 05:00:00 PM,43,21,22
09/10/2016 04:00:00 PM,38,22,16
09/10/2016 03:00:00 PM,39,10,29
09/10/2016 02:00:00 PM,48,17,31
09/10/2016 01:00:00 PM,42,22,20
09/10/2016 12:00:00 PM,47,24,23
09/10/2016 11:00:00 AM,30,14,16
09/10/2016 10:00:00 AM,20,5,15
09/10/2016 09:00:00 AM,11,8,3
09/10/2016 08:00:00 AM,10,6,4
09/10/2016 07:00:00 AM,5,2,3
09/10/2016 06:00:00 AM,2,0,2
09/10/2016 05:00:00 AM,3,2,1
09/10/2016 04:00:00 AM,0,0,0
09/10/2016 03:00:00 AM,1,0,1
09/10/2016 02:00:00 AM,0,0,0
09/10/2016 01:00:00 AM,5,0,5
09/10/2016 12:00:00 AM,5,2,3
09/09/2016 11:00:00 PM,10,2,8
09/09/2016 10:00:00 PM,8,5,3
09/09/2016 09:00:00 PM,15,7,8
09/09/2016 08:00:00 PM,15,9,6
09/09/2016 07:00:00 PM,33,17,16
09/09/2016 06:00:00 PM,67,22,45
09/09/2016 05:00:00 PM,177,55,122
09/09/2016 04:00:00 PM,122,39,83
09/09/2016 03:00:00 PM,77,30,47
09/09/2016 02:00:00 PM,48,17,31
09/09/2016 01:00:00 PM,48,29,19
09/09/2016 12:00:00 PM,53,32,21
09/09/2016 11:00:00 AM,45,22,23
09/09/2016 10:00:00 AM,43,19,24
09/09/2016 09:00:00 AM,57,24,33
09/09/2016 08:00:00 AM,112,45,67
09/09/2016 07:00:00 AM,96,45,51
09/09/2016 06:00:00 AM,30,11,19
09/09/2016 05:00:00 AM,7,6,1
09/09/2016 04:00:00 AM,0,0,0
09/09/2016 03:00:00 AM,0,0,0
09/09/2016 02:00:00 AM,0,0,0
09/09/2016 01:00:00 AM,1,1,0
09/09/2016 12:00:00 AM,3,1,2
09/08/2016 11:00:00 PM,2,1,1
09/08/2016 10:00:00 PM,7,3,4
09/08/2016 09:00:00 PM,16,8,8
09/08/2016 08:00:00 PM,9,4,5
09/08/2016 07:00:00 PM,43,19,24
09/08/2016 06:00:00 PM,85,29,56
09/08/2016 05:00:00 PM,189,56,133
09/08/2016 04:00:00 PM,122,32,90
09/08/2016 03:00:00 PM,61,28,33
09/08/2016 02:00:00 PM,45,23,22
09/08/2016 01:00:00 PM,26,11,15
09/08/2016 12:00:00 PM,37,17,20
09/08/2016 11:00:00 AM,21,10,11
09/08/2016 10:00:00 AM,30,10,20
09/08/2016 09:00:00 AM,60,20,40
09/08/2016 08:00:00 AM,117,39,78
09/08/2016 07:00:00 AM,85,36,49
09/08/2016 06:00:00 AM,32,16,16
09/08/2016 05:00:00 AM,6,3,3
09/08/2016 04:00:00 AM,0,0,0
09/08/2016 03:00:00 AM,0,0,0
09/08/2016 02:00:00 AM,0,0,0
09/08/2016 01:00:00 AM,0,0,0
09/08/2016 12:00:00 AM,2,0,2
09/07/2016 11:00:00 PM,3,3,0
09/07/2016 10:00:00 PM,5,3,2
09/07/2016 09:00:00 PM,7,6,1
09/07/2016 08:00:00 PM,16,10,6
09/07/2016 07:00:00 PM,31,9,22
09/07/2016 06:00:00 PM,99,36,63
09/07/2016 05:00:00 PM,137,42,95
09/07/2016 04:00:00 PM,117,31,86
09/07/2016 03:00:00 PM,46,14,32
09/07/2016 02:00:00 PM,29,10,19
09/07/2016 01:00:00 PM,34,15,19
09/07/2016 12:00:00 PM,45,20,25
09/07/2016 11:00:00 AM,30,9,21
09/07/2016 10:00:00 AM,31,14,17
09/07/2016 09:00:00 AM,67,22,45
09/07/2016 08:00:00 AM,121,52,69
09/07/2016 07:00:00 AM,72,40,32
09/07/2016 06:00:00 AM,36,20,16
09/07/2016 05:00:00 AM,8,6,2
09/07/2016 04:00:00 AM,2,1,1
09/07/2016 03:00:00 AM,0,0,0
09/07/2016 02:00:00 AM,0,0,0
09/07/2016 01:00:00 AM,2,1,1
09/07/2016 12:00:00 AM,3,1,2
09/06/2016 11:00:00 PM,3,1,2
09/06/2016 10:00:00 PM,3,1,2
09/06/2016 09:00:00 PM,16,7,9
09/06/2016 08:00:00 PM,18,6,12
09/06/2016 07:00:00 PM,33,19,14
09/06/2016 06:00:00 PM,66,32,34
09/06/2016 05:00:00 PM,138,45,93
09/06/2016 04:00:00 PM,111,32,79
09/06/2016 03:00:00 PM,46,16,30
09/06/2016 02:00:00 PM,35,15,20
09/06/2016 01:00:00 PM,31,9,22
09/06/2016 12:00:00 PM,30,14,16
09/06/2016 11:00:00 AM,34,14,20
09/06/2016 10:00:00 AM,22,14,8
09/06/2016 09:00:00 AM,55,26,29
09/06/2016 08:00:00 AM,85,32,53
09/06/2016 07:00:00 AM,55,27,28
09/06/2016 06:00:00 AM,15,9,6
09/06/2016 05:00:00 AM,4,3,1
09/06/2016 04:00:00 AM,0,0,0
09/06/2016 03:00:00 AM,0,0,0
09/06/2016 02:00:00 AM,0,0,0
09/06/2016 01:00:00 AM,0,0,0
09/06/2016 12:00:00 AM,2,2,0
09/05/2016 11:00:00 PM,3,1,2
09/05/2016 10:00:00 PM,11,7,4
09/05/2016 09:00:00 PM,5,3,2
09/05/2016 08:00:00 PM,10,4,6
09/05/2016 07:00:00 PM,9,4,5
09/05/2016 06:00:00 PM,28,13,15
09/05/2016 05:00:00 PM,32,13,19
09/05/2016 04:00:00 PM,32,15,17
09/05/2016 03:00:00 PM,23,11,12
09/05/2016 02:00:00 PM,16,4,12
09/05/2016 01:00:00 PM,23,10,13
09/05/2016 12:00:00 PM,31,13,18
09/05/2016 11:00:00 AM,24,8,16
09/05/2016 10:00:00 AM,9,3,6
09/05/2016 09:00:00 AM,8,3,5
09/05/2016 08:00:00 AM,7,4,3
09/05/2016 07:00:00 AM,8,4,4
09/05/2016 06:00:00 AM,2,0,2
09/05/2016 05:00:00 AM,1,1,0
09/05/2016 04:00:00 AM,1,0,1
09/05/2016 03:00:00 AM,1,0,1
09/05/2016 02:00:00 AM,1,1,0
09/05/2016 01:00:00 AM,0,0,0
09/05/2016 12:00:00 AM,3,1,2
09/04/2016 11:00:00 PM,5,1,4
09/04/2016 10:00:00 PM,4,2,2
09/04/2016 09:00:00 PM,9,6,3
09/04/2016 08:00:00 PM,6,4,2
09/04/2016 07:00:00 PM,13,6,7
09/04/2016 06:00:00 PM,18,2,16
09/04/2016 05:00:00 PM,27,10,17
09/04/2016 04:00:00 PM,27,15,12
09/04/2016 03:00:00 PM,30,15,15
09/04/2016 02:00:00 PM,35,14,21
09/04/2016 01:00:00 PM,21,12,9
09/04/2016 12:00:00 PM,27,8,19
09/04/2016 11:00:00 AM,22,7,15
09/04/2016 10:00:00 AM,8,2,6
09/04/2016 09:00:00 AM,9,2,7
09/04/2016 08:00:00 AM,2,2,0
09/04/2016 07:00:00 AM,2,1,1
09/04/2016 06:00:00 AM,2,0,2
09/04/2016 05:00:00 AM,1,1,0
09/04/2016 04:00:00 AM,0,0,0
09/04/2016 03:00:00 AM,0,0,0
09/04/2016 02:00:00 AM,2,1,1
09/04/2016 01:00:00 AM,1,0,1
09/04/2016 12:00:00 AM,1,0,1
09/03/2016 11:00:00 PM,7,4,3
09/03/2016 10:00:00 PM,5,3,2
09/03/2016 09:00:00 PM,7,4,3
09/03/2016 08:00:00 PM,9,7,2
09/03/2016 07:00:00 PM,19,10,9
09/03/2016 06:00:00 PM,26,9,17
09/03/2016 05:00:00 PM,40,14,26
09/03/2016 04:00:00 PM,18,8,10
09/03/2016 03:00:00 PM,32,15,17
09/03/2016 02:00:00 PM,24,9,15
09/03/2016 01:00:00 PM,25,13,12
09/03/2016 12:00:00 PM,16,7,9
09/03/2016 11:00:00 AM,12,4,8
09/03/2016 10:00:00 AM,9,6,3
09/03/2016 09:00:00 AM,8,3,5
09/03/2016 08:00:00 AM,9,5,4
09/03/2016 07:00:00 AM,7,3,4
09/03/2016 06:00:00 AM,3,1,2
09/03/2016 05:00:00 AM,5,3,2
09/03/2016 04:00:00 AM,1,0,1
09/03/2016 03:00:00 AM,1,0,1
09/03/2016 02:00:00 AM,1,0,1
09/03/2016 01:00:00 AM,2,0,2
09/03/2016 12:00:00 AM,5,2,3
09/02/2016 11:00:00 PM,2,1,1
09/02/2016 10:00:00 PM,11,4,7
09/02/2016 09:00:00 PM,9,6,3
09/02/2016 08:00:00 PM,14,7,7
09/02/2016 07:00:00 PM,16,10,6
09/02/2016 06:00:00 PM,50,16,34
09/02/2016 05:00:00 PM,91,26,65
09/02/2016 04:00:00 PM,91,26,65
09/02/2016 03:00:00 PM,49,17,32
09/02/2016 02:00:00 PM,34,13,21
09/02/2016 01:00:00 PM,30,15,15
09/02/2016 12:00:00 PM,26,12,14
09/02/2016 11:00:00 AM,7,3,4
09/02/2016 10:00:00 AM,18,13,5
09/02/2016 09:00:00 AM,36,17,19
09/02/2016 08:00:00 AM,77,36,41
09/02/2016 07:00:00 AM,38,18,20
09/02/2016 06:00:00 AM,16,7,9
09/02/2016 05:00:00 AM,2,2,0
09/02/2016 04:00:00 AM,0,0,0
09/02/2016 03:00:00 AM,0,0,0
09/02/2016 02:00:00 AM,0,0,0
09/02/2016 01:00:00 AM,0,0,0
09/02/2016 12:00:00 AM,8,2,6
09/01/2016 11:00:00 PM,2,1,1
09/01/2016 10:00:00 PM,11,6,5
09/01/2016 09:00:00 PM,11,6,5
09/01/2016 08:00:00 PM,11,7,4
09/01/2016 07:00:00 PM,31,13,18
09/01/2016 06:00:00 PM,102,33,69
09/01/2016 05:00:00 PM,168,45,123
09/01/2016 04:00:00 PM,91,24,67
09/01/2016 03:00:00 PM,45,20,25
09/01/2016 02:00:00 PM,30,7,23
09/01/2016 01:00:00 PM,27,14,13
09/01/2016 12:00:00 PM,45,24,21
09/01/2016 11:00:00 AM,37,20,17
09/01/2016 10:00:00 AM,34,20,14
09/01/2016 09:00:00 AM,88,38,50
09/01/2016 08:00:00 AM,91,36,55
09/01/2016 07:00:00 AM,70,34,36
09/01/2016 06:00:00 AM,30,17,13
09/01/2016 05:00:00 AM,7,6,1
09/01/2016 04:00:00 AM,0,0,0
09/01/2016 03:00:00 AM,1,0,1
09/01/2016 02:00:00 AM,0,0,0
09/01/2016 01:00:00 AM,1,0,1
09/01/2016 12:00:00 AM,4,3,1
08/31/2016 11:00:00 PM,5,2,3
08/31/2016 10:00:00 PM,5,3,2
08/31/2016 09:00:00 PM,12,3,9
08/31/2016 08:00:00 PM,18,6,12
08/31/2016 07:00:00 PM,27,9,18
08/31/2016 06:00:00 PM,96,34,62
08/31/2016 05:00:00 PM,161,46,115
08/31/2016 04:00:00 PM,102,22,80
08/31/2016 03:00:00 PM,44,17,27
08/31/2016 02:00:00 PM,36,9,27
08/31/2016 01:00:00 PM,28,16,12
08/31/2016 12:00:00 PM,33,18,15
08/31/2016 11:00:00 AM,26,14,12
08/31/2016 10:00:00 AM,36,21,15
08/31/2016 09:00:00 AM,57,21,36
08/31/2016 08:00:00 AM,109,42,67
08/31/2016 07:00:00 AM,75,41,34
08/31/2016 06:00:00 AM,28,15,13
08/31/2016 05:00:00 AM,12,9,3
08/31/2016 04:00:00 AM,0,0,0
08/31/2016 03:00:00 AM,1,1,0
08/31/2016 02:00:00 AM,2,1,1
08/31/2016 01:00:00 AM,1,1,0
08/31/2016 12:00:00 AM,3,1,2
08/30/2016 11:00:00 PM,9,5,4
08/30/2016 10:00:00 PM,7,1,6
08/30/2016 09:00:00 PM,9,3,6
08/30/2016 08:00:00 PM,18,7,11
08/30/2016 07:00:00 PM,44,11,33
08/30/2016 06:00:00 PM,116,39,77
08/30/2016 05:00:00 PM,185,61,124
08/30/2016 04:00:00 PM,137,42,95
08/30/2016 03:00:00 PM,58,21,37
08/30/2016 02:00:00 PM,44,15,29
08/30/2016 01:00:00 PM,32,15,17
08/30/2016 12:00:00 PM,45,28,17
08/30/2016 11:00:00 AM,45,17,28
08/30/2016 10:00:00 AM,34,11,23
08/30/2016 09:00:00 AM,69,31,38
08/30/2016 08:00:00 AM,145,57,88
08/30/2016 07:00:00 AM,89,44,45
08/30/2016 06:00:00 AM,37,18,19
08/30/2016 05:00:00 AM,12,8,4
08/30/2016 04:00:00 AM,0,0,0
08/30/2016 03:00:00 AM,0,0,0
08/30/2016 02:00:00 AM,2,1,1
08/30/2016 01:00:00 AM,0,0,0
08/30/2016 12:00:00 AM,2,0,2
08/29/2016 11:00:00 PM,4,3,1
08/29/2016 10:00:00 PM,4,1,3
08/29/2016 09:00:00 PM,13,7,6
08/29/2016 08:00:00 PM,19,5,14
08/29/2016 07:00:00 PM,40,16,24
08/29/2016 06:00:00 PM,113,29,84
08/29/2016 05:00:00 PM,192,60,132
08/29/2016 04:00:00 PM,106,34,72
08/29/2016 03:00:00 PM,55,18,37
08/29/2016 02:00:00 PM,31,13,18
08/29/2016 01:00:00 PM,33,17,16
08/29/2016 12:00:00 PM,32,14,18
08/29/2016 11:00:00 AM,26,10,16
08/29/2016 10:00:00 AM,28,13,15
08/29/2016 09:00:00 AM,72,28,44
08/29/2016 08:00:00 AM,142,54,88
08/29/2016 07:00:00 AM,93,38,55
08/29/2016 06:00:00 AM,37,23,14
08/29/2016 05:00:00 AM,9,6,3
08/29/2016 04:00:00 AM,0,0,0
08/29/2016 03:00:00 AM,0,0,0
08/29/2016 02:00:00 AM,1,0,1
08/29/2016 01:00:00 AM,0,0,0
08/29/2016 12:00:00 AM,3,2,1
08/28/2016 11:00:00 PM,1,1,0
08/28/2016 10:00:00 PM,7,3,4
08/28/2016 09:00:00 PM,5,2,3
08/28/2016 08:00:00 PM,3,1,2
08/28/2016 07:00:00 PM,17,9,8
08/28/2016 06:00:00 PM,14,8,6
08/28/2016 05:00:00 PM,23,13,10
08/28/2016 04:00:00 PM,29,10,19
08/28/2016 03:00:00 PM,27,12,15
08/28/2016 02:00:00 PM,20,14,6
08/28/2016 01:00:00 PM,13,7,6
08/28/2016 12:00:00 PM,28,11,17
08/28/2016 11:00:00 AM,23,11,12
08/28/2016 10:00:00 AM,18,10,8
08/28/2016 09:00:00 AM,13,4,9
08/28/2016 08:00:00 AM,5,2,3
08/28/2016 07:00:00 AM,10,5,5
08/28/2016 06:00:00 AM,6,3,3
08/28/2016 05:00:00 AM,1,1,0
08/28/2016 04:00:00 AM,0,0,0
08/28/2016 03:00:00 AM,1,1,0
08/28/2016 02:00:00 AM,3,1,2
08/28/2016 01:00:00 AM,2,2,0
08/28/2016 12:00:00 AM,3,1,2
08/27/2016 11:00:00 PM,7,3,4
08/27/2016 10:00:00 PM,6,3,3
08/27/2016 09:00:00 PM,12,8,4
08/27/2016 08:00:00 PM,9,4,5
08/27/2016 07:00:00 PM,15,11,4
08/27/2016 06:00:00 PM,19,8,11
08/27/2016 05:00:00 PM,25,11,14
08/27/2016 04:00:00 PM,27,13,14
08/27/2016 03:00:00 PM,27,14,13
08/27/2016 02:00:00 PM,26,12,14
08/27/2016 01:00:00 PM,24,13,11
08/27/2016 12:00:00 PM,36,14,22
08/27/2016 11:00:00 AM,28,16,12
08/27/2016 10:00:00 AM,25,12,13
08/27/2016 09:00:00 AM,8,3,5
08/27/2016 08:00:00 AM,13,3,10
08/27/2016 07:00:00 AM,11,6,5
08/27/2016 06:00:00 AM,5,2,3
08/27/2016 05:00:00 AM,2,2,0
08/27/2016 04:00:00 AM,1,0,1
08/27/2016 03:00:00 AM,0,0,0
08/27/2016 02:00:00 AM,0,0,0
08/27/2016 01:00:00 AM,4,1,3
08/27/2016 12:00:00 AM,3,1,2
08/26/2016 11:00:00 PM,9,6,3
08/26/2016 10:00:00 PM,3,1,2
08/26/2016 09:00:00 PM,15,6,9
08/26/2016 08:00:00 PM,11,7,4
08/26/2016 07:00:00 PM,29,11,18
08/26/2016 06:00:00 PM,70,29,41
08/26/2016 05:00:00 PM,135,46,89
08/26/2016 04:00:00 PM,113,42,71
08/26/2016 03:00:00 PM,66,20,46
08/26/2016 02:00:00 PM,45,19,26
08/26/2016 01:00:00 PM,38,19,19
08/26/2016 12:00:00 PM,44,25,19
08/26/2016 11:00:00 AM,28,15,13
08/26/2016 10:00:00 AM,28,13,15
08/26/2016 09:00:00 AM,68,28,40
08/26/2016 08:00:00 AM,113,41,72
08/26/2016 07:00:00 AM,74,31,43
08/26/2016 06:00:00 AM,39,21,18
08/26/2016 05:00:00 AM,4,2,2
08/26/2016 04:00:00 AM,1,0,1
08/26/2016 03:00:00 AM,2,2,0
08/26/2016 02:00:00 AM,1,0,1
08/26/2016 01:00:00 AM,1,1,0
08/26/2016 12:00:00 AM,5,2,3
08/25/2016 11:00:00 PM,5,1,4
08/25/2016 10:00:00 PM,19,14,5
08/25/2016 09:00:00 PM,28,14,14
08/25/2016 08:00:00 PM,16,8,8
08/25/2016 07:00:00 PM,46,20,26
08/25/2016 06:00:00 PM,121,32,89
08/25/2016 05:00:00 PM,190,46,144
08/25/2016 04:00:00 PM,128,41,87
08/25/2016 03:00:00 PM,61,17,44
08/25/2016 02:00:00 PM,54,23,31
08/25/2016 01:00:00 PM,46,20,26
08/25/2016 12:00:00 PM,35,15,20
08/25/2016 11:00:00 AM,43,17,26
08/25/2016 10:00:00 AM,42,16,26
08/25/2016 09:00:00 AM,70,26,44
08/25/2016 08:00:00 AM,143,48,95
08/25/2016 07:00:00 AM,97,41,56
08/25/2016 06:00:00 AM,41,19,22
08/25/2016 05:00:00 AM,7,7,0
08/25/2016 04:00:00 AM,0,0,0
08/25/2016 03:00:00 AM,3,1,2
08/25/2016 02:00:00 AM,0,0,0
08/25/2016 01:00:00 AM,0,0,0
08/25/2016 12:00:00 AM,2,0,2
08/24/2016 11:00:00 PM,3,2,1
08/24/2016 10:00:00 PM,6,3,3
08/24/2016 09:00:00 PM,15,5,10
08/24/2016 08:00:00 PM,22,9,13
08/24/2016 07:00:00 PM,34,7,27
08/24/2016 06:00:00 PM,107,35,72
08/24/2016 05:00:00 PM,219,71,148
08/24/2016 04:00:00 PM,157,50,107
08/24/2016 03:00:00 PM,66,25,41
08/24/2016 02:00:00 PM,30,12,18
08/24/2016 01:00:00 PM,35,13,22
08/24/2016 12:00:00 PM,68,24,44
08/24/2016 11:00:00 AM,48,20,28
08/24/2016 10:00:00 AM,38,20,18
08/24/2016 09:00:00 AM,98,46,52
08/24/2016 08:00:00 AM,137,56,81
08/24/2016 07:00:00 AM,99,41,58
08/24/2016 06:00:00 AM,37,20,17
08/24/2016 05:00:00 AM,10,8,2
08/24/2016 04:00:00 AM,0,0,0
08/24/2016 03:00:00 AM,1,1,0
08/24/2016 02:00:00 AM,2,1,1
08/24/2016 01:00:00 AM,0,0,0
08/24/2016 12:00:00 AM,4,2,2
08/23/2016 11:00:00 PM,5,2,3
08/23/2016 10:00:00 PM,18,12,6
08/23/2016 09:00:00 PM,16,11,5
08/23/2016 08:00:00 PM,31,16,15
08/23/2016 07:00:00 PM,39,13,26
08/23/2016 06:00:00 PM,120,47,73
08/23/2016 05:00:00 PM,219,62,157
08/23/2016 04:00:00 PM,132,41,91
08/23/2016 03:00:00 PM,72,33,39
08/23/2016 02:00:00 PM,41,12,29
08/23/2016 01:00:00 PM,38,16,22
08/23/2016 12:00:00 PM,34,15,19
08/23/2016 11:00:00 AM,28,11,17
08/23/2016 10:00:00 AM,36,15,21
08/23/2016 09:00:00 AM,78,32,46
08/23/2016 08:00:00 AM,150,63,87
08/23/2016 07:00:00 AM,107,52,55
08/23/2016 06:00:00 AM,41,23,18
08/23/2016 05:00:00 AM,6,4,2
08/23/2016 04:00:00 AM,1,1,0
08/23/2016 03:00:00 AM,1,1,0
08/23/2016 02:00:00 AM,2,0,2
08/23/2016 01:00:00 AM,0,0,0
08/23/2016 12:00:00 AM,5,1,4
08/22/2016 11:00:00 PM,4,1,3
08/22/2016 10:00:00 PM,14,6,8
08/22/2016 09:00:00 PM,8,3,5
08/22/2016 08:00:00 PM,9,4,5
08/22/2016 07:00:00 PM,32,10,22
08/22/2016 06:00:00 PM,109,39,70
08/22/2016 05:00:00 PM,211,66,145
08/22/2016 04:00:00 PM,144,46,98
08/22/2016 03:00:00 PM,57,19,38
08/22/2016 02:00:00 PM,29,15,14
08/22/2016 01:00:00 PM,34,17,17
08/22/2016 12:00:00 PM,25,13,12
08/22/2016 11:00:00 AM,26,12,14
08/22/2016 10:00:00 AM,30,15,15
08/22/2016 09:00:00 AM,70,38,32
08/22/2016 08:00:00 AM,140,54,86
08/22/2016 07:00:00 AM,96,43,53
08/22/2016 06:00:00 AM,36,21,15
08/22/2016 05:00:00 AM,9,5,4
08/22/2016 04:00:00 AM,2,1,1
08/22/2016 03:00:00 AM,1,1,0
08/22/2016 02:00:00 AM,1,1,0
08/22/2016 01:00:00 AM,0,0,0
08/22/2016 12:00:00 AM,1,0,1
08/21/2016 11:00:00 PM,4,3,1
08/21/2016 10:00:00 PM,8,5,3
08/21/2016 09:00:00 PM,38,30,8
08/21/2016 08:00:00 PM,25,18,7
08/21/2016 07:00:00 PM,27,11,16
08/21/2016 06:00:00 PM,45,14,31
08/21/2016 05:00:00 PM,54,15,39
08/21/2016 04:00:00 PM,34,17,17
08/21/2016 03:00:00 PM,26,8,18
08/21/2016 02:00:00 PM,26,11,15
08/21/2016 01:00:00 PM,28,12,16
08/21/2016 12:00:00 PM,44,14,30
08/21/2016 11:00:00 AM,23,8,15
08/21/2016 10:00:00 AM,13,9,4
08/21/2016 09:00:00 AM,11,1,10
08/21/2016 08:00:00 AM,10,3,7
08/21/2016 07:00:00 AM,5,3,2
08/21/2016 06:00:00 AM,3,2,1
08/21/2016 05:00:00 AM,1,1,0
08/21/2016 04:00:00 AM,0,0,0
08/21/2016 03:00:00 AM,1,1,0
08/21/2016 02:00:00 AM,2,0,2
08/21/2016 01:00:00 AM,4,1,3
08/21/2016 12:00:00 AM,2,0,2
08/20/2016 11:00:00 PM,3,3,0
08/20/2016 10:00:00 PM,12,4,8
08/20/2016 09:00:00 PM,17,12,5
08/20/2016 08:00:00 PM,13,9,4
08/20/2016 07:00:00 PM,26,18,8
08/20/2016 06:00:00 PM,14,4,10
08/20/2016 05:00:00 PM,18,3,15
08/20/2016 04:00:00 PM,20,6,14
08/20/2016 03:00:00 PM,28,11,17
08/20/2016 02:00:00 PM,20,7,13
08/20/2016 01:00:00 PM,28,15,13
08/20/2016 12:00:00 PM,31,9,22
08/20/2016 11:00:00 AM,21,5,16
08/20/2016 10:00:00 AM,23,12,11
08/20/2016 09:00:00 AM,14,4,10
08/20/2016 08:00:00 AM,10,2,8
08/20/2016 07:00:00 AM,7,3,4
08/20/2016 06:00:00 AM,3,2,1
08/20/2016 05:00:00 AM,3,0,3
08/20/2016 04:00:00 AM,0,0,0
08/20/2016 03:00:00 AM,0,0,0
08/20/2016 02:00:00 AM,4,1,3
08/20/2016 01:00:00 AM,1,0,1
08/20/2016 12:00:00 AM,5,4,1
08/19/2016 11:00:00 PM,9,7,2
08/19/2016 10:00:00 PM,8,5,3
08/19/2016 09:00:00 PM,18,5,13
08/19/2016 08:00:00 PM,25,13,12
08/19/2016 07:00:00 PM,37,17,20
08/19/2016 06:00:00 PM,105,33,72
08/19/2016 05:00:00 PM,129,35,94
08/19/2016 04:00:00 PM,119,44,75
08/19/2016 03:00:00 PM,67,28,39
08/19/2016 02:00:00 PM,60,26,34
08/19/2016 01:00:00 PM,30,19,11
08/19/2016 12:00:00 PM,37,17,20
08/19/2016 11:00:00 AM,31,11,20
08/19/2016 10:00:00 AM,36,17,19
08/19/2016 09:00:00 AM,65,29,36
08/19/2016 08:00:00 AM,138,50,88
08/19/2016 07:00:00 AM,81,38,43
08/19/2016 06:00:00 AM,30,16,14
08/19/2016 05:00:00 AM,7,2,5
08/19/2016 04:00:00 AM,1,0,1
08/19/2016 03:00:00 AM,2,1,1
08/19/2016 02:00:00 AM,0,0,0
08/19/2016 01:00:00 AM,1,1,0
08/19/2016 12:00:00 AM,2,0,2
08/18/2016 11:00:00 PM,6,3,3
08/18/2016 10:00:00 PM,19,9,10
08/18/2016 09:00:00 PM,17,8,9
08/18/2016 08:00:00 PM,21,6,15
08/18/2016 07:00:00 PM,42,15,27
08/18/2016 06:00:00 PM,138,41,97
08/18/2016 05:00:00 PM,174,48,126
08/18/2016 04:00:00 PM,122,38,84
08/18/2016 03:00:00 PM,58,21,37
08/18/2016 02:00:00 PM,51,24,27
08/18/2016 01:00:00 PM,45,21,24
08/18/2016 12:00:00 PM,39,21,18
08/18/2016 11:00:00 AM,37,14,23
08/18/2016 10:00:00 AM,47,20,27
08/18/2016 09:00:00 AM,81,37,44
08/18/2016 08:00:00 AM,124,45,79
08/18/2016 07:00:00 AM,99,45,54
08/18/2016 06:00:00 AM,31,16,15
08/18/2016 05:00:00 AM,10,5,5
08/18/2016 04:00:00 AM,1,0,1
08/18/2016 03:00:00 AM,1,1,0
08/18/2016 02:00:00 AM,0,0,0
08/18/2016 01:00:00 AM,1,1,0
08/18/2016 12:00:00 AM,4,0,4
08/17/2016 11:00:00 PM,6,4,2
08/17/2016 10:00:00 PM,7,4,3
08/17/2016 09:00:00 PM,9,5,4
08/17/2016 08:00:00 PM,14,9,5
08/17/2016 07:00:00 PM,40,12,28
08/17/2016 06:00:00 PM,97,32,65
08/17/2016 05:00:00 PM,210,72,138
08/17/2016 04:00:00 PM,152,47,105
08/17/2016 03:00:00 PM,56,23,33
08/17/2016 02:00:00 PM,45,20,25
08/17/2016 01:00:00 PM,47,28,19
08/17/2016 12:00:00 PM,46,19,27
08/17/2016 11:00:00 AM,36,14,22
08/17/2016 10:00:00 AM,34,21,13
08/17/2016 09:00:00 AM,80,38,42
08/17/2016 08:00:00 AM,163,65,98
08/17/2016 07:00:00 AM,94,40,54
08/17/2016 06:00:00 AM,39,19,20
08/17/2016 05:00:00 AM,16,10,6
08/17/2016 04:00:00 AM,2,1,1
08/17/2016 03:00:00 AM,3,2,1
08/17/2016 02:00:00 AM,0,0,0
08/17/2016 01:00:00 AM,0,0,0
08/17/2016 12:00:00 AM,4,1,3
08/16/2016 11:00:00 PM,6,3,3
08/16/2016 10:00:00 PM,11,5,6
08/16/2016 09:00:00 PM,20,10,10
08/16/2016 08:00:00 PM,21,9,12
08/16/2016 07:00:00 PM,51,20,31
08/16/2016 06:00:00 PM,116,33,83
08/16/2016 05:00:00 PM,196,69,127
08/16/2016 04:00:00 PM,133,49,84
08/16/2016 03:00:00 PM,54,23,31
08/16/2016 02:00:00 PM,41,21,20
08/16/2016 01:00:00 PM,40,19,21
08/16/2016 12:00:00 PM,51,33,18
08/16/2016 11:00:00 AM,39,16,23
08/16/2016 10:00:00 AM,34,16,18
08/16/2016 09:00:00 AM,90,39,51
08/16/2016 08:00:00 AM,148,59,89
08/16/2016 07:00:00 AM,116,46,70
08/16/2016 06:00:00 AM,45,26,19
08/16/2016 05:00:00 AM,13,6,7
08/16/2016 04:00:00 AM,0,0,0
08/16/2016 03:00:00 AM,1,0,1
08/16/2016 02:00:00 AM,0,0,0
08/16/2016 01:00:00 AM,0,0,0
08/16/2016 12:00:00 AM,1,0,1
08/15/2016 11:00:00 PM,1,0,1
08/15/2016 10:00:00 PM,9,6,3
08/15/2016 09:00:00 PM,18,7,11
08/15/2016 08:00:00 PM,17,4,13
08/15/2016 07:00:00 PM,45,20,25
08/15/2016 06:00:00 PM,107,40,67
08/15/2016 05:00:00 PM,212,69,143
08/15/2016 04:00:00 PM,122,37,85
08/15/2016 03:00:00 PM,62,30,32
08/15/2016 02:00:00 PM,38,21,17
08/15/2016 01:00:00 PM,29,11,18
08/15/2016 12:00:00 PM,35,13,22
08/15/2016 11:00:00 AM,24,12,12
08/15/2016 10:00:00 AM,30,15,15
08/15/2016 09:00:00 AM,92,45,47
08/15/2016 08:00:00 AM,124,56,68
08/15/2016 07:00:00 AM,90,45,45
08/15/2016 06:00:00 AM,40,22,18
08/15/2016 05:00:00 AM,11,6,5
08/15/2016 04:00:00 AM,1,0,1
08/15/2016 03:00:00 AM,0,0,0
08/15/2016 02:00:00 AM,0,0,0
08/15/2016 01:00:00 AM,2,0,2
08/15/2016 12:00:00 AM,3,0,3
08/14/2016 11:00:00 PM,6,4,2
08/14/2016 10:00:00 PM,7,3,4
08/14/2016 09:00:00 PM,8,4,4
08/14/2016 08:00:00 PM,11,3,8
08/14/2016 07:00:00 PM,11,5,6
08/14/2016 06:00:00 PM,52,40,12
08/14/2016 05:00:00 PM,24,12,12
08/14/2016 04:00:00 PM,36,12,24
08/14/2016 03:00:00 PM,46,7,39
08/14/2016 02:00:00 PM,31,8,23
08/14/2016 01:00:00 PM,32,15,17
08/14/2016 12:00:00 PM,32,14,18
08/14/2016 11:00:00 AM,15,2,13
08/14/2016 10:00:00 AM,9,5,4
08/14/2016 09:00:00 AM,7,3,4
08/14/2016 08:00:00 AM,10,3,7
08/14/2016 07:00:00 AM,5,2,3
08/14/2016 06:00:00 AM,5,3,2
08/14/2016 05:00:00 AM,0,0,0
08/14/2016 04:00:00 AM,0,0,0
08/14/2016 03:00:00 AM,0,0,0
08/14/2016 02:00:00 AM,2,1,1
08/14/2016 01:00:00 AM,3,1,2
08/14/2016 12:00:00 AM,2,1,1
08/13/2016 11:00:00 PM,2,1,1
08/13/2016 10:00:00 PM,11,6,5
08/13/2016 09:00:00 PM,5,4,1
08/13/2016 08:00:00 PM,8,3,5
08/13/2016 07:00:00 PM,16,10,6
08/13/2016 06:00:00 PM,20,9,11
08/13/2016 05:00:00 PM,16,3,13
08/13/2016 04:00:00 PM,17,2,15
08/13/2016 03:00:00 PM,21,5,16
08/13/2016 02:00:00 PM,30,9,21
08/13/2016 01:00:00 PM,16,5,11
08/13/2016 12:00:00 PM,19,4,15
08/13/2016 11:00:00 AM,20,2,18
08/13/2016 10:00:00 AM,25,9,16
08/13/2016 09:00:00 AM,6,2,4
08/13/2016 08:00:00 AM,7,5,2
08/13/2016 07:00:00 AM,9,2,7
08/13/2016 06:00:00 AM,1,0,1
08/13/2016 05:00:00 AM,1,0,1
08/13/2016 04:00:00 AM,0,0,0
08/13/2016 03:00:00 AM,1,1,0
08/13/2016 02:00:00 AM,3,1,2
08/13/2016 01:00:00 AM,6,3,3
08/13/2016 12:00:00 AM,10,5,5
08/12/2016 11:00:00 PM,8,4,4
08/12/2016 10:00:00 PM,6,3,3
08/12/2016 09:00:00 PM,12,4,8
08/12/2016 08:00:00 PM,29,21,8
08/12/2016 07:00:00 PM,49,21,28
08/12/2016 06:00:00 PM,69,26,43
08/12/2016 05:00:00 PM,160,54,106
08/12/2016 04:00:00 PM,122,34,88
08/12/2016 03:00:00 PM,75,28,47
08/12/2016 02:00:00 PM,38,15,23
08/12/2016 01:00:00 PM,41,19,22
08/12/2016 12:00:00 PM,39,16,23
08/12/2016 11:00:00 AM,36,19,17
08/12/2016 10:00:00 AM,37,21,16
08/12/2016 09:00:00 AM,74,37,37
08/12/2016 08:00:00 AM,117,54,63
08/12/2016 07:00:00 AM,85,39,46
08/12/2016 06:00:00 AM,30,14,16
08/12/2016 05:00:00 AM,6,3,3
08/12/2016 04:00:00 AM,0,0,0
08/12/2016 03:00:00 AM,0,0,0
08/12/2016 02:00:00 AM,1,1,0
08/12/2016 01:00:00 AM,0,0,0
08/12/2016 12:00:00 AM,3,1,2
08/11/2016 11:00:00 PM,6,4,2
08/11/2016 10:00:00 PM,6,2,4
08/11/2016 09:00:00 PM,21,9,12
08/11/2016 08:00:00 PM,19,4,15
08/11/2016 07:00:00 PM,37,14,23
08/11/2016 06:00:00 PM,118,37,81
08/11/2016 05:00:00 PM,187,50,137
08/11/2016 04:00:00 PM,143,39,104
08/11/2016 03:00:00 PM,68,24,44
08/11/2016 02:00:00 PM,44,25,19
08/11/2016 01:00:00 PM,53,26,27
08/11/2016 12:00:00 PM,39,15,24
08/11/2016 11:00:00 AM,46,24,22
08/11/2016 10:00:00 AM,33,21,12
08/11/2016 09:00:00 AM,59,26,33
08/11/2016 08:00:00 AM,138,49,89
08/11/2016 07:00:00 AM,85,40,45
08/11/2016 06:00:00 AM,35,22,13
08/11/2016 05:00:00 AM,9,5,4
08/11/2016 04:00:00 AM,0,0,0
08/11/2016 03:00:00 AM,1,1,0
08/11/2016 02:00:00 AM,3,1,2
08/11/2016 01:00:00 AM,5,2,3
08/11/2016 12:00:00 AM,3,1,2
08/10/2016 11:00:00 PM,10,7,3
08/10/2016 10:00:00 PM,19,14,5
08/10/2016 09:00:00 PM,11,4,7
08/10/2016 08:00:00 PM,25,8,17
08/10/2016 07:00:00 PM,40,21,19
08/10/2016 06:00:00 PM,118,48,70
08/10/2016 05:00:00 PM,226,63,163
08/10/2016 04:00:00 PM,151,50,101
08/10/2016 03:00:00 PM,63,24,39
08/10/2016 02:00:00 PM,33,11,22
08/10/2016 01:00:00 PM,33,18,15
08/10/2016 12:00:00 PM,45,30,15
08/10/2016 11:00:00 AM,31,14,17
08/10/2016 10:00:00 AM,32,15,17
08/10/2016 09:00:00 AM,91,46,45
08/10/2016 08:00:00 AM,137,56,81
08/10/2016 07:00:00 AM,85,43,42
08/10/2016 06:00:00 AM,47,26,21
08/10/2016 05:00:00 AM,9,5,4
08/10/2016 04:00:00 AM,0,0,0
08/10/2016 03:00:00 AM,2,2,0
08/10/2016 02:00:00 AM,2,2,0
08/10/2016 01:00:00 AM,0,0,0
08/10/2016 12:00:00 AM,7,3,4
08/09/2016 11:00:00 PM,8,4,4
08/09/2016 10:00:00 PM,10,3,7
08/09/2016 09:00:00 PM,10,2,8
08/09/2016 08:00:00 PM,32,5,27
08/09/2016 07:00:00 PM,47,21,26
08/09/2016 06:00:00 PM,127,47,80
08/09/2016 05:00:00 PM,205,66,139
08/09/2016 04:00:00 PM,150,49,101
08/09/2016 03:00:00 PM,99,60,39
08/09/2016 02:00:00 PM,29,14,15
08/09/2016 01:00:00 PM,38,19,19
08/09/2016 12:00:00 PM,44,24,20
08/09/2016 11:00:00 AM,34,15,19
08/09/2016 10:00:00 AM,31,10,21
08/09/2016 09:00:00 AM,75,42,33
08/09/2016 08:00:00 AM,127,42,85
08/09/2016 07:00:00 AM,90,43,47
08/09/2016 06:00:00 AM,43,25,18
08/09/2016 05:00:00 AM,10,5,5
08/09/2016 04:00:00 AM,0,0,0
08/09/2016 03:00:00 AM,1,1,0
08/09/2016 02:00:00 AM,0,0,0
08/09/2016 01:00:00 AM,3,2,1
08/09/2016 12:00:00 AM,1,0,1
08/08/2016 11:00:00 PM,8,1,7
08/08/2016 10:00:00 PM,10,7,3
08/08/2016 09:00:00 PM,6,3,3
08/08/2016 08:00:00 PM,19,7,12
08/08/2016 07:00:00 PM,41,14,27
08/08/2016 06:00:00 PM,99,34,65
08/08/2016 05:00:00 PM,197,63,134
08/08/2016 04:00:00 PM,117,37,80
08/08/2016 03:00:00 PM,36,9,27
08/08/2016 02:00:00 PM,31,13,18
08/08/2016 01:00:00 PM,26,15,11
08/08/2016 12:00:00 PM,40,19,21
08/08/2016 11:00:00 AM,22,10,12
08/08/2016 10:00:00 AM,22,13,9
08/08/2016 09:00:00 AM,63,31,32
08/08/2016 08:00:00 AM,121,54,67
08/08/2016 07:00:00 AM,79,37,42
08/08/2016 06:00:00 AM,26,18,8
08/08/2016 05:00:00 AM,8,3,5
08/08/2016 04:00:00 AM,0,0,0
08/08/2016 03:00:00 AM,1,1,0
08/08/2016 02:00:00 AM,1,1,0
08/08/2016 01:00:00 AM,0,0,0
08/08/2016 12:00:00 AM,2,0,2
08/07/2016 11:00:00 PM,3,2,1
08/07/2016 10:00:00 PM,3,1,2
08/07/2016 09:00:00 PM,3,1,2
08/07/2016 08:00:00 PM,4,4,0
08/07/2016 07:00:00 PM,8,5,3
08/07/2016 06:00:00 PM,10,5,5
08/07/2016 05:00:00 PM,31,19,12
08/07/2016 04:00:00 PM,22,15,7
08/07/2016 03:00:00 PM,27,12,15
08/07/2016 02:00:00 PM,31,22,9
08/07/2016 01:00:00 PM,37,10,27
08/07/2016 12:00:00 PM,30,7,23
08/07/2016 11:00:00 AM,20,8,12
08/07/2016 10:00:00 AM,17,11,6
08/07/2016 09:00:00 AM,12,4,8
08/07/2016 08:00:00 AM,8,3,5
08/07/2016 07:00:00 AM,6,2,4
08/07/2016 06:00:00 AM,3,1,2
08/07/2016 05:00:00 AM,1,1,0
08/07/2016 04:00:00 AM,3,2,1
08/07/2016 03:00:00 AM,0,0,0
08/07/2016 02:00:00 AM,6,3,3
08/07/2016 01:00:00 AM,5,5,0
08/07/2016 12:00:00 AM,11,7,4
08/06/2016 11:00:00 PM,22,12,10
08/06/2016 10:00:00 PM,14,8,6
08/06/2016 09:00:00 PM,9,7,2
08/06/2016 08:00:00 PM,24,14,10
08/06/2016 07:00:00 PM,27,9,18
08/06/2016 06:00:00 PM,24,10,14
08/06/2016 05:00:00 PM,28,10,18
08/06/2016 04:00:00 PM,39,22,17
08/06/2016 03:00:00 PM,32,13,19
08/06/2016 02:00:00 PM,31,13,18
08/06/2016 01:00:00 PM,34,16,18
08/06/2016 12:00:00 PM,51,9,42
08/06/2016 11:00:00 AM,26,9,17
08/06/2016 10:00:00 AM,18,9,9
08/06/2016 09:00:00 AM,11,2,9
08/06/2016 08:00:00 AM,26,7,19
08/06/2016 07:00:00 AM,9,3,6
08/06/2016 06:00:00 AM,2,0,2
08/06/2016 05:00:00 AM,3,1,2
08/06/2016 04:00:00 AM,0,0,0
08/06/2016 03:00:00 AM,1,0,1
08/06/2016 02:00:00 AM,3,2,1
08/06/2016 01:00:00 AM,3,2,1
08/06/2016 12:00:00 AM,3,3,0
08/05/2016 11:00:00 PM,4,4,0
08/05/2016 10:00:00 PM,16,12,4
08/05/2016 09:00:00 PM,10,5,5
08/05/2016 08:00:00 PM,16,8,8
08/05/2016 07:00:00 PM,26,17,9
08/05/2016 06:00:00 PM,90,26,64
08/05/2016 05:00:00 PM,149,53,96
08/05/2016 04:00:00 PM,139,45,94
08/05/2016 03:00:00 PM,68,22,46
08/05/2016 02:00:00 PM,61,25,36
08/05/2016 01:00:00 PM,63,29,34
08/05/2016 12:00:00 PM,39,22,17
08/05/2016 11:00:00 AM,43,18,25
08/05/2016 10:00:00 AM,36,18,18
08/05/2016 09:00:00 AM,72,36,36
08/05/2016 08:00:00 AM,121,51,70
08/05/2016 07:00:00 AM,79,34,45
08/05/2016 06:00:00 AM,24,14,10
08/05/2016 05:00:00 AM,5,1,4
08/05/2016 04:00:00 AM,0,0,0
08/05/2016 03:00:00 AM,0,0,0
08/05/2016 02:00:00 AM,1,1,0
08/05/2016 01:00:00 AM,1,1,0
08/05/2016 12:00:00 AM,6,5,1
08/04/2016 11:00:00 PM,18,15,3
08/04/2016 10:00:00 PM,17,11,6
08/04/2016 09:00:00 PM,24,15,9
08/04/2016 08:00:00 PM,43,17,26
08/04/2016 07:00:00 PM,52,18,34
08/04/2016 06:00:00 PM,137,36,101
08/04/2016 05:00:00 PM,207,60,147
08/04/2016 04:00:00 PM,139,35,104
08/04/2016 03:00:00 PM,75,27,48
08/04/2016 02:00:00 PM,52,22,30
08/04/2016 01:00:00 PM,47,21,26
08/04/2016 12:00:00 PM,45,21,24
08/04/2016 11:00:00 AM,41,15,26
08/04/2016 10:00:00 AM,41,17,24
08/04/2016 09:00:00 AM,85,43,42
08/04/2016 08:00:00 AM,120,43,77
08/04/2016 07:00:00 AM,102,37,65
08/04/2016 06:00:00 AM,36,22,14
08/04/2016 05:00:00 AM,8,6,2
08/04/2016 04:00:00 AM,0,0,0
08/04/2016 03:00:00 AM,2,2,0
08/04/2016 02:00:00 AM,0,0,0
08/04/2016 01:00:00 AM,0,0,0
08/04/2016 12:00:00 AM,2,0,2
08/03/2016 11:00:00 PM,4,3,1
08/03/2016 10:00:00 PM,15,11,4
08/03/2016 09:00:00 PM,27,16,11
08/03/2016 08:00:00 PM,27,9,18
08/03/2016 07:00:00 PM,56,21,35
08/03/2016 06:00:00 PM,113,35,78
08/03/2016 05:00:00 PM,197,64,133
08/03/2016 04:00:00 PM,137,42,95
08/03/2016 03:00:00 PM,61,20,41
08/03/2016 02:00:00 PM,46,25,21
08/03/2016 01:00:00 PM,40,18,22
08/03/2016 12:00:00 PM,44,23,21
08/03/2016 11:00:00 AM,33,8,25
08/03/2016 10:00:00 AM,29,14,15
08/03/2016 09:00:00 AM,80,35,45
08/03/2016 08:00:00 AM,141,53,88
08/03/2016 07:00:00 AM,88,34,54
08/03/2016 06:00:00 AM,37,21,16
08/03/2016 05:00:00 AM,6,4,2
08/03/2016 04:00:00 AM,1,1,0
08/03/2016 03:00:00 AM,1,1,0
08/03/2016 02:00:00 AM,3,0,3
08/03/2016 01:00:00 AM,1,1,0
08/03/2016 12:00:00 AM,3,1,2
08/02/2016 11:00:00 PM,10,3,7
08/02/2016 10:00:00 PM,19,12,7
08/02/2016 09:00:00 PM,14,10,4
08/02/2016 08:00:00 PM,15,5,10
08/02/2016 07:00:00 PM,40,18,22
08/02/2016 06:00:00 PM,112,42,70
08/02/2016 05:00:00 PM,188,55,133
08/02/2016 04:00:00 PM,126,38,88
08/02/2016 03:00:00 PM,39,18,21
08/02/2016 02:00:00 PM,27,11,16
08/02/2016 01:00:00 PM,33,14,19
08/02/2016 12:00:00 PM,40,23,17
08/02/2016 11:00:00 AM,30,19,11
08/02/2016 10:00:00 AM,26,17,9
08/02/2016 09:00:00 AM,61,31,30
08/02/2016 08:00:00 AM,129,53,76
08/02/2016 07:00:00 AM,57,22,35
08/02/2016 06:00:00 AM,32,23,9
08/02/2016 05:00:00 AM,8,4,4
08/02/2016 04:00:00 AM,1,1,0
08/02/2016 03:00:00 AM,0,0,0
08/02/2016 02:00:00 AM,0,0,0
08/02/2016 01:00:00 AM,1,1,0
08/02/2016 12:00:00 AM,5,3,2
08/01/2016 11:00:00 PM,6,3,3
08/01/2016 10:00:00 PM,15,11,4
08/01/2016 09:00:00 PM,16,8,8
08/01/2016 08:00:00 PM,26,13,13
08/01/2016 07:00:00 PM,44,13,31
08/01/2016 06:00:00 PM,120,40,80
08/01/2016 05:00:00 PM,193,50,143
08/01/2016 04:00:00 PM,146,47,99
08/01/2016 03:00:00 PM,45,14,31
08/01/2016 02:00:00 PM,33,12,21
08/01/2016 01:00:00 PM,31,20,11
08/01/2016 12:00:00 PM,39,19,20
08/01/2016 11:00:00 AM,33,16,17
08/01/2016 10:00:00 AM,30,23,7
08/01/2016 09:00:00 AM,78,38,40
08/01/2016 08:00:00 AM,124,45,79
08/01/2016 07:00:00 AM,92,33,59
08/01/2016 06:00:00 AM,26,12,14
08/01/2016 05:00:00 AM,13,5,8
08/01/2016 04:00:00 AM,2,1,1
08/01/2016 03:00:00 AM,0,0,0
08/01/2016 02:00:00 AM,3,1,2
08/01/2016 01:00:00 AM,1,0,1
08/01/2016 12:00:00 AM,3,1,2
07/31/2016 11:00:00 PM,2,1,1
07/31/2016 10:00:00 PM,8,3,5
07/31/2016 09:00:00 PM,10,6,4
07/31/2016 08:00:00 PM,12,4,8
07/31/2016 07:00:00 PM,13,7,6
07/31/2016 06:00:00 PM,21,8,13
07/31/2016 05:00:00 PM,26,12,14
07/31/2016 04:00:00 PM,21,13,8
07/31/2016 03:00:00 PM,57,42,15
07/31/2016 02:00:00 PM,21,9,12
07/31/2016 01:00:00 PM,31,8,23
07/31/2016 12:00:00 PM,80,14,66
07/31/2016 11:00:00 AM,38,12,26
07/31/2016 10:00:00 AM,18,9,9
07/31/2016 09:00:00 AM,12,6,6
07/31/2016 08:00:00 AM,7,0,7
07/31/2016 07:00:00 AM,6,2,4
07/31/2016 06:00:00 AM,8,2,6
07/31/2016 05:00:00 AM,2,1,1
07/31/2016 04:00:00 AM,1,0,1
07/31/2016 03:00:00 AM,0,0,0
07/31/2016 02:00:00 AM,3,2,1
07/31/2016 01:00:00 AM,0,0,0
07/31/2016 12:00:00 AM,3,1,2
07/30/2016 11:00:00 PM,6,4,2
07/30/2016 10:00:00 PM,28,10,18
07/30/2016 09:00:00 PM,12,6,6
07/30/2016 08:00:00 PM,12,7,5
07/30/2016 07:00:00 PM,16,9,7
07/30/2016 06:00:00 PM,35,18,17
07/30/2016 05:00:00 PM,37,19,18
07/30/2016 04:00:00 PM,36,19,17
07/30/2016 03:00:00 PM,47,31,16
07/30/2016 02:00:00 PM,28,13,15
07/30/2016 01:00:00 PM,53,27,26
07/30/2016 12:00:00 PM,46,20,26
07/30/2016 11:00:00 AM,29,9,20
07/30/2016 10:00:00 AM,23,4,19
07/30/2016 09:00:00 AM,20,12,8
07/30/2016 08:00:00 AM,23,9,14
07/30/2016 07:00:00 AM,14,3,11
07/30/2016 06:00:00 AM,7,3,4
07/30/2016 05:00:00 AM,1,0,1
07/30/2016 04:00:00 AM,1,1,0
07/30/2016 03:00:00 AM,1,1,0
07/30/2016 02:00:00 AM,2,2,0
07/30/2016 01:00:00 AM,2,0,2
07/30/2016 12:00:00 AM,6,0,6
07/29/2016 11:00:00 PM,3,1,2
07/29/2016 10:00:00 PM,7,3,4
07/29/2016 09:00:00 PM,14,7,7
07/29/2016 08:00:00 PM,17,8,9
07/29/2016 07:00:00 PM,41,21,20
07/29/2016 06:00:00 PM,86,31,55
07/29/2016 05:00:00 PM,157,56,101
07/29/2016 04:00:00 PM,131,30,101
07/29/2016 03:00:00 PM,61,28,33
07/29/2016 02:00:00 PM,48,17,31
07/29/2016 01:00:00 PM,47,17,30
07/29/2016 12:00:00 PM,43,16,27
07/29/2016 11:00:00 AM,32,13,19
07/29/2016 10:00:00 AM,42,19,23
07/29/2016 09:00:00 AM,71,39,32
07/29/2016 08:00:00 AM,117,42,75
07/29/2016 07:00:00 AM,100,43,57
07/29/2016 06:00:00 AM,26,11,15
07/29/2016 05:00:00 AM,5,4,1
07/29/2016 04:00:00 AM,1,1,0
07/29/2016 03:00:00 AM,0,0,0
07/29/2016 02:00:00 AM,4,1,3
07/29/2016 01:00:00 AM,3,0,3
07/29/2016 12:00:00 AM,6,5,1
07/28/2016 11:00:00 PM,12,5,7
07/28/2016 10:00:00 PM,11,4,7
07/28/2016 09:00:00 PM,17,5,12
07/28/2016 08:00:00 PM,31,5,26
07/28/2016 07:00:00 PM,65,20,45
07/28/2016 06:00:00 PM,126,47,79
07/28/2016 05:00:00 PM,190,56,134
07/28/2016 04:00:00 PM,144,37,107
07/28/2016 03:00:00 PM,72,32,40
07/28/2016 02:00:00 PM,43,20,23
07/28/2016 01:00:00 PM,36,19,17
07/28/2016 12:00:00 PM,43,20,23
07/28/2016 11:00:00 AM,39,15,24
07/28/2016 10:00:00 AM,43,21,22
07/28/2016 09:00:00 AM,68,29,39
07/28/2016 08:00:00 AM,122,57,65
07/28/2016 07:00:00 AM,96,34,62
07/28/2016 06:00:00 AM,31,18,13
07/28/2016 05:00:00 AM,8,5,3
07/28/2016 04:00:00 AM,2,2,0
07/28/2016 03:00:00 AM,0,0,0
07/28/2016 02:00:00 AM,2,0,2
07/28/2016 01:00:00 AM,1,0,1
07/28/2016 12:00:00 AM,3,2,1
07/27/2016 11:00:00 PM,2,2,0
07/27/2016 10:00:00 PM,13,7,6
07/27/2016 09:00:00 PM,11,3,8
07/27/2016 08:00:00 PM,33,17,16
07/27/2016 07:00:00 PM,40,10,30
07/27/2016 06:00:00 PM,113,32,81
07/27/2016 05:00:00 PM,198,67,131
07/27/2016 04:00:00 PM,136,39,97
07/27/2016 03:00:00 PM,71,27,44
07/27/2016 02:00:00 PM,45,19,26
07/27/2016 01:00:00 PM,47,21,26
07/27/2016 12:00:00 PM,46,22,24
07/27/2016 11:00:00 AM,34,15,19
07/27/2016 10:00:00 AM,39,22,17
07/27/2016 09:00:00 AM,72,33,39
07/27/2016 08:00:00 AM,154,65,89
07/27/2016 07:00:00 AM,98,37,61
07/27/2016 06:00:00 AM,34,15,19
07/27/2016 05:00:00 AM,9,5,4
07/27/2016 04:00:00 AM,1,1,0
07/27/2016 03:00:00 AM,2,1,1
07/27/2016 02:00:00 AM,2,1,1
07/27/2016 01:00:00 AM,1,0,1
07/27/2016 12:00:00 AM,6,1,5
07/26/2016 11:00:00 PM,6,3,3
07/26/2016 10:00:00 PM,10,1,9
07/26/2016 09:00:00 PM,11,7,4
07/26/2016 08:00:00 PM,29,12,17
07/26/2016 07:00:00 PM,51,21,30
07/26/2016 06:00:00 PM,113,44,69
07/26/2016 05:00:00 PM,222,68,154
07/26/2016 04:00:00 PM,169,58,111
07/26/2016 03:00:00 PM,46,18,28
07/26/2016 02:00:00 PM,40,13,27
07/26/2016 01:00:00 PM,32,9,23
07/26/2016 12:00:00 PM,31,12,19
07/26/2016 11:00:00 AM,33,17,16
07/26/2016 10:00:00 AM,36,24,12
07/26/2016 09:00:00 AM,82,46,36
07/26/2016 08:00:00 AM,144,65,79
07/26/2016 07:00:00 AM,109,49,60
07/26/2016 06:00:00 AM,32,20,12
07/26/2016 05:00:00 AM,9,5,4
07/26/2016 04:00:00 AM,2,1,1
07/26/2016 03:00:00 AM,0,0,0
07/26/2016 02:00:00 AM,0,0,0
07/26/2016 01:00:00 AM,3,1,2
07/26/2016 12:00:00 AM,6,2,4
07/25/2016 11:00:00 PM,6,1,5
07/25/2016 10:00:00 PM,11,2,9
07/25/2016 09:00:00 PM,17,5,12
07/25/2016 08:00:00 PM,23,7,16
07/25/2016 07:00:00 PM,31,14,17
07/25/2016 06:00:00 PM,112,35,77
07/25/2016 05:00:00 PM,204,69,135
07/25/2016 04:00:00 PM,145,35,110
07/25/2016 03:00:00 PM,62,19,43
07/25/2016 02:00:00 PM,30,16,14
07/25/2016 01:00:00 PM,34,14,20
07/25/2016 12:00:00 PM,39,15,24
07/25/2016 11:00:00 AM,30,12,18
07/25/2016 10:00:00 AM,27,16,11
07/25/2016 09:00:00 AM,81,46,35
07/25/2016 08:00:00 AM,123,55,68
07/25/2016 07:00:00 AM,111,43,68
07/25/2016 06:00:00 AM,26,16,10
07/25/2016 05:00:00 AM,6,2,4
07/25/2016 04:00:00 AM,2,2,0
07/25/2016 03:00:00 AM,1,1,0
07/25/2016 02:00:00 AM,3,2,1
07/25/2016 01:00:00 AM,0,0,0
07/25/2016 12:00:00 AM,3,0,3
07/24/2016 11:00:00 PM,0,0,0
07/24/2016 10:00:00 PM,3,2,1
07/24/2016 09:00:00 PM,19,13,6
07/24/2016 08:00:00 PM,11,6,5
07/24/2016 07:00:00 PM,30,19,11
07/24/2016 06:00:00 PM,23,13,10
07/24/2016 05:00:00 PM,24,9,15
07/24/2016 04:00:00 PM,32,20,12
07/24/2016 03:00:00 PM,26,11,15
07/24/2016 02:00:00 PM,40,17,23
07/24/2016 01:00:00 PM,30,20,10
07/24/2016 12:00:00 PM,40,22,18
07/24/2016 11:00:00 AM,29,9,20
07/24/2016 10:00:00 AM,25,10,15
07/24/2016 09:00:00 AM,17,8,9
07/24/2016 08:00:00 AM,14,4,10
07/24/2016 07:00:00 AM,7,2,5
07/24/2016 06:00:00 AM,1,0,1
07/24/2016 05:00:00 AM,4,0,4
07/24/2016 04:00:00 AM,2,1,1
07/24/2016 03:00:00 AM,0,0,0
07/24/2016 02:00:00 AM,1,1,0
07/24/2016 01:00:00 AM,0,0,0
07/24/2016 12:00:00 AM,6,4,2
07/23/2016 11:00:00 PM,13,7,6
07/23/2016 10:00:00 PM,7,6,1
07/23/2016 09:00:00 PM,14,6,8
07/23/2016 08:00:00 PM,31,12,19
07/23/2016 07:00:00 PM,23,14,9
07/23/2016 06:00:00 PM,32,15,17
07/23/2016 05:00:00 PM,32,11,21
07/23/2016 04:00:00 PM,34,13,21
07/23/2016 03:00:00 PM,53,26,27
07/23/2016 02:00:00 PM,28,11,17
07/23/2016 01:00:00 PM,45,25,20
07/23/2016 12:00:00 PM,21,10,11
07/23/2016 11:00:00 AM,26,6,20
07/23/2016 10:00:00 AM,14,3,11
07/23/2016 09:00:00 AM,22,7,15
07/23/2016 08:00:00 AM,12,7,5
07/23/2016 07:00:00 AM,3,1,2
07/23/2016 06:00:00 AM,2,0,2
07/23/2016 05:00:00 AM,2,0,2
07/23/2016 04:00:00 AM,2,1,1
07/23/2016 03:00:00 AM,2,1,1
07/23/2016 02:00:00 AM,2,1,1
07/23/2016 01:00:00 AM,2,0,2
07/23/2016 12:00:00 AM,2,1,1
07/22/2016 11:00:00 PM,3,2,1
07/22/2016 10:00:00 PM,5,3,2
07/22/2016 09:00:00 PM,7,3,4
07/22/2016 08:00:00 PM,23,8,15
07/22/2016 07:00:00 PM,26,8,18
07/22/2016 06:00:00 PM,44,23,21
07/22/2016 05:00:00 PM,82,29,53
07/22/2016 04:00:00 PM,68,31,37
07/22/2016 03:00:00 PM,45,17,28
07/22/2016 02:00:00 PM,28,14,14
07/22/2016 01:00:00 PM,38,20,18
07/22/2016 12:00:00 PM,30,16,14
07/22/2016 11:00:00 AM,36,14,22
07/22/2016 10:00:00 AM,43,28,15
07/22/2016 09:00:00 AM,42,19,23
07/22/2016 08:00:00 AM,48,19,29
07/22/2016 07:00:00 AM,29,11,18
07/22/2016 06:00:00 AM,17,6,11
07/22/2016 05:00:00 AM,3,2,1
07/22/2016 04:00:00 AM,1,1,0
07/22/2016 03:00:00 AM,1,1,0
07/22/2016 02:00:00 AM,0,0,0
07/22/2016 01:00:00 AM,3,1,2
07/22/2016 12:00:00 AM,3,1,2
07/21/2016 11:00:00 PM,9,4,5
07/21/2016 10:00:00 PM,11,5,6
07/21/2016 09:00:00 PM,17,10,7
07/21/2016 08:00:00 PM,27,9,18
07/21/2016 07:00:00 PM,46,14,32
07/21/2016 06:00:00 PM,107,34,73
07/21/2016 05:00:00 PM,185,66,119
07/21/2016 04:00:00 PM,151,43,108
07/21/2016 03:00:00 PM,63,21,42
07/21/2016 02:00:00 PM,36,17,19
07/21/2016 01:00:00 PM,44,23,21
07/21/2016 12:00:00 PM,53,20,33
07/21/2016 11:00:00 AM,44,18,26
07/21/2016 10:00:00 AM,35,17,18
07/21/2016 09:00:00 AM,78,39,39
07/21/2016 08:00:00 AM,139,52,87
07/21/2016 07:00:00 AM,92,40,52
07/21/2016 06:00:00 AM,38,20,18
07/21/2016 05:00:00 AM,10,7,3
07/21/2016 04:00:00 AM,6,5,1
07/21/2016 03:00:00 AM,1,0,1
07/21/2016 02:00:00 AM,2,0,2
07/21/2016 01:00:00 AM,0,0,0
07/21/2016 12:00:00 AM,1,0,1
07/20/2016 11:00:00 PM,4,3,1
07/20/2016 10:00:00 PM,16,9,7
07/20/2016 09:00:00 PM,20,9,11
07/20/2016 08:00:00 PM,25,11,14
07/20/2016 07:00:00 PM,38,15,23
07/20/2016 06:00:00 PM,115,37,78
07/20/2016 05:00:00 PM,225,65,160
07/20/2016 04:00:00 PM,114,33,81
07/20/2016 03:00:00 PM,56,19,37
07/20/2016 02:00:00 PM,32,10,22
07/20/2016 01:00:00 PM,27,14,13
07/20/2016 12:00:00 PM,70,26,44
07/20/2016 11:00:00 AM,28,16,12
07/20/2016 10:00:00 AM,39,21,18
07/20/2016 09:00:00 AM,88,38,50
07/20/2016 08:00:00 AM,148,68,80
07/20/2016 07:00:00 AM,90,36,54
07/20/2016 06:00:00 AM,37,16,21
07/20/2016 05:00:00 AM,23,16,7
07/20/2016 04:00:00 AM,2,1,1
07/20/2016 03:00:00 AM,2,1,1
07/20/2016 02:00:00 AM,2,2,0
07/20/2016 01:00:00 AM,3,2,1
07/20/2016 12:00:00 AM,4,2,2
07/19/2016 11:00:00 PM,6,3,3
07/19/2016 10:00:00 PM,22,19,3
07/19/2016 09:00:00 PM,16,9,7
07/19/2016 08:00:00 PM,31,12,19
07/19/2016 07:00:00 PM,46,17,29
07/19/2016 06:00:00 PM,109,34,75
07/19/2016 05:00:00 PM,224,76,148
07/19/2016 04:00:00 PM,127,33,94
07/19/2016 03:00:00 PM,58,21,37
07/19/2016 02:00:00 PM,25,11,14
07/19/2016 01:00:00 PM,35,19,16
07/19/2016 12:00:00 PM,38,24,14
07/19/2016 11:00:00 AM,38,24,14
07/19/2016 10:00:00 AM,27,15,12
07/19/2016 09:00:00 AM,66,32,34
07/19/2016 08:00:00 AM,146,52,94
07/19/2016 07:00:00 AM,99,40,59
07/19/2016 06:00:00 AM,35,19,16
07/19/2016 05:00:00 AM,16,11,5
07/19/2016 04:00:00 AM,1,0,1
07/19/2016 03:00:00 AM,1,1,0
07/19/2016 02:00:00 AM,2,2,0
07/19/2016 01:00:00 AM,0,0,0
07/19/2016 12:00:00 AM,1,0,1
07/18/2016 11:00:00 PM,5,3,2
07/18/2016 10:00:00 PM,15,8,7
07/18/2016 09:00:00 PM,15,6,9
07/18/2016 08:00:00 PM,14,4,10
07/18/2016 07:00:00 PM,36,16,20
07/18/2016 06:00:00 PM,92,32,60
07/18/2016 05:00:00 PM,189,56,133
07/18/2016 04:00:00 PM,134,38,96
07/18/2016 03:00:00 PM,62,26,36
07/18/2016 02:00:00 PM,25,7,18
07/18/2016 01:00:00 PM,19,6,13
07/18/2016 12:00:00 PM,34,18,16
07/18/2016 11:00:00 AM,25,14,11
07/18/2016 10:00:00 AM,28,15,13
07/18/2016 09:00:00 AM,71,35,36
07/18/2016 08:00:00 AM,136,50,86
07/18/2016 07:00:00 AM,106,45,61
07/18/2016 06:00:00 AM,33,15,18
07/18/2016 05:00:00 AM,16,9,7
07/18/2016 04:00:00 AM,2,1,1
07/18/2016 03:00:00 AM,0,0,0
07/18/2016 02:00:00 AM,0,0,0
07/18/2016 01:00:00 AM,0,0,0
07/18/2016 12:00:00 AM,6,3,3
07/17/2016 11:00:00 PM,1,1,0
07/17/2016 10:00:00 PM,7,6,1
07/17/2016 09:00:00 PM,9,6,3
07/17/2016 08:00:00 PM,11,3,8
07/17/2016 07:00:00 PM,13,7,6
07/17/2016 06:00:00 PM,17,8,9
07/17/2016 05:00:00 PM,22,15,7
07/17/2016 04:00:00 PM,42,23,19
07/17/2016 03:00:00 PM,42,16,26
07/17/2016 02:00:00 PM,29,10,19
07/17/2016 01:00:00 PM,25,7,18
07/17/2016 12:00:00 PM,46,9,37
07/17/2016 11:00:00 AM,22,6,16
07/17/2016 10:00:00 AM,18,5,13
07/17/2016 09:00:00 AM,9,2,7
07/17/2016 08:00:00 AM,8,2,6
07/17/2016 07:00:00 AM,5,2,3
07/17/2016 06:00:00 AM,8,2,6
07/17/2016 05:00:00 AM,2,2,0
07/17/2016 04:00:00 AM,1,0,1
07/17/2016 03:00:00 AM,4,2,2
07/17/2016 02:00:00 AM,2,0,2
07/17/2016 01:00:00 AM,2,1,1
07/17/2016 12:00:00 AM,4,1,3
07/16/2016 11:00:00 PM,5,3,2
07/16/2016 10:00:00 PM,9,3,6
07/16/2016 09:00:00 PM,16,6,10
07/16/2016 08:00:00 PM,12,5,7
07/16/2016 07:00:00 PM,19,12,7
07/16/2016 06:00:00 PM,29,16,13
07/16/2016 05:00:00 PM,39,18,21
07/16/2016 04:00:00 PM,36,16,20
07/16/2016 03:00:00 PM,42,12,30
07/16/2016 02:00:00 PM,37,11,26
07/16/2016 01:00:00 PM,27,12,15
07/16/2016 12:00:00 PM,42,10,32
07/16/2016 11:00:00 AM,24,3,21
07/16/2016 10:00:00 AM,18,6,12
07/16/2016 09:00:00 AM,17,3,14
07/16/2016 08:00:00 AM,16,7,9
07/16/2016 07:00:00 AM,5,1,4
07/16/2016 06:00:00 AM,0,0,0
07/16/2016 05:00:00 AM,2,1,1
07/16/2016 04:00:00 AM,2,0,2
07/16/2016 03:00:00 AM,4,1,3
07/16/2016 02:00:00 AM,0,0,0
07/16/2016 01:00:00 AM,3,1,2
07/16/2016 12:00:00 AM,7,3,4
07/15/2016 11:00:00 PM,3,2,1
07/15/2016 10:00:00 PM,21,11,10
07/15/2016 09:00:00 PM,20,11,9
07/15/2016 08:00:00 PM,21,12,9
07/15/2016 07:00:00 PM,24,11,13
07/15/2016 06:00:00 PM,80,22,58
07/15/2016 05:00:00 PM,144,38,106
07/15/2016 04:00:00 PM,155,47,108
07/15/2016 03:00:00 PM,72,28,44
07/15/2016 02:00:00 PM,51,21,30
07/15/2016 01:00:00 PM,43,18,25
07/15/2016 12:00:00 PM,42,21,21
07/15/2016 11:00:00 AM,38,18,20
07/15/2016 10:00:00 AM,31,15,16
07/15/2016 09:00:00 AM,61,39,22
07/15/2016 08:00:00 AM,124,38,86
07/15/2016 07:00:00 AM,74,37,37
07/15/2016 06:00:00 AM,27,12,15
07/15/2016 05:00:00 AM,6,4,2
07/15/2016 04:00:00 AM,0,0,0
07/15/2016 03:00:00 AM,1,1,0
07/15/2016 02:00:00 AM,4,3,1
07/15/2016 01:00:00 AM,1,1,0
07/15/2016 12:00:00 AM,7,2,5
07/14/2016 11:00:00 PM,7,4,3
07/14/2016 10:00:00 PM,7,7,0
07/14/2016 09:00:00 PM,25,15,10
07/14/2016 08:00:00 PM,27,9,18
07/14/2016 07:00:00 PM,59,21,38
07/14/2016 06:00:00 PM,106,39,67
07/14/2016 05:00:00 PM,185,56,129
07/14/2016 04:00:00 PM,130,33,97
07/14/2016 03:00:00 PM,64,30,34
07/14/2016 02:00:00 PM,45,25,20
07/14/2016 01:00:00 PM,30,11,19
07/14/2016 12:00:00 PM,53,24,29
07/14/2016 11:00:00 AM,41,21,20
07/14/2016 10:00:00 AM,47,21,26
07/14/2016 09:00:00 AM,89,39,50
07/14/2016 08:00:00 AM,138,58,80
07/14/2016 07:00:00 AM,96,42,54
07/14/2016 06:00:00 AM,22,9,13
07/14/2016 05:00:00 AM,9,6,3
07/14/2016 04:00:00 AM,2,1,1
07/14/2016 03:00:00 AM,0,0,0
07/14/2016 02:00:00 AM,2,1,1
07/14/2016 01:00:00 AM,0,0,0
07/14/2016 12:00:00 AM,4,3,1
07/13/2016 11:00:00 PM,4,3,1
07/13/2016 10:00:00 PM,13,7,6
07/13/2016 09:00:00 PM,37,30,7
07/13/2016 08:00:00 PM,29,10,19
07/13/2016 07:00:00 PM,65,17,48
07/13/2016 06:00:00 PM,147,39,108
07/13/2016 05:00:00 PM,200,61,139
07/13/2016 04:00:00 PM,150,42,108
07/13/2016 03:00:00 PM,62,22,40
07/13/2016 02:00:00 PM,38,16,22
07/13/2016 01:00:00 PM,36,20,16
07/13/2016 12:00:00 PM,37,19,18
07/13/2016 11:00:00 AM,31,14,17
07/13/2016 10:00:00 AM,41,21,20
07/13/2016 09:00:00 AM,72,43,29
07/13/2016 08:00:00 AM,126,59,67
07/13/2016 07:00:00 AM,95,36,59
07/13/2016 06:00:00 AM,37,21,16
07/13/2016 05:00:00 AM,3,1,2
07/13/2016 04:00:00 AM,0,0,0
07/13/2016 03:00:00 AM,0,0,0
07/13/2016 02:00:00 AM,3,1,2
07/13/2016 01:00:00 AM,2,1,1
07/13/2016 12:00:00 AM,2,0,2
07/12/2016 11:00:00 PM,9,6,3
07/12/2016 10:00:00 PM,8,4,4
07/12/2016 09:00:00 PM,16,5,11
07/12/2016 08:00:00 PM,13,6,7
07/12/2016 07:00:00 PM,52,24,28
07/12/2016 06:00:00 PM,118,42,76
07/12/2016 05:00:00 PM,209,70,139
07/12/2016 04:00:00 PM,125,36,89
07/12/2016 03:00:00 PM,65,20,45
07/12/2016 02:00:00 PM,37,20,17
07/12/2016 01:00:00 PM,35,16,19
07/12/2016 12:00:00 PM,49,28,21
07/12/2016 11:00:00 AM,38,20,18
07/12/2016 10:00:00 AM,29,19,10
07/12/2016 09:00:00 AM,90,54,36
07/12/2016 08:00:00 AM,136,53,83
07/12/2016 07:00:00 AM,102,45,57
07/12/2016 06:00:00 AM,34,21,13
07/12/2016 05:00:00 AM,12,4,8
07/12/2016 04:00:00 AM,2,1,1
07/12/2016 03:00:00 AM,0,0,0
07/12/2016 02:00:00 AM,0,0,0
07/12/2016 01:00:00 AM,1,0,1
07/12/2016 12:00:00 AM,2,0,2
07/11/2016 11:00:00 PM,2,0,2
07/11/2016 10:00:00 PM,2,1,1
07/11/2016 09:00:00 PM,13,6,7
07/11/2016 08:00:00 PM,26,15,11
07/11/2016 07:00:00 PM,37,11,26
07/11/2016 06:00:00 PM,75,32,43
07/11/2016 05:00:00 PM,201,59,142
07/11/2016 04:00:00 PM,121,38,83
07/11/2016 03:00:00 PM,51,17,34
07/11/2016 02:00:00 PM,28,12,16
07/11/2016 01:00:00 PM,32,17,15
07/11/2016 12:00:00 PM,33,15,18
07/11/2016 11:00:00 AM,30,16,14
07/11/2016 10:00:00 AM,29,18,11
07/11/2016 09:00:00 AM,67,39,28
07/11/2016 08:00:00 AM,137,58,79
07/11/2016 07:00:00 AM,93,40,53
07/11/2016 06:00:00 AM,28,16,12
07/11/2016 05:00:00 AM,8,6,2
07/11/2016 04:00:00 AM,2,1,1
07/11/2016 03:00:00 AM,0,0,0
07/11/2016 02:00:00 AM,2,1,1
07/11/2016 01:00:00 AM,0,0,0
07/11/2016 12:00:00 AM,4,0,4
07/10/2016 11:00:00 PM,1,1,0
07/10/2016 10:00:00 PM,3,3,0
07/10/2016 09:00:00 PM,4,2,2
07/10/2016 08:00:00 PM,8,5,3
07/10/2016 07:00:00 PM,13,5,8
07/10/2016 06:00:00 PM,22,6,16
07/10/2016 05:00:00 PM,27,11,16
07/10/2016 04:00:00 PM,49,31,18
07/10/2016 03:00:00 PM,30,11,19
07/10/2016 02:00:00 PM,32,13,19
07/10/2016 01:00:00 PM,25,10,15
07/10/2016 12:00:00 PM,29,10,19
07/10/2016 11:00:00 AM,25,6,19
07/10/2016 10:00:00 AM,19,11,8
07/10/2016 09:00:00 AM,12,6,6
07/10/2016 08:00:00 AM,9,2,7
07/10/2016 07:00:00 AM,5,4,1
07/10/2016 06:00:00 AM,2,2,0
07/10/2016 05:00:00 AM,3,0,3
07/10/2016 04:00:00 AM,0,0,0
07/10/2016 03:00:00 AM,0,0,0
07/10/2016 02:00:00 AM,1,0,1
07/10/2016 01:00:00 AM,3,1,2
07/10/2016 12:00:00 AM,2,0,2
07/09/2016 11:00:00 PM,5,3,2
07/09/2016 10:00:00 PM,4,3,1
07/09/2016 09:00:00 PM,8,4,4
07/09/2016 08:00:00 PM,17,9,8
07/09/2016 07:00:00 PM,14,9,5
07/09/2016 06:00:00 PM,28,12,16
07/09/2016 05:00:00 PM,25,10,15
07/09/2016 04:00:00 PM,32,16,16
07/09/2016 03:00:00 PM,40,25,15
07/09/2016 02:00:00 PM,61,48,13
07/09/2016 01:00:00 PM,32,21,11
07/09/2016 12:00:00 PM,43,15,28
07/09/2016 11:00:00 AM,63,7,56
07/09/2016 10:00:00 AM,36,12,24
07/09/2016 09:00:00 AM,24,11,13
07/09/2016 08:00:00 AM,24,9,15
07/09/2016 07:00:00 AM,12,5,7
07/09/2016 06:00:00 AM,1,0,1
07/09/2016 05:00:00 AM,3,1,2
07/09/2016 04:00:00 AM,2,0,2
07/09/2016 03:00:00 AM,0,0,0
07/09/2016 02:00:00 AM,1,1,0
07/09/2016 01:00:00 AM,3,1,2
07/09/2016 12:00:00 AM,2,1,1
07/08/2016 11:00:00 PM,6,3,3
07/08/2016 10:00:00 PM,4,0,4
07/08/2016 09:00:00 PM,10,2,8
07/08/2016 08:00:00 PM,21,11,10
07/08/2016 07:00:00 PM,28,12,16
07/08/2016 06:00:00 PM,76,21,55
07/08/2016 05:00:00 PM,123,38,85
07/08/2016 04:00:00 PM,97,34,63
07/08/2016 03:00:00 PM,45,10,35
07/08/2016 02:00:00 PM,35,13,22
07/08/2016 01:00:00 PM,40,19,21
07/08/2016 12:00:00 PM,37,19,18
07/08/2016 11:00:00 AM,26,17,9
07/08/2016 10:00:00 AM,18,13,5
07/08/2016 09:00:00 AM,49,26,23
07/08/2016 08:00:00 AM,87,33,54
07/08/2016 07:00:00 AM,59,26,33
07/08/2016 06:00:00 AM,26,10,16
07/08/2016 05:00:00 AM,2,2,0
07/08/2016 04:00:00 AM,2,1,1
07/08/2016 03:00:00 AM,0,0,0
07/08/2016 02:00:00 AM,0,0,0
07/08/2016 01:00:00 AM,1,1,0
07/08/2016 12:00:00 AM,2,2,0
07/07/2016 11:00:00 PM,2,1,1
07/07/2016 10:00:00 PM,8,4,4
07/07/2016 09:00:00 PM,12,7,5
07/07/2016 08:00:00 PM,21,8,13
07/07/2016 07:00:00 PM,28,15,13
07/07/2016 06:00:00 PM,74,25,49
07/07/2016 05:00:00 PM,154,44,110
07/07/2016 04:00:00 PM,114,33,81
07/07/2016 03:00:00 PM,49,14,35
07/07/2016 02:00:00 PM,33,16,17
07/07/2016 01:00:00 PM,29,16,13
07/07/2016 12:00:00 PM,32,16,16
07/07/2016 11:00:00 AM,25,15,10
07/07/2016 10:00:00 AM,31,15,16
07/07/2016 09:00:00 AM,67,28,39
07/07/2016 08:00:00 AM,111,54,57
07/07/2016 07:00:00 AM,60,31,29
07/07/2016 06:00:00 AM,30,19,11
07/07/2016 05:00:00 AM,10,5,5
07/07/2016 04:00:00 AM,3,1,2
07/07/2016 03:00:00 AM,0,0,0
07/07/2016 02:00:00 AM,0,0,0
07/07/2016 01:00:00 AM,1,1,0
07/07/2016 12:00:00 AM,3,2,1
07/06/2016 11:00:00 PM,8,4,4
07/06/2016 10:00:00 PM,9,3,6
07/06/2016 09:00:00 PM,16,5,11
07/06/2016 08:00:00 PM,27,9,18
07/06/2016 07:00:00 PM,46,21,25
07/06/2016 06:00:00 PM,112,36,76
07/06/2016 05:00:00 PM,194,52,142
07/06/2016 04:00:00 PM,130,48,82
07/06/2016 03:00:00 PM,50,15,35
07/06/2016 02:00:00 PM,34,16,18
07/06/2016 01:00:00 PM,36,14,22
07/06/2016 12:00:00 PM,34,18,16
07/06/2016 11:00:00 AM,27,14,13
07/06/2016 10:00:00 AM,26,16,10
07/06/2016 09:00:00 AM,68,35,33
07/06/2016 08:00:00 AM,147,63,84
07/06/2016 07:00:00 AM,91,41,50
07/06/2016 06:00:00 AM,29,14,15
07/06/2016 05:00:00 AM,23,11,12
07/06/2016 04:00:00 AM,2,1,1
07/06/2016 03:00:00 AM,0,0,0
07/06/2016 02:00:00 AM,2,2,0
07/06/2016 01:00:00 AM,3,2,1
07/06/2016 12:00:00 AM,7,4,3
07/05/2016 11:00:00 PM,2,0,2
07/05/2016 10:00:00 PM,12,8,4
07/05/2016 09:00:00 PM,23,15,8
07/05/2016 08:00:00 PM,20,10,10
07/05/2016 07:00:00 PM,43,15,28
07/05/2016 06:00:00 PM,85,30,55
07/05/2016 05:00:00 PM,151,41,110
07/05/2016 04:00:00 PM,92,28,64
07/05/2016 03:00:00 PM,53,22,31
07/05/2016 02:00:00 PM,30,6,24
07/05/2016 01:00:00 PM,30,16,14
07/05/2016 12:00:00 PM,38,16,22
07/05/2016 11:00:00 AM,22,11,11
07/05/2016 10:00:00 AM,31,16,15
07/05/2016 09:00:00 AM,53,27,26
07/05/2016 08:00:00 AM,108,47,61
07/05/2016 07:00:00 AM,54,28,26
07/05/2016 06:00:00 AM,20,9,11
07/05/2016 05:00:00 AM,9,5,4
07/05/2016 04:00:00 AM,2,1,1
07/05/2016 03:00:00 AM,0,0,0
07/05/2016 02:00:00 AM,1,1,0
07/05/2016 01:00:00 AM,1,0,1
07/05/2016 12:00:00 AM,10,0,10
07/04/2016 11:00:00 PM,10,0,10
07/04/2016 10:00:00 PM,7,5,2
07/04/2016 09:00:00 PM,9,7,2
07/04/2016 08:00:00 PM,6,2,4
07/04/2016 07:00:00 PM,13,6,7
07/04/2016 06:00:00 PM,17,8,9
07/04/2016 05:00:00 PM,14,7,7
07/04/2016 04:00:00 PM,16,7,9
07/04/2016 03:00:00 PM,15,7,8
07/04/2016 02:00:00 PM,20,9,11
07/04/2016 01:00:00 PM,25,16,9
07/04/2016 12:00:00 PM,12,8,4
07/04/2016 11:00:00 AM,18,9,9
07/04/2016 10:00:00 AM,19,11,8
07/04/2016 09:00:00 AM,12,4,8
07/04/2016 08:00:00 AM,9,4,5
07/04/2016 07:00:00 AM,10,2,8
07/04/2016 06:00:00 AM,0,0,0
07/04/2016 05:00:00 AM,0,0,0
07/04/2016 04:00:00 AM,0,0,0
07/04/2016 03:00:00 AM,0,0,0
07/04/2016 02:00:00 AM,1,0,1
07/04/2016 01:00:00 AM,0,0,0
07/04/2016 12:00:00 AM,1,1,0
07/03/2016 11:00:00 PM,1,0,1
07/03/2016 10:00:00 PM,6,2,4
07/03/2016 09:00:00 PM,12,7,5
07/03/2016 08:00:00 PM,15,7,8
07/03/2016 07:00:00 PM,11,8,3
07/03/2016 06:00:00 PM,18,10,8
07/03/2016 05:00:00 PM,21,14,7
07/03/2016 04:00:00 PM,30,16,14
07/03/2016 03:00:00 PM,35,3,32
07/03/2016 02:00:00 PM,17,9,8
07/03/2016 01:00:00 PM,21,9,12
07/03/2016 12:00:00 PM,29,11,18
07/03/2016 11:00:00 AM,16,6,10
07/03/2016 10:00:00 AM,13,8,5
07/03/2016 09:00:00 AM,8,1,7
07/03/2016 08:00:00 AM,7,4,3
07/03/2016 07:00:00 AM,8,3,5
07/03/2016 06:00:00 AM,3,1,2
07/03/2016 05:00:00 AM,0,0,0
07/03/2016 04:00:00 AM,0,0,0
07/03/2016 03:00:00 AM,0,0,0
07/03/2016 02:00:00 AM,2,1,1
07/03/2016 01:00:00 AM,4,2,2
07/03/2016 12:00:00 AM,0,0,0
07/02/2016 11:00:00 PM,9,5,4
07/02/2016 10:00:00 PM,7,5,2
07/02/2016 09:00:00 PM,12,4,8
07/02/2016 08:00:00 PM,21,12,9
07/02/2016 07:00:00 PM,13,6,7
07/02/2016 06:00:00 PM,12,2,10
07/02/2016 05:00:00 PM,29,8,21
07/02/2016 04:00:00 PM,22,8,14
07/02/2016 03:00:00 PM,45,20,25
07/02/2016 02:00:00 PM,19,7,12
07/02/2016 01:00:00 PM,22,13,9
07/02/2016 12:00:00 PM,33,16,17
07/02/2016 11:00:00 AM,22,4,18
07/02/2016 10:00:00 AM,23,11,12
07/02/2016 09:00:00 AM,17,2,15
07/02/2016 08:00:00 AM,18,5,13
07/02/2016 07:00:00 AM,8,4,4
07/02/2016 06:00:00 AM,5,0,5
07/02/2016 05:00:00 AM,0,0,0
07/02/2016 04:00:00 AM,1,1,0
07/02/2016 03:00:00 AM,0,0,0
07/02/2016 02:00:00 AM,1,0,1
07/02/2016 01:00:00 AM,6,1,5
07/02/2016 12:00:00 AM,5,4,1
07/01/2016 11:00:00 PM,1,0,1
07/01/2016 10:00:00 PM,16,13,3
07/01/2016 09:00:00 PM,17,7,10
07/01/2016 08:00:00 PM,21,9,12
07/01/2016 07:00:00 PM,31,10,21
07/01/2016 06:00:00 PM,83,16,67
07/01/2016 05:00:00 PM,115,35,80
07/01/2016 04:00:00 PM,122,44,78
07/01/2016 03:00:00 PM,82,25,57
07/01/2016 02:00:00 PM,50,20,30
07/01/2016 01:00:00 PM,42,17,25
07/01/2016 12:00:00 PM,38,22,16
07/01/2016 11:00:00 AM,29,12,17
07/01/2016 10:00:00 AM,30,22,8
07/01/2016 09:00:00 AM,66,31,35
07/01/2016 08:00:00 AM,98,38,60
07/01/2016 07:00:00 AM,59,33,26
07/01/2016 06:00:00 AM,44,20,24
07/01/2016 05:00:00 AM,6,3,3
07/01/2016 04:00:00 AM,3,1,2
07/01/2016 03:00:00 AM,0,0,0
07/01/2016 02:00:00 AM,3,0,3
07/01/2016 01:00:00 AM,1,1,0
07/01/2016 12:00:00 AM,4,2,2
06/30/2016 11:00:00 PM,12,3,9
06/30/2016 10:00:00 PM,11,9,2
06/30/2016 09:00:00 PM,25,6,19
06/30/2016 08:00:00 PM,16,5,11
06/30/2016 07:00:00 PM,45,13,32
06/30/2016 06:00:00 PM,105,31,74
06/30/2016 05:00:00 PM,195,62,133
06/30/2016 04:00:00 PM,127,38,89
06/30/2016 03:00:00 PM,72,22,50
06/30/2016 02:00:00 PM,44,15,29
06/30/2016 01:00:00 PM,34,15,19
06/30/2016 12:00:00 PM,44,24,20
06/30/2016 11:00:00 AM,32,12,20
06/30/2016 10:00:00 AM,42,19,23
06/30/2016 09:00:00 AM,69,39,30
06/30/2016 08:00:00 AM,131,54,77
06/30/2016 07:00:00 AM,85,41,44
06/30/2016 06:00:00 AM,37,18,19
06/30/2016 05:00:00 AM,9,5,4
06/30/2016 04:00:00 AM,2,1,1
06/30/2016 03:00:00 AM,0,0,0
06/30/2016 02:00:00 AM,2,1,1
06/30/2016 01:00:00 AM,0,0,0
06/30/2016 12:00:00 AM,3,1,2
06/29/2016 11:00:00 PM,3,2,1
06/29/2016 10:00:00 PM,18,12,6
06/29/2016 09:00:00 PM,15,9,6
06/29/2016 08:00:00 PM,27,7,20
06/29/2016 07:00:00 PM,43,14,29
06/29/2016 06:00:00 PM,113,39,74
06/29/2016 05:00:00 PM,194,60,134
06/29/2016 04:00:00 PM,138,49,89
06/29/2016 03:00:00 PM,62,19,43
06/29/2016 02:00:00 PM,45,17,28
06/29/2016 01:00:00 PM,45,31,14
06/29/2016 12:00:00 PM,37,12,25
06/29/2016 11:00:00 AM,31,15,16
06/29/2016 10:00:00 AM,32,18,14
06/29/2016 09:00:00 AM,85,40,45
06/29/2016 08:00:00 AM,137,63,74
06/29/2016 07:00:00 AM,92,42,50
06/29/2016 06:00:00 AM,47,26,21
06/29/2016 05:00:00 AM,10,4,6
06/29/2016 04:00:00 AM,2,0,2
06/29/2016 03:00:00 AM,0,0,0
06/29/2016 02:00:00 AM,1,0,1
06/29/2016 01:00:00 AM,0,0,0
06/29/2016 12:00:00 AM,4,2,2
06/28/2016 11:00:00 PM,5,1,4
06/28/2016 10:00:00 PM,12,7,5
06/28/2016 09:00:00 PM,16,6,10
06/28/2016 08:00:00 PM,31,13,18
06/28/2016 07:00:00 PM,42,18,24
06/28/2016 06:00:00 PM,119,54,65
06/28/2016 05:00:00 PM,185,57,128
06/28/2016 04:00:00 PM,134,40,94
06/28/2016 03:00:00 PM,65,21,44
06/28/2016 02:00:00 PM,29,10,19
06/28/2016 01:00:00 PM,32,12,20
06/28/2016 12:00:00 PM,31,17,14
06/28/2016 11:00:00 AM,34,19,15
06/28/2016 10:00:00 AM,39,17,22
06/28/2016 09:00:00 AM,85,39,46
06/28/2016 08:00:00 AM,133,56,77
06/28/2016 07:00:00 AM,106,52,54
06/28/2016 06:00:00 AM,43,18,25
06/28/2016 05:00:00 AM,13,6,7
06/28/2016 04:00:00 AM,2,1,1
06/28/2016 03:00:00 AM,1,0,1
06/28/2016 02:00:00 AM,2,0,2
06/28/2016 01:00:00 AM,0,0,0
06/28/2016 12:00:00 AM,8,3,5
06/27/2016 11:00:00 PM,4,1,3
06/27/2016 10:00:00 PM,7,4,3
06/27/2016 09:00:00 PM,14,6,8
06/27/2016 08:00:00 PM,23,8,15
06/27/2016 07:00:00 PM,39,17,22
06/27/2016 06:00:00 PM,105,38,67
06/27/2016 05:00:00 PM,197,59,138
06/27/2016 04:00:00 PM,135,31,104
06/27/2016 03:00:00 PM,53,18,35
06/27/2016 02:00:00 PM,32,13,19
06/27/2016 01:00:00 PM,35,21,14
06/27/2016 12:00:00 PM,32,16,16
06/27/2016 11:00:00 AM,32,14,18
06/27/2016 10:00:00 AM,29,14,15
06/27/2016 09:00:00 AM,71,44,27
06/27/2016 08:00:00 AM,137,64,73
06/27/2016 07:00:00 AM,116,59,57
06/27/2016 06:00:00 AM,31,18,13
06/27/2016 05:00:00 AM,12,7,5
06/27/2016 04:00:00 AM,2,1,1
06/27/2016 03:00:00 AM,1,0,1
06/27/2016 02:00:00 AM,0,0,0
06/27/2016 01:00:00 AM,1,0,1
06/27/2016 12:00:00 AM,8,3,5
06/26/2016 11:00:00 PM,4,1,3
06/26/2016 10:00:00 PM,4,2,2
06/26/2016 09:00:00 PM,5,2,3
06/26/2016 08:00:00 PM,15,8,7
06/26/2016 07:00:00 PM,24,14,10
06/26/2016 06:00:00 PM,21,5,16
06/26/2016 05:00:00 PM,35,17,18
06/26/2016 04:00:00 PM,47,19,28
06/26/2016 03:00:00 PM,44,20,24
06/26/2016 02:00:00 PM,28,9,19
06/26/2016 01:00:00 PM,24,12,12
06/26/2016 12:00:00 PM,37,19,18
06/26/2016 11:00:00 AM,31,25,6
06/26/2016 10:00:00 AM,27,19,8
06/26/2016 09:00:00 AM,16,7,9
06/26/2016 08:00:00 AM,6,3,3
06/26/2016 07:00:00 AM,7,5,2
06/26/2016 06:00:00 AM,5,2,3
06/26/2016 05:00:00 AM,1,1,0
06/26/2016 04:00:00 AM,1,0,1
06/26/2016 03:00:00 AM,0,0,0
06/26/2016 02:00:00 AM,5,4,1
06/26/2016 01:00:00 AM,4,2,2
06/26/2016 12:00:00 AM,4,0,4
06/25/2016 11:00:00 PM,13,7,6
06/25/2016 10:00:00 PM,30,15,15
06/25/2016 09:00:00 PM,7,3,4
06/25/2016 08:00:00 PM,24,11,13
06/25/2016 07:00:00 PM,27,12,15
06/25/2016 06:00:00 PM,31,13,18
06/25/2016 05:00:00 PM,26,14,12
06/25/2016 04:00:00 PM,49,30,19
06/25/2016 03:00:00 PM,31,14,17
06/25/2016 02:00:00 PM,24,4,20
06/25/2016 01:00:00 PM,78,26,52
06/25/2016 12:00:00 PM,36,10,26
06/25/2016 11:00:00 AM,17,5,12
06/25/2016 10:00:00 AM,17,6,11
06/25/2016 09:00:00 AM,16,8,8
06/25/2016 08:00:00 AM,23,7,16
06/25/2016 07:00:00 AM,7,4,3
06/25/2016 06:00:00 AM,4,0,4
06/25/2016 05:00:00 AM,2,2,0
06/25/2016 04:00:00 AM,2,1,1
06/25/2016 03:00:00 AM,1,0,1
06/25/2016 02:00:00 AM,1,0,1
06/25/2016 01:00:00 AM,1,0,1
06/25/2016 12:00:00 AM,5,4,1
06/24/2016 11:00:00 PM,6,1,5
06/24/2016 10:00:00 PM,10,6,4
06/24/2016 09:00:00 PM,15,6,9
06/24/2016 08:00:00 PM,7,5,2
06/24/2016 07:00:00 PM,22,15,7
06/24/2016 06:00:00 PM,71,23,48
06/24/2016 05:00:00 PM,124,45,79
06/24/2016 04:00:00 PM,101,28,73
06/24/2016 03:00:00 PM,62,17,45
06/24/2016 02:00:00 PM,39,11,28
06/24/2016 01:00:00 PM,31,12,19
06/24/2016 12:00:00 PM,40,21,19
06/24/2016 11:00:00 AM,18,10,8
06/24/2016 10:00:00 AM,34,20,14
06/24/2016 09:00:00 AM,44,20,24
06/24/2016 08:00:00 AM,86,34,52
06/24/2016 07:00:00 AM,41,25,16
06/24/2016 06:00:00 AM,30,18,12
06/24/2016 05:00:00 AM,6,2,4
06/24/2016 04:00:00 AM,1,0,1
06/24/2016 03:00:00 AM,1,1,0
06/24/2016 02:00:00 AM,1,0,1
06/24/2016 01:00:00 AM,0,0,0
06/24/2016 12:00:00 AM,2,2,0
06/23/2016 11:00:00 PM,4,1,3
06/23/2016 10:00:00 PM,1,1,0
06/23/2016 09:00:00 PM,7,3,4
06/23/2016 08:00:00 PM,14,2,12
06/23/2016 07:00:00 PM,33,14,19
06/23/2016 06:00:00 PM,62,23,39
06/23/2016 05:00:00 PM,128,34,94
06/23/2016 04:00:00 PM,89,27,62
06/23/2016 03:00:00 PM,41,12,29
06/23/2016 02:00:00 PM,30,12,18
06/23/2016 01:00:00 PM,31,11,20
06/23/2016 12:00:00 PM,37,21,16
06/23/2016 11:00:00 AM,22,15,7
06/23/2016 10:00:00 AM,33,17,16
06/23/2016 09:00:00 AM,56,28,28
06/23/2016 08:00:00 AM,86,40,46
06/23/2016 07:00:00 AM,41,21,20
06/23/2016 06:00:00 AM,22,10,12
06/23/2016 05:00:00 AM,9,6,3
06/23/2016 04:00:00 AM,0,0,0
06/23/2016 03:00:00 AM,2,1,1
06/23/2016 02:00:00 AM,2,1,1
06/23/2016 01:00:00 AM,0,0,0
06/23/2016 12:00:00 AM,5,1,4
06/22/2016 11:00:00 PM,9,5,4
06/22/2016 10:00:00 PM,6,1,5
06/22/2016 09:00:00 PM,19,6,13
06/22/2016 08:00:00 PM,29,12,17
06/22/2016 07:00:00 PM,41,15,26
06/22/2016 06:00:00 PM,118,42,76
06/22/2016 05:00:00 PM,220,72,148
06/22/2016 04:00:00 PM,129,39,90
06/22/2016 03:00:00 PM,71,29,42
06/22/2016 02:00:00 PM,59,20,39
06/22/2016 01:00:00 PM,36,15,21
06/22/2016 12:00:00 PM,39,22,17
06/22/2016 11:00:00 AM,31,15,16
06/22/2016 10:00:00 AM,32,10,22
06/22/2016 09:00:00 AM,79,35,44
06/22/2016 08:00:00 AM,129,57,72
06/22/2016 07:00:00 AM,100,34,66
06/22/2016 06:00:00 AM,39,19,20
06/22/2016 05:00:00 AM,11,8,3
06/22/2016 04:00:00 AM,0,0,0
06/22/2016 03:00:00 AM,0,0,0
06/22/2016 02:00:00 AM,1,0,1
06/22/2016 01:00:00 AM,0,0,0
06/22/2016 12:00:00 AM,4,2,2
06/21/2016 11:00:00 PM,15,8,7
06/21/2016 10:00:00 PM,5,1,4
06/21/2016 09:00:00 PM,17,3,14
06/21/2016 08:00:00 PM,32,14,18
06/21/2016 07:00:00 PM,39,15,24
06/21/2016 06:00:00 PM,105,33,72
06/21/2016 05:00:00 PM,197,64,133
06/21/2016 04:00:00 PM,122,38,84
06/21/2016 03:00:00 PM,55,18,37
06/21/2016 02:00:00 PM,52,27,25
06/21/2016 01:00:00 PM,35,19,16
06/21/2016 12:00:00 PM,50,31,19
06/21/2016 11:00:00 AM,28,14,14
06/21/2016 10:00:00 AM,29,11,18
06/21/2016 09:00:00 AM,64,31,33
06/21/2016 08:00:00 AM,139,59,80
06/21/2016 07:00:00 AM,88,37,51
06/21/2016 06:00:00 AM,34,11,23
06/21/2016 05:00:00 AM,12,5,7
06/21/2016 04:00:00 AM,0,0,0
06/21/2016 03:00:00 AM,2,1,1
06/21/2016 02:00:00 AM,1,0,1
06/21/2016 01:00:00 AM,0,0,0
06/21/2016 12:00:00 AM,3,1,2
06/20/2016 11:00:00 PM,1,0,1
06/20/2016 10:00:00 PM,0,0,0
06/20/2016 09:00:00 PM,16,8,8
06/20/2016 08:00:00 PM,16,5,11
06/20/2016 07:00:00 PM,43,16,27
06/20/2016 06:00:00 PM,110,42,68
06/20/2016 05:00:00 PM,190,52,138
06/20/2016 04:00:00 PM,131,34,97
06/20/2016 03:00:00 PM,48,17,31
06/20/2016 02:00:00 PM,24,11,13
06/20/2016 01:00:00 PM,23,8,15
06/20/2016 12:00:00 PM,33,17,16
06/20/2016 11:00:00 AM,27,16,11
06/20/2016 10:00:00 AM,35,20,15
06/20/2016 09:00:00 AM,81,43,38
06/20/2016 08:00:00 AM,136,56,80
06/20/2016 07:00:00 AM,92,38,54
06/20/2016 06:00:00 AM,35,14,21
06/20/2016 05:00:00 AM,12,5,7
06/20/2016 04:00:00 AM,4,1,3
06/20/2016 03:00:00 AM,0,0,0
06/20/2016 02:00:00 AM,3,2,1
06/20/2016 01:00:00 AM,1,0,1
06/20/2016 12:00:00 AM,2,2,0
06/19/2016 11:00:00 PM,8,7,1
06/19/2016 10:00:00 PM,4,3,1
06/19/2016 09:00:00 PM,7,4,3
06/19/2016 08:00:00 PM,15,9,6
06/19/2016 07:00:00 PM,9,5,4
06/19/2016 06:00:00 PM,17,7,10
06/19/2016 05:00:00 PM,17,9,8
06/19/2016 04:00:00 PM,13,3,10
06/19/2016 03:00:00 PM,24,11,13
06/19/2016 02:00:00 PM,23,7,16
06/19/2016 01:00:00 PM,34,24,10
06/19/2016 12:00:00 PM,23,11,12
06/19/2016 11:00:00 AM,27,8,19
06/19/2016 10:00:00 AM,15,6,9
06/19/2016 09:00:00 AM,15,6,9
06/19/2016 08:00:00 AM,18,9,9
06/19/2016 07:00:00 AM,8,3,5
06/19/2016 06:00:00 AM,5,0,5
06/19/2016 05:00:00 AM,0,0,0
06/19/2016 04:00:00 AM,1,0,1
06/19/2016 03:00:00 AM,2,0,2
06/19/2016 02:00:00 AM,1,0,1
06/19/2016 01:00:00 AM,2,0,2
06/19/2016 12:00:00 AM,6,4,2
06/18/2016 11:00:00 PM,4,2,2
06/18/2016 10:00:00 PM,7,4,3
06/18/2016 09:00:00 PM,8,2,6
06/18/2016 08:00:00 PM,7,3,4
06/18/2016 07:00:00 PM,10,7,3
06/18/2016 06:00:00 PM,22,6,16
06/18/2016 05:00:00 PM,16,3,13
06/18/2016 04:00:00 PM,23,7,16
06/18/2016 03:00:00 PM,8,2,6
06/18/2016 02:00:00 PM,20,14,6
06/18/2016 01:00:00 PM,29,15,14
06/18/2016 12:00:00 PM,12,5,7
06/18/2016 11:00:00 AM,15,10,5
06/18/2016 10:00:00 AM,6,5,1
06/18/2016 09:00:00 AM,14,13,1
06/18/2016 08:00:00 AM,14,7,7
06/18/2016 07:00:00 AM,5,2,3
06/18/2016 06:00:00 AM,5,1,4
06/18/2016 05:00:00 AM,2,2,0
06/18/2016 04:00:00 AM,2,1,1
06/18/2016 03:00:00 AM,0,0,0
06/18/2016 02:00:00 AM,1,0,1
06/18/2016 01:00:00 AM,0,0,0
06/18/2016 12:00:00 AM,1,1,0
06/17/2016 11:00:00 PM,3,3,0
06/17/2016 10:00:00 PM,4,1,3
06/17/2016 09:00:00 PM,7,3,4
06/17/2016 08:00:00 PM,14,5,9
06/17/2016 07:00:00 PM,24,10,14
06/17/2016 06:00:00 PM,84,37,47
06/17/2016 05:00:00 PM,121,42,79
06/17/2016 04:00:00 PM,99,34,65
06/17/2016 03:00:00 PM,73,29,44
06/17/2016 02:00:00 PM,50,20,30
06/17/2016 01:00:00 PM,39,15,24
06/17/2016 12:00:00 PM,44,19,25
06/17/2016 11:00:00 AM,56,23,33
06/17/2016 10:00:00 AM,26,11,15
06/17/2016 09:00:00 AM,63,38,25
06/17/2016 08:00:00 AM,120,49,71
06/17/2016 07:00:00 AM,83,31,52
06/17/2016 06:00:00 AM,32,18,14
06/17/2016 05:00:00 AM,8,4,4
06/17/2016 04:00:00 AM,3,1,2
06/17/2016 03:00:00 AM,0,0,0
06/17/2016 02:00:00 AM,0,0,0
06/17/2016 01:00:00 AM,1,0,1
06/17/2016 12:00:00 AM,6,3,3
06/16/2016 11:00:00 PM,7,4,3
06/16/2016 10:00:00 PM,17,13,4
06/16/2016 09:00:00 PM,29,20,9
06/16/2016 08:00:00 PM,32,18,14
06/16/2016 07:00:00 PM,32,15,17
06/16/2016 06:00:00 PM,114,31,83
06/16/2016 05:00:00 PM,270,77,193
06/16/2016 04:00:00 PM,135,36,99
06/16/2016 03:00:00 PM,85,27,58
06/16/2016 02:00:00 PM,49,28,21
06/16/2016 01:00:00 PM,49,29,20
06/16/2016 12:00:00 PM,28,20,8
06/16/2016 11:00:00 AM,28,9,19
06/16/2016 10:00:00 AM,48,31,17
06/16/2016 09:00:00 AM,72,51,21
06/16/2016 08:00:00 AM,140,68,72
06/16/2016 07:00:00 AM,93,42,51
06/16/2016 06:00:00 AM,31,16,15
06/16/2016 05:00:00 AM,8,6,2
06/16/2016 04:00:00 AM,0,0,0
06/16/2016 03:00:00 AM,0,0,0
06/16/2016 02:00:00 AM,1,0,1
06/16/2016 01:00:00 AM,3,1,2
06/16/2016 12:00:00 AM,5,3,2
06/15/2016 11:00:00 PM,1,0,1
06/15/2016 10:00:00 PM,8,6,2
06/15/2016 09:00:00 PM,12,5,7
06/15/2016 08:00:00 PM,16,7,9
06/15/2016 07:00:00 PM,35,12,23
06/15/2016 06:00:00 PM,116,33,83
06/15/2016 05:00:00 PM,213,63,150
06/15/2016 04:00:00 PM,120,41,79
06/15/2016 03:00:00 PM,67,28,39
06/15/2016 02:00:00 PM,44,19,25
06/15/2016 01:00:00 PM,38,13,25
06/15/2016 12:00:00 PM,37,21,16
06/15/2016 11:00:00 AM,34,15,19
06/15/2016 10:00:00 AM,32,16,16
06/15/2016 09:00:00 AM,73,40,33
06/15/2016 08:00:00 AM,144,64,80
06/15/2016 07:00:00 AM,98,45,53
06/15/2016 06:00:00 AM,37,18,19
06/15/2016 05:00:00 AM,9,5,4
06/15/2016 04:00:00 AM,0,0,0
06/15/2016 03:00:00 AM,0,0,0
06/15/2016 02:00:00 AM,0,0,0
06/15/2016 01:00:00 AM,1,1,0
06/15/2016 12:00:00 AM,6,4,2
06/14/2016 11:00:00 PM,4,2,2
06/14/2016 10:00:00 PM,4,2,2
06/14/2016 09:00:00 PM,27,17,10
06/14/2016 08:00:00 PM,16,7,9
06/14/2016 07:00:00 PM,33,10,23
06/14/2016 06:00:00 PM,89,21,68
06/14/2016 05:00:00 PM,182,51,131
06/14/2016 04:00:00 PM,98,25,73
06/14/2016 03:00:00 PM,51,24,27
06/14/2016 02:00:00 PM,43,23,20
06/14/2016 01:00:00 PM,31,12,19
06/14/2016 12:00:00 PM,37,23,14
06/14/2016 11:00:00 AM,23,10,13
06/14/2016 10:00:00 AM,24,13,11
06/14/2016 09:00:00 AM,59,25,34
06/14/2016 08:00:00 AM,105,56,49
06/14/2016 07:00:00 AM,62,24,38
06/14/2016 06:00:00 AM,23,12,11
06/14/2016 05:00:00 AM,4,4,0
06/14/2016 04:00:00 AM,0,0,0
06/14/2016 03:00:00 AM,0,0,0
06/14/2016 02:00:00 AM,1,1,0
06/14/2016 01:00:00 AM,0,0,0
06/14/2016 12:00:00 AM,4,2,2
06/13/2016 11:00:00 PM,3,2,1
06/13/2016 10:00:00 PM,8,6,2
06/13/2016 09:00:00 PM,13,5,8
06/13/2016 08:00:00 PM,7,4,3
06/13/2016 07:00:00 PM,37,19,18
06/13/2016 06:00:00 PM,96,30,66
06/13/2016 05:00:00 PM,180,52,128
06/13/2016 04:00:00 PM,112,26,86
06/13/2016 03:00:00 PM,48,20,28
06/13/2016 02:00:00 PM,39,18,21
06/13/2016 01:00:00 PM,26,9,17
06/13/2016 12:00:00 PM,30,13,17
06/13/2016 11:00:00 AM,19,10,9
06/13/2016 10:00:00 AM,29,16,13
06/13/2016 09:00:00 AM,66,27,39
06/13/2016 08:00:00 AM,119,58,61
06/13/2016 07:00:00 AM,94,35,59
06/13/2016 06:00:00 AM,33,20,13
06/13/2016 05:00:00 AM,13,7,6
06/13/2016 04:00:00 AM,2,0,2
06/13/2016 03:00:00 AM,0,0,0
06/13/2016 02:00:00 AM,2,0,2
06/13/2016 01:00:00 AM,0,0,0
06/13/2016 12:00:00 AM,5,0,5
06/12/2016 11:00:00 PM,2,2,0
06/12/2016 10:00:00 PM,1,0,1
06/12/2016 09:00:00 PM,7,4,3
06/12/2016 08:00:00 PM,10,2,8
06/12/2016 07:00:00 PM,23,10,13
06/12/2016 06:00:00 PM,25,10,15
06/12/2016 05:00:00 PM,19,8,11
06/12/2016 04:00:00 PM,38,17,21
06/12/2016 03:00:00 PM,17,10,7
06/12/2016 02:00:00 PM,21,11,10
06/12/2016 01:00:00 PM,29,6,23
06/12/2016 12:00:00 PM,39,14,25
06/12/2016 11:00:00 AM,32,10,22
06/12/2016 10:00:00 AM,15,4,11
06/12/2016 09:00:00 AM,16,3,13
06/12/2016 08:00:00 AM,10,5,5
06/12/2016 07:00:00 AM,3,2,1
06/12/2016 06:00:00 AM,1,1,0
06/12/2016 05:00:00 AM,0,0,0
06/12/2016 04:00:00 AM,0,0,0
06/12/2016 03:00:00 AM,0,0,0
06/12/2016 02:00:00 AM,3,1,2
06/12/2016 01:00:00 AM,2,1,1
06/12/2016 12:00:00 AM,6,4,2
06/11/2016 11:00:00 PM,8,3,5
06/11/2016 10:00:00 PM,9,6,3
06/11/2016 09:00:00 PM,5,5,0
06/11/2016 08:00:00 PM,13,8,5
06/11/2016 07:00:00 PM,17,10,7
06/11/2016 06:00:00 PM,22,9,13
06/11/2016 05:00:00 PM,25,10,15
06/11/2016 04:00:00 PM,21,8,13
06/11/2016 03:00:00 PM,27,11,16
06/11/2016 02:00:00 PM,24,15,9
06/11/2016 01:00:00 PM,31,15,16
06/11/2016 12:00:00 PM,16,9,7
06/11/2016 11:00:00 AM,18,4,14
06/11/2016 10:00:00 AM,13,9,4
06/11/2016 09:00:00 AM,14,7,7
06/11/2016 08:00:00 AM,11,5,6
06/11/2016 07:00:00 AM,3,2,1
06/11/2016 06:00:00 AM,5,2,3
06/11/2016 05:00:00 AM,0,0,0
06/11/2016 04:00:00 AM,0,0,0
06/11/2016 03:00:00 AM,0,0,0
06/11/2016 02:00:00 AM,0,0,0
06/11/2016 01:00:00 AM,2,0,2
06/11/2016 12:00:00 AM,2,0,2
06/10/2016 11:00:00 PM,3,2,1
06/10/2016 10:00:00 PM,12,3,9
06/10/2016 09:00:00 PM,9,4,5
06/10/2016 08:00:00 PM,19,10,9
06/10/2016 07:00:00 PM,30,12,18
06/10/2016 06:00:00 PM,58,14,44
06/10/2016 05:00:00 PM,136,37,99
06/10/2016 04:00:00 PM,113,39,74
06/10/2016 03:00:00 PM,58,22,36
06/10/2016 02:00:00 PM,41,12,29
06/10/2016 01:00:00 PM,46,20,26
06/10/2016 12:00:00 PM,31,16,15
06/10/2016 11:00:00 AM,30,11,19
06/10/2016 10:00:00 AM,29,15,14
06/10/2016 09:00:00 AM,56,33,23
06/10/2016 08:00:00 AM,114,53,61
06/10/2016 07:00:00 AM,48,25,23
06/10/2016 06:00:00 AM,35,17,18
06/10/2016 05:00:00 AM,6,3,3
06/10/2016 04:00:00 AM,1,0,1
06/10/2016 03:00:00 AM,1,1,0
06/10/2016 02:00:00 AM,0,0,0
06/10/2016 01:00:00 AM,2,0,2
06/10/2016 12:00:00 AM,0,0,0
06/09/2016 11:00:00 PM,4,3,1
06/09/2016 10:00:00 PM,7,6,1
06/09/2016 09:00:00 PM,8,3,5
06/09/2016 08:00:00 PM,19,4,15
06/09/2016 07:00:00 PM,51,19,32
06/09/2016 06:00:00 PM,94,29,65
06/09/2016 05:00:00 PM,188,57,131
06/09/2016 04:00:00 PM,128,31,97
06/09/2016 03:00:00 PM,46,21,25
06/09/2016 02:00:00 PM,34,15,19
06/09/2016 01:00:00 PM,35,13,22
06/09/2016 12:00:00 PM,27,14,13
06/09/2016 11:00:00 AM,28,16,12
06/09/2016 10:00:00 AM,37,21,16
06/09/2016 09:00:00 AM,79,32,47
06/09/2016 08:00:00 AM,124,53,71
06/09/2016 07:00:00 AM,90,43,47
06/09/2016 06:00:00 AM,29,16,13
06/09/2016 05:00:00 AM,7,6,1
06/09/2016 04:00:00 AM,1,0,1
06/09/2016 03:00:00 AM,0,0,0
06/09/2016 02:00:00 AM,2,1,1
06/09/2016 01:00:00 AM,3,3,0
06/09/2016 12:00:00 AM,2,1,1
06/08/2016 11:00:00 PM,4,1,3
06/08/2016 10:00:00 PM,10,6,4
06/08/2016 09:00:00 PM,16,7,9
06/08/2016 08:00:00 PM,31,16,15
06/08/2016 07:00:00 PM,35,11,24
06/08/2016 06:00:00 PM,116,31,85
06/08/2016 05:00:00 PM,198,60,138
06/08/2016 04:00:00 PM,118,35,83
06/08/2016 03:00:00 PM,52,16,36
06/08/2016 02:00:00 PM,36,13,23
06/08/2016 01:00:00 PM,35,17,18
06/08/2016 12:00:00 PM,44,24,20
06/08/2016 11:00:00 AM,35,14,21
06/08/2016 10:00:00 AM,32,13,19
06/08/2016 09:00:00 AM,83,42,41
06/08/2016 08:00:00 AM,153,69,84
06/08/2016 07:00:00 AM,105,43,62
06/08/2016 06:00:00 AM,45,17,28
06/08/2016 05:00:00 AM,10,7,3
06/08/2016 04:00:00 AM,0,0,0
06/08/2016 03:00:00 AM,0,0,0
06/08/2016 02:00:00 AM,1,1,0
06/08/2016 01:00:00 AM,1,0,1
06/08/2016 12:00:00 AM,9,4,5
06/07/2016 11:00:00 PM,1,0,1
06/07/2016 10:00:00 PM,13,10,3
06/07/2016 09:00:00 PM,31,8,23
06/07/2016 08:00:00 PM,26,13,13
06/07/2016 07:00:00 PM,41,18,23
06/07/2016 06:00:00 PM,134,34,100
06/07/2016 05:00:00 PM,230,62,168
06/07/2016 04:00:00 PM,167,52,115
06/07/2016 03:00:00 PM,51,22,29
06/07/2016 02:00:00 PM,40,16,24
06/07/2016 01:00:00 PM,44,17,27
06/07/2016 12:00:00 PM,50,28,22
06/07/2016 11:00:00 AM,36,21,15
06/07/2016 10:00:00 AM,33,18,15
06/07/2016 09:00:00 AM,86,42,44
06/07/2016 08:00:00 AM,138,69,69
06/07/2016 07:00:00 AM,112,49,63
06/07/2016 06:00:00 AM,43,19,24
06/07/2016 05:00:00 AM,8,5,3
06/07/2016 04:00:00 AM,0,0,0
06/07/2016 03:00:00 AM,0,0,0
06/07/2016 02:00:00 AM,2,1,1
06/07/2016 01:00:00 AM,0,0,0
06/07/2016 12:00:00 AM,6,1,5
06/06/2016 11:00:00 PM,1,0,1
06/06/2016 10:00:00 PM,8,2,6
06/06/2016 09:00:00 PM,22,10,12
06/06/2016 08:00:00 PM,17,5,12
06/06/2016 07:00:00 PM,34,10,24
06/06/2016 06:00:00 PM,121,37,84
06/06/2016 05:00:00 PM,219,68,151
06/06/2016 04:00:00 PM,147,39,108
06/06/2016 03:00:00 PM,55,17,38
06/06/2016 02:00:00 PM,37,10,27
06/06/2016 01:00:00 PM,25,12,13
06/06/2016 12:00:00 PM,22,10,12
06/06/2016 11:00:00 AM,30,13,17
06/06/2016 10:00:00 AM,25,15,10
06/06/2016 09:00:00 AM,79,34,45
06/06/2016 08:00:00 AM,152,79,73
06/06/2016 07:00:00 AM,107,44,63
06/06/2016 06:00:00 AM,47,27,20
06/06/2016 05:00:00 AM,9,7,2
06/06/2016 04:00:00 AM,1,1,0
06/06/2016 03:00:00 AM,0,0,0
06/06/2016 02:00:00 AM,2,0,2
06/06/2016 01:00:00 AM,1,0,1
06/06/2016 12:00:00 AM,4,1,3
06/05/2016 11:00:00 PM,1,1,0
06/05/2016 10:00:00 PM,9,3,6
06/05/2016 09:00:00 PM,13,5,8
06/05/2016 08:00:00 PM,10,8,2
06/05/2016 07:00:00 PM,17,4,13
06/05/2016 06:00:00 PM,19,8,11
06/05/2016 05:00:00 PM,30,16,14
06/05/2016 04:00:00 PM,25,10,15
06/05/2016 03:00:00 PM,31,14,17
06/05/2016 02:00:00 PM,29,19,10
06/05/2016 01:00:00 PM,36,15,21
06/05/2016 12:00:00 PM,20,8,12
06/05/2016 11:00:00 AM,7,3,4
06/05/2016 10:00:00 AM,7,4,3
06/05/2016 09:00:00 AM,14,8,6
06/05/2016 08:00:00 AM,5,3,2
06/05/2016 07:00:00 AM,4,2,2
06/05/2016 06:00:00 AM,2,1,1
06/05/2016 05:00:00 AM,1,0,1
06/05/2016 04:00:00 AM,2,1,1
06/05/2016 03:00:00 AM,0,0,0
06/05/2016 02:00:00 AM,1,0,1
06/05/2016 01:00:00 AM,9,3,6
06/05/2016 12:00:00 AM,5,0,5
06/04/2016 11:00:00 PM,5,3,2
06/04/2016 10:00:00 PM,7,2,5
06/04/2016 09:00:00 PM,14,7,7
06/04/2016 08:00:00 PM,16,8,8
06/04/2016 07:00:00 PM,16,10,6
06/04/2016 06:00:00 PM,31,20,11
06/04/2016 05:00:00 PM,26,12,14
06/04/2016 04:00:00 PM,47,14,33
06/04/2016 03:00:00 PM,41,11,30
06/04/2016 02:00:00 PM,25,12,13
06/04/2016 01:00:00 PM,25,11,14
06/04/2016 12:00:00 PM,31,13,18
06/04/2016 11:00:00 AM,14,4,10
06/04/2016 10:00:00 AM,9,8,1
06/04/2016 09:00:00 AM,10,6,4
06/04/2016 08:00:00 AM,11,10,1
06/04/2016 07:00:00 AM,8,2,6
06/04/2016 06:00:00 AM,2,1,1
06/04/2016 05:00:00 AM,2,1,1
06/04/2016 04:00:00 AM,1,0,1
06/04/2016 03:00:00 AM,1,1,0
06/04/2016 02:00:00 AM,4,1,3
06/04/2016 01:00:00 AM,5,2,3
06/04/2016 12:00:00 AM,5,3,2
06/03/2016 11:00:00 PM,6,3,3
06/03/2016 10:00:00 PM,3,0,3
06/03/2016 09:00:00 PM,12,4,8
06/03/2016 08:00:00 PM,14,6,8
06/03/2016 07:00:00 PM,24,10,14
06/03/2016 06:00:00 PM,101,41,60
06/03/2016 05:00:00 PM,163,48,115
06/03/2016 04:00:00 PM,132,43,89
06/03/2016 03:00:00 PM,86,25,61
06/03/2016 02:00:00 PM,45,21,24
06/03/2016 01:00:00 PM,37,16,21
06/03/2016 12:00:00 PM,30,16,14
06/03/2016 11:00:00 AM,40,16,24
06/03/2016 10:00:00 AM,33,18,15
06/03/2016 09:00:00 AM,81,28,53
06/03/2016 08:00:00 AM,128,52,76
06/03/2016 07:00:00 AM,87,47,40
06/03/2016 06:00:00 AM,34,18,16
06/03/2016 05:00:00 AM,9,5,4
06/03/2016 04:00:00 AM,1,0,1
06/03/2016 03:00:00 AM,0,0,0
06/03/2016 02:00:00 AM,1,0,1
06/03/2016 01:00:00 AM,0,0,0
06/03/2016 12:00:00 AM,2,1,1
06/02/2016 11:00:00 PM,2,2,0
06/02/2016 10:00:00 PM,9,8,1
06/02/2016 09:00:00 PM,12,7,5
06/02/2016 08:00:00 PM,23,6,17
06/02/2016 07:00:00 PM,58,18,40
06/02/2016 06:00:00 PM,99,40,59
06/02/2016 05:00:00 PM,207,50,157
06/02/2016 04:00:00 PM,122,32,90
06/02/2016 03:00:00 PM,55,18,37
06/02/2016 02:00:00 PM,37,16,21
06/02/2016 01:00:00 PM,32,16,16
06/02/2016 12:00:00 PM,36,19,17
06/02/2016 11:00:00 AM,30,10,20
06/02/2016 10:00:00 AM,36,12,24
06/02/2016 09:00:00 AM,85,38,47
06/02/2016 08:00:00 AM,116,57,59
06/02/2016 07:00:00 AM,86,38,48
06/02/2016 06:00:00 AM,39,22,17
06/02/2016 05:00:00 AM,9,7,2
06/02/2016 04:00:00 AM,0,0,0
06/02/2016 03:00:00 AM,0,0,0
06/02/2016 02:00:00 AM,1,1,0
06/02/2016 01:00:00 AM,0,0,0
06/02/2016 12:00:00 AM,2,1,1
06/01/2016 11:00:00 PM,7,5,2
06/01/2016 10:00:00 PM,9,5,4
06/01/2016 09:00:00 PM,7,2,5
06/01/2016 08:00:00 PM,18,7,11
06/01/2016 07:00:00 PM,45,18,27
06/01/2016 06:00:00 PM,117,36,81
06/01/2016 05:00:00 PM,230,68,162
06/01/2016 04:00:00 PM,154,51,103
06/01/2016 03:00:00 PM,70,23,47
06/01/2016 02:00:00 PM,51,23,28
06/01/2016 01:00:00 PM,30,8,22
06/01/2016 12:00:00 PM,38,22,16
06/01/2016 11:00:00 AM,35,19,16
06/01/2016 10:00:00 AM,41,13,28
06/01/2016 09:00:00 AM,87,40,47
06/01/2016 08:00:00 AM,180,78,102
06/01/2016 07:00:00 AM,113,50,63
06/01/2016 06:00:00 AM,50,28,22
06/01/2016 05:00:00 AM,13,7,6
06/01/2016 04:00:00 AM,3,1,2
06/01/2016 03:00:00 AM,1,1,0
06/01/2016 02:00:00 AM,3,1,2
06/01/2016 01:00:00 AM,0,0,0
06/01/2016 12:00:00 AM,1,0,1
05/31/2016 11:00:00 PM,5,4,1
05/31/2016 10:00:00 PM,10,1,9
05/31/2016 09:00:00 PM,19,7,12
05/31/2016 08:00:00 PM,21,12,9
05/31/2016 07:00:00 PM,35,9,26
05/31/2016 06:00:00 PM,96,30,66
05/31/2016 05:00:00 PM,229,64,165
05/31/2016 04:00:00 PM,149,42,107
05/31/2016 03:00:00 PM,72,20,52
05/31/2016 02:00:00 PM,47,30,17
05/31/2016 01:00:00 PM,39,25,14
05/31/2016 12:00:00 PM,51,18,33
05/31/2016 11:00:00 AM,33,20,13
05/31/2016 10:00:00 AM,41,22,19
05/31/2016 09:00:00 AM,69,36,33
05/31/2016 08:00:00 AM,172,70,102
05/31/2016 07:00:00 AM,100,42,58
05/31/2016 06:00:00 AM,40,19,21
05/31/2016 05:00:00 AM,6,5,1
05/31/2016 04:00:00 AM,4,1,3
05/31/2016 03:00:00 AM,7,2,5
05/31/2016 02:00:00 AM,0,0,0
05/31/2016 01:00:00 AM,0,0,0
05/31/2016 12:00:00 AM,2,1,1
05/30/2016 11:00:00 PM,5,2,3
05/30/2016 10:00:00 PM,9,6,3
05/30/2016 09:00:00 PM,19,6,13
05/30/2016 08:00:00 PM,17,14,3
05/30/2016 07:00:00 PM,6,3,3
05/30/2016 06:00:00 PM,24,8,16
05/30/2016 05:00:00 PM,33,16,17
05/30/2016 04:00:00 PM,33,20,13
05/30/2016 03:00:00 PM,43,19,24
05/30/2016 02:00:00 PM,31,13,18
05/30/2016 01:00:00 PM,43,15,28
05/30/2016 12:00:00 PM,33,18,15
05/30/2016 11:00:00 AM,24,13,11
05/30/2016 10:00:00 AM,29,10,19
05/30/2016 09:00:00 AM,17,8,9
05/30/2016 08:00:00 AM,13,3,10
05/30/2016 07:00:00 AM,10,6,4
05/30/2016 06:00:00 AM,5,1,4
05/30/2016 05:00:00 AM,1,0,1
05/30/2016 04:00:00 AM,0,0,0
05/30/2016 03:00:00 AM,2,2,0
05/30/2016 02:00:00 AM,0,0,0
05/30/2016 01:00:00 AM,1,0,1
05/30/2016 12:00:00 AM,4,2,2
05/29/2016 11:00:00 PM,3,1,2
05/29/2016 10:00:00 PM,4,4,0
05/29/2016 09:00:00 PM,11,4,7
05/29/2016 08:00:00 PM,6,2,4
05/29/2016 07:00:00 PM,10,4,6
05/29/2016 06:00:00 PM,16,4,12
05/29/2016 05:00:00 PM,13,8,5
05/29/2016 04:00:00 PM,18,10,8
05/29/2016 03:00:00 PM,19,5,14
05/29/2016 02:00:00 PM,14,9,5
05/29/2016 01:00:00 PM,8,6,2
05/29/2016 12:00:00 PM,16,4,12
05/29/2016 11:00:00 AM,13,5,8
05/29/2016 10:00:00 AM,6,3,3
05/29/2016 09:00:00 AM,2,1,1
05/29/2016 08:00:00 AM,4,3,1
05/29/2016 07:00:00 AM,5,0,5
05/29/2016 06:00:00 AM,2,1,1
05/29/2016 05:00:00 AM,1,0,1
05/29/2016 04:00:00 AM,0,0,0
05/29/2016 03:00:00 AM,0,0,0
05/29/2016 02:00:00 AM,2,1,1
05/29/2016 01:00:00 AM,2,1,1
05/29/2016 12:00:00 AM,6,4,2
05/28/2016 11:00:00 PM,7,3,4
05/28/2016 10:00:00 PM,13,4,9
05/28/2016 09:00:00 PM,3,1,2
05/28/2016 08:00:00 PM,11,4,7
05/28/2016 07:00:00 PM,9,3,6
05/28/2016 06:00:00 PM,9,3,6
05/28/2016 05:00:00 PM,23,4,19
05/28/2016 04:00:00 PM,16,8,8
05/28/2016 03:00:00 PM,14,3,11
05/28/2016 02:00:00 PM,15,6,9
05/28/2016 01:00:00 PM,28,16,12
05/28/2016 12:00:00 PM,19,8,11
05/28/2016 11:00:00 AM,19,15,4
05/28/2016 10:00:00 AM,10,3,7
05/28/2016 09:00:00 AM,13,8,5
05/28/2016 08:00:00 AM,25,6,19
05/28/2016 07:00:00 AM,9,5,4
05/28/2016 06:00:00 AM,2,1,1
05/28/2016 05:00:00 AM,1,1,0
05/28/2016 04:00:00 AM,0,0,0
05/28/2016 03:00:00 AM,0,0,0
05/28/2016 02:00:00 AM,2,0,2
05/28/2016 01:00:00 AM,2,1,1
05/28/2016 12:00:00 AM,1,0,1
05/27/2016 11:00:00 PM,7,5,2
05/27/2016 10:00:00 PM,10,7,3
05/27/2016 09:00:00 PM,6,3,3
05/27/2016 08:00:00 PM,11,4,7
05/27/2016 07:00:00 PM,19,8,11
05/27/2016 06:00:00 PM,55,20,35
05/27/2016 05:00:00 PM,119,37,82
05/27/2016 04:00:00 PM,103,28,75
05/27/2016 03:00:00 PM,69,22,47
05/27/2016 02:00:00 PM,33,14,19
05/27/2016 01:00:00 PM,36,14,22
05/27/2016 12:00:00 PM,35,18,17
05/27/2016 11:00:00 AM,25,9,16
05/27/2016 10:00:00 AM,25,13,12
05/27/2016 09:00:00 AM,64,31,33
05/27/2016 08:00:00 AM,95,41,54
05/27/2016 07:00:00 AM,53,20,33
05/27/2016 06:00:00 AM,21,11,10
05/27/2016 05:00:00 AM,3,2,1
05/27/2016 04:00:00 AM,0,0,0
05/27/2016 03:00:00 AM,1,1,0
05/27/2016 02:00:00 AM,0,0,0
05/27/2016 01:00:00 AM,1,1,0
05/27/2016 12:00:00 AM,0,0,0
05/26/2016 11:00:00 PM,6,2,4
05/26/2016 10:00:00 PM,10,2,8
05/26/2016 09:00:00 PM,18,8,10
05/26/2016 08:00:00 PM,9,5,4
05/26/2016 07:00:00 PM,42,21,21
05/26/2016 06:00:00 PM,74,27,47
05/26/2016 05:00:00 PM,201,59,142
05/26/2016 04:00:00 PM,133,33,100
05/26/2016 03:00:00 PM,48,21,27
05/26/2016 02:00:00 PM,36,8,28
05/26/2016 01:00:00 PM,29,15,14
05/26/2016 12:00:00 PM,39,21,18
05/26/2016 11:00:00 AM,30,11,19
05/26/2016 10:00:00 AM,35,16,19
05/26/2016 09:00:00 AM,59,26,33
05/26/2016 08:00:00 AM,138,54,84
05/26/2016 07:00:00 AM,91,40,51
05/26/2016 06:00:00 AM,32,16,16
05/26/2016 05:00:00 AM,7,3,4
05/26/2016 04:00:00 AM,0,0,0
05/26/2016 03:00:00 AM,1,1,0
05/26/2016 02:00:00 AM,0,0,0
05/26/2016 01:00:00 AM,2,1,1
05/26/2016 12:00:00 AM,5,2,3
05/25/2016 11:00:00 PM,2,0,2
05/25/2016 10:00:00 PM,11,5,6
05/25/2016 09:00:00 PM,12,4,8
05/25/2016 08:00:00 PM,21,11,10
05/25/2016 07:00:00 PM,43,14,29
05/25/2016 06:00:00 PM,102,30,72
05/25/2016 05:00:00 PM,189,56,133
05/25/2016 04:00:00 PM,102,31,71
05/25/2016 03:00:00 PM,77,26,51
05/25/2016 02:00:00 PM,42,19,23
05/25/2016 01:00:00 PM,31,12,19
05/25/2016 12:00:00 PM,48,18,30
05/25/2016 11:00:00 AM,34,15,19
05/25/2016 10:00:00 AM,30,19,11
05/25/2016 09:00:00 AM,77,36,41
05/25/2016 08:00:00 AM,137,61,76
05/25/2016 07:00:00 AM,90,42,48
05/25/2016 06:00:00 AM,38,13,25
05/25/2016 05:00:00 AM,8,5,3
05/25/2016 04:00:00 AM,1,0,1
05/25/2016 03:00:00 AM,0,0,0
05/25/2016 02:00:00 AM,0,0,0
05/25/2016 01:00:00 AM,3,2,1
05/25/2016 12:00:00 AM,2,0,2
05/24/2016 11:00:00 PM,4,2,2
05/24/2016 10:00:00 PM,7,3,4
05/24/2016 09:00:00 PM,10,7,3
05/24/2016 08:00:00 PM,17,4,13
05/24/2016 07:00:00 PM,46,19,27
05/24/2016 06:00:00 PM,131,52,79
05/24/2016 05:00:00 PM,213,54,159
05/24/2016 04:00:00 PM,140,39,101
05/24/2016 03:00:00 PM,53,19,34
05/24/2016 02:00:00 PM,34,11,23
05/24/2016 01:00:00 PM,30,14,16
05/24/2016 12:00:00 PM,37,20,17
05/24/2016 11:00:00 AM,28,13,15
05/24/2016 10:00:00 AM,27,12,15
05/24/2016 09:00:00 AM,87,48,39
05/24/2016 08:00:00 AM,146,51,95
05/24/2016 07:00:00 AM,114,61,53
05/24/2016 06:00:00 AM,48,24,24
05/24/2016 05:00:00 AM,12,5,7
05/24/2016 04:00:00 AM,0,0,0
05/24/2016 03:00:00 AM,0,0,0
05/24/2016 02:00:00 AM,0,0,0
05/24/2016 01:00:00 AM,0,0,0
05/24/2016 12:00:00 AM,3,1,2
05/23/2016 11:00:00 PM,2,1,1
05/23/2016 10:00:00 PM,7,3,4
05/23/2016 09:00:00 PM,9,6,3
05/23/2016 08:00:00 PM,19,9,10
05/23/2016 07:00:00 PM,29,9,20
05/23/2016 06:00:00 PM,97,27,70
05/23/2016 05:00:00 PM,207,58,149
05/23/2016 04:00:00 PM,139,52,87
05/23/2016 03:00:00 PM,52,13,39
05/23/2016 02:00:00 PM,34,16,18
05/23/2016 01:00:00 PM,35,16,19
05/23/2016 12:00:00 PM,27,16,11
05/23/2016 11:00:00 AM,32,14,18
05/23/2016 10:00:00 AM,19,9,10
05/23/2016 09:00:00 AM,88,40,48
05/23/2016 08:00:00 AM,143,60,83
05/23/2016 07:00:00 AM,96,50,46
05/23/2016 06:00:00 AM,37,17,20
05/23/2016 05:00:00 AM,8,5,3
05/23/2016 04:00:00 AM,0,0,0
05/23/2016 03:00:00 AM,0,0,0
05/23/2016 02:00:00 AM,1,0,1
05/23/2016 01:00:00 AM,1,1,0
05/23/2016 12:00:00 AM,0,0,0
05/22/2016 11:00:00 PM,0,0,0
05/22/2016 10:00:00 PM,4,3,1
05/22/2016 09:00:00 PM,1,0,1
05/22/2016 08:00:00 PM,7,5,2
05/22/2016 07:00:00 PM,17,4,13
05/22/2016 06:00:00 PM,17,9,8
05/22/2016 05:00:00 PM,29,16,13
05/22/2016 04:00:00 PM,19,8,11
05/22/2016 03:00:00 PM,32,16,16
05/22/2016 02:00:00 PM,32,14,18
05/22/2016 01:00:00 PM,30,8,22
05/22/2016 12:00:00 PM,27,10,17
05/22/2016 11:00:00 AM,22,7,15
05/22/2016 10:00:00 AM,16,8,8
05/22/2016 09:00:00 AM,5,3,2
05/22/2016 08:00:00 AM,6,4,2
05/22/2016 07:00:00 AM,6,2,4
05/22/2016 06:00:00 AM,2,0,2
05/22/2016 05:00:00 AM,0,0,0
05/22/2016 04:00:00 AM,2,1,1
05/22/2016 03:00:00 AM,2,1,1
05/22/2016 02:00:00 AM,1,1,0
05/22/2016 01:00:00 AM,0,0,0
05/22/2016 12:00:00 AM,2,0,2
05/21/2016 11:00:00 PM,6,1,5
05/21/2016 10:00:00 PM,5,4,1
05/21/2016 09:00:00 PM,17,11,6
05/21/2016 08:00:00 PM,6,1,5
05/21/2016 07:00:00 PM,10,3,7
05/21/2016 06:00:00 PM,28,7,21
05/21/2016 05:00:00 PM,15,5,10
05/21/2016 04:00:00 PM,17,9,8
05/21/2016 03:00:00 PM,18,7,11
05/21/2016 02:00:00 PM,16,6,10
05/21/2016 01:00:00 PM,16,6,10
05/21/2016 12:00:00 PM,8,2,6
05/21/2016 11:00:00 AM,8,4,4
05/21/2016 10:00:00 AM,8,1,7
05/21/2016 09:00:00 AM,6,3,3
05/21/2016 08:00:00 AM,12,5,7
05/21/2016 07:00:00 AM,1,0,1
05/21/2016 06:00:00 AM,4,1,3
05/21/2016 05:00:00 AM,1,0,1
05/21/2016 04:00:00 AM,1,0,1
05/21/2016 03:00:00 AM,3,1,2
05/21/2016 02:00:00 AM,3,3,0
05/21/2016 01:00:00 AM,1,0,1
05/21/2016 12:00:00 AM,7,4,3
05/20/2016 11:00:00 PM,18,7,11
05/20/2016 10:00:00 PM,9,5,4
05/20/2016 09:00:00 PM,17,4,13
05/20/2016 08:00:00 PM,6,3,3
05/20/2016 07:00:00 PM,25,7,18
05/20/2016 06:00:00 PM,104,25,79
05/20/2016 05:00:00 PM,181,55,126
05/20/2016 04:00:00 PM,153,45,108
05/20/2016 03:00:00 PM,84,32,52
05/20/2016 02:00:00 PM,52,18,34
05/20/2016 01:00:00 PM,47,21,26
05/20/2016 12:00:00 PM,42,17,25
05/20/2016 11:00:00 AM,33,14,19
05/20/2016 10:00:00 AM,27,14,13
05/20/2016 09:00:00 AM,101,44,57
05/20/2016 08:00:00 AM,191,77,114
05/20/2016 07:00:00 AM,117,57,60
05/20/2016 06:00:00 AM,52,30,22
05/20/2016 05:00:00 AM,8,3,5
05/20/2016 04:00:00 AM,1,0,1
05/20/2016 03:00:00 AM,5,3,2
05/20/2016 02:00:00 AM,1,0,1
05/20/2016 01:00:00 AM,0,0,0
05/20/2016 12:00:00 AM,4,0,4
05/19/2016 11:00:00 PM,4,2,2
05/19/2016 10:00:00 PM,4,2,2
05/19/2016 09:00:00 PM,7,2,5
05/19/2016 08:00:00 PM,7,3,4
05/19/2016 07:00:00 PM,25,16,9
05/19/2016 06:00:00 PM,71,22,49
05/19/2016 05:00:00 PM,168,60,108
05/19/2016 04:00:00 PM,104,28,76
05/19/2016 03:00:00 PM,56,19,37
05/19/2016 02:00:00 PM,31,12,19
05/19/2016 01:00:00 PM,36,15,21
05/19/2016 12:00:00 PM,27,12,15
05/19/2016 11:00:00 AM,26,12,14
05/19/2016 10:00:00 AM,37,19,18
05/19/2016 09:00:00 AM,78,33,45
05/19/2016 08:00:00 AM,100,38,62
05/19/2016 07:00:00 AM,72,34,38
05/19/2016 06:00:00 AM,22,10,12
05/19/2016 05:00:00 AM,6,2,4
05/19/2016 04:00:00 AM,1,0,1
05/19/2016 03:00:00 AM,0,0,0
05/19/2016 02:00:00 AM,1,1,0
05/19/2016 01:00:00 AM,0,0,0
05/19/2016 12:00:00 AM,7,5,2
05/18/2016 11:00:00 PM,13,7,6
05/18/2016 10:00:00 PM,11,5,6
05/18/2016 09:00:00 PM,12,4,8
05/18/2016 08:00:00 PM,21,11,10
05/18/2016 07:00:00 PM,44,18,26
05/18/2016 06:00:00 PM,93,31,62
05/18/2016 05:00:00 PM,193,59,134
05/18/2016 04:00:00 PM,160,47,113
05/18/2016 03:00:00 PM,62,25,37
05/18/2016 02:00:00 PM,39,15,24
05/18/2016 01:00:00 PM,28,12,16
05/18/2016 12:00:00 PM,42,26,16
05/18/2016 11:00:00 AM,28,14,14
05/18/2016 10:00:00 AM,31,14,17
05/18/2016 09:00:00 AM,98,42,56
05/18/2016 08:00:00 AM,155,71,84
05/18/2016 07:00:00 AM,100,41,59
05/18/2016 06:00:00 AM,44,22,22
05/18/2016 05:00:00 AM,7,5,2
05/18/2016 04:00:00 AM,0,0,0
05/18/2016 03:00:00 AM,1,0,1
05/18/2016 02:00:00 AM,5,3,2
05/18/2016 01:00:00 AM,3,1,2
05/18/2016 12:00:00 AM,4,0,4
05/17/2016 11:00:00 PM,3,1,2
05/17/2016 10:00:00 PM,11,7,4
05/17/2016 09:00:00 PM,19,9,10
05/17/2016 08:00:00 PM,22,11,11
05/17/2016 07:00:00 PM,44,12,32
05/17/2016 06:00:00 PM,120,40,80
05/17/2016 05:00:00 PM,243,89,154
05/17/2016 04:00:00 PM,144,42,102
05/17/2016 03:00:00 PM,61,21,40
05/17/2016 02:00:00 PM,48,19,29
05/17/2016 01:00:00 PM,42,22,20
05/17/2016 12:00:00 PM,37,20,17
05/17/2016 11:00:00 AM,18,6,12
05/17/2016 10:00:00 AM,37,20,17
05/17/2016 09:00:00 AM,94,42,52
05/17/2016 08:00:00 AM,168,65,103
05/17/2016 07:00:00 AM,124,53,71
05/17/2016 06:00:00 AM,53,25,28
05/17/2016 05:00:00 AM,8,4,4
05/17/2016 04:00:00 AM,1,0,1
05/17/2016 03:00:00 AM,0,0,0
05/17/2016 02:00:00 AM,2,1,1
05/17/2016 01:00:00 AM,0,0,0
05/17/2016 12:00:00 AM,1,0,1
05/16/2016 11:00:00 PM,3,2,1
05/16/2016 10:00:00 PM,9,7,2
05/16/2016 09:00:00 PM,19,9,10
05/16/2016 08:00:00 PM,12,5,7
05/16/2016 07:00:00 PM,29,8,21
05/16/2016 06:00:00 PM,110,37,73
05/16/2016 05:00:00 PM,185,74,111
05/16/2016 04:00:00 PM,109,33,76
05/16/2016 03:00:00 PM,57,24,33
05/16/2016 02:00:00 PM,21,8,13
05/16/2016 01:00:00 PM,25,18,7
05/16/2016 12:00:00 PM,17,10,7
05/16/2016 11:00:00 AM,24,13,11
05/16/2016 10:00:00 AM,27,14,13
05/16/2016 09:00:00 AM,74,34,40
05/16/2016 08:00:00 AM,121,43,78
05/16/2016 07:00:00 AM,80,31,49
05/16/2016 06:00:00 AM,34,18,16
05/16/2016 05:00:00 AM,8,4,4
05/16/2016 04:00:00 AM,1,1,0
05/16/2016 03:00:00 AM,1,0,1
05/16/2016 02:00:00 AM,3,2,1
05/16/2016 01:00:00 AM,0,0,0
05/16/2016 12:00:00 AM,2,1,1
05/15/2016 11:00:00 PM,1,0,1
05/15/2016 10:00:00 PM,5,1,4
05/15/2016 09:00:00 PM,0,0,0
05/15/2016 08:00:00 PM,4,2,2
05/15/2016 07:00:00 PM,10,4,6
05/15/2016 06:00:00 PM,8,5,3
05/15/2016 05:00:00 PM,20,10,10
05/15/2016 04:00:00 PM,21,12,9
05/15/2016 03:00:00 PM,15,9,6
05/15/2016 02:00:00 PM,12,5,7
05/15/2016 01:00:00 PM,10,2,8
05/15/2016 12:00:00 PM,16,9,7
05/15/2016 11:00:00 AM,12,7,5
05/15/2016 10:00:00 AM,6,4,2
05/15/2016 09:00:00 AM,3,1,2
05/15/2016 08:00:00 AM,6,6,0
05/15/2016 07:00:00 AM,4,3,1
05/15/2016 06:00:00 AM,3,1,2
05/15/2016 05:00:00 AM,0,0,0
05/15/2016 04:00:00 AM,0,0,0
05/15/2016 03:00:00 AM,0,0,0
05/15/2016 02:00:00 AM,1,1,0
05/15/2016 01:00:00 AM,2,1,1
05/15/2016 12:00:00 AM,5,1,4
05/14/2016 11:00:00 PM,3,1,2
05/14/2016 10:00:00 PM,4,3,1
05/14/2016 09:00:00 PM,17,8,9
05/14/2016 08:00:00 PM,7,3,4
05/14/2016 07:00:00 PM,6,3,3
05/14/2016 06:00:00 PM,11,1,10
05/14/2016 05:00:00 PM,31,12,19
05/14/2016 04:00:00 PM,21,10,11
05/14/2016 03:00:00 PM,23,14,9
05/14/2016 02:00:00 PM,17,6,11
05/14/2016 01:00:00 PM,20,14,6
05/14/2016 12:00:00 PM,24,12,12
05/14/2016 11:00:00 AM,33,10,23
05/14/2016 10:00:00 AM,35,10,25
05/14/2016 09:00:00 AM,12,7,5
05/14/2016 08:00:00 AM,17,7,10
05/14/2016 07:00:00 AM,8,5,3
05/14/2016 06:00:00 AM,2,1,1
05/14/2016 05:00:00 AM,2,1,1
05/14/2016 04:00:00 AM,1,0,1
05/14/2016 03:00:00 AM,1,0,1
05/14/2016 02:00:00 AM,1,1,0
05/14/2016 01:00:00 AM,3,2,1
05/14/2016 12:00:00 AM,7,4,3
05/13/2016 11:00:00 PM,11,7,4
05/13/2016 10:00:00 PM,10,3,7
05/13/2016 09:00:00 PM,18,8,10
05/13/2016 08:00:00 PM,18,7,11
05/13/2016 07:00:00 PM,41,15,26
05/13/2016 06:00:00 PM,82,25,57
05/13/2016 05:00:00 PM,204,58,146
05/13/2016 04:00:00 PM,156,46,110
05/13/2016 03:00:00 PM,86,29,57
05/13/2016 02:00:00 PM,48,11,37
05/13/2016 01:00:00 PM,46,24,22
05/13/2016 12:00:00 PM,55,31,24
05/13/2016 11:00:00 AM,28,11,17
05/13/2016 10:00:00 AM,47,26,21
05/13/2016 09:00:00 AM,79,28,51
05/13/2016 08:00:00 AM,160,58,102
05/13/2016 07:00:00 AM,122,63,59
05/13/2016 06:00:00 AM,43,21,22
05/13/2016 05:00:00 AM,18,12,6
05/13/2016 04:00:00 AM,1,0,1
05/13/2016 03:00:00 AM,1,0,1
05/13/2016 02:00:00 AM,0,0,0
05/13/2016 01:00:00 AM,0,0,0
05/13/2016 12:00:00 AM,6,3,3
05/12/2016 11:00:00 PM,8,4,4
05/12/2016 10:00:00 PM,10,4,6
05/12/2016 09:00:00 PM,15,6,9
05/12/2016 08:00:00 PM,32,15,17
05/12/2016 07:00:00 PM,49,26,23
05/12/2016 06:00:00 PM,115,40,75
05/12/2016 05:00:00 PM,216,69,147
05/12/2016 04:00:00 PM,141,41,100
05/12/2016 03:00:00 PM,71,27,44
05/12/2016 02:00:00 PM,50,15,35
05/12/2016 01:00:00 PM,47,19,28
05/12/2016 12:00:00 PM,34,19,15
05/12/2016 11:00:00 AM,29,11,18
05/12/2016 10:00:00 AM,30,14,16
05/12/2016 09:00:00 AM,94,44,50
05/12/2016 08:00:00 AM,163,69,94
05/12/2016 07:00:00 AM,105,45,60
05/12/2016 06:00:00 AM,46,19,27
05/12/2016 05:00:00 AM,15,8,7
05/12/2016 04:00:00 AM,1,1,0
05/12/2016 03:00:00 AM,10,9,1
05/12/2016 02:00:00 AM,0,0,0
05/12/2016 01:00:00 AM,0,0,0
05/12/2016 12:00:00 AM,3,2,1
05/11/2016 11:00:00 PM,7,5,2
05/11/2016 10:00:00 PM,8,3,5
05/11/2016 09:00:00 PM,13,5,8
05/11/2016 08:00:00 PM,27,8,19
05/11/2016 07:00:00 PM,42,14,28
05/11/2016 06:00:00 PM,108,38,70
05/11/2016 05:00:00 PM,256,92,164
05/11/2016 04:00:00 PM,139,31,108
05/11/2016 03:00:00 PM,66,18,48
05/11/2016 02:00:00 PM,48,19,29
05/11/2016 01:00:00 PM,24,11,13
05/11/2016 12:00:00 PM,46,16,30
05/11/2016 11:00:00 AM,24,11,13
05/11/2016 10:00:00 AM,32,12,20
05/11/2016 09:00:00 AM,95,46,49
05/11/2016 08:00:00 AM,183,73,110
05/11/2016 07:00:00 AM,111,44,67
05/11/2016 06:00:00 AM,44,26,18
05/11/2016 05:00:00 AM,14,7,7
05/11/2016 04:00:00 AM,1,0,1
05/11/2016 03:00:00 AM,1,1,0
05/11/2016 02:00:00 AM,0,0,0
05/11/2016 01:00:00 AM,0,0,0
05/11/2016 12:00:00 AM,6,2,4
05/10/2016 11:00:00 PM,6,3,3
05/10/2016 10:00:00 PM,10,5,5
05/10/2016 09:00:00 PM,16,5,11
05/10/2016 08:00:00 PM,32,15,17
05/10/2016 07:00:00 PM,47,13,34
05/10/2016 06:00:00 PM,96,31,65
05/10/2016 05:00:00 PM,265,97,168
05/10/2016 04:00:00 PM,170,53,117
05/10/2016 03:00:00 PM,74,21,53
05/10/2016 02:00:00 PM,52,27,25
05/10/2016 01:00:00 PM,34,19,15
05/10/2016 12:00:00 PM,39,17,22
05/10/2016 11:00:00 AM,27,8,19
05/10/2016 10:00:00 AM,24,10,14
05/10/2016 09:00:00 AM,99,46,53
05/10/2016 08:00:00 AM,179,72,107
05/10/2016 07:00:00 AM,136,57,79
05/10/2016 06:00:00 AM,59,22,37
05/10/2016 05:00:00 AM,11,3,8
05/10/2016 04:00:00 AM,1,1,0
05/10/2016 03:00:00 AM,0,0,0
05/10/2016 02:00:00 AM,1,0,1
05/10/2016 01:00:00 AM,2,1,1
05/10/2016 12:00:00 AM,5,2,3
05/09/2016 11:00:00 PM,8,5,3
05/09/2016 10:00:00 PM,8,6,2
05/09/2016 09:00:00 PM,16,7,9
05/09/2016 08:00:00 PM,22,8,14
05/09/2016 07:00:00 PM,31,7,24
05/09/2016 06:00:00 PM,114,36,78
05/09/2016 05:00:00 PM,249,74,175
05/09/2016 04:00:00 PM,136,44,92
05/09/2016 03:00:00 PM,64,23,41
05/09/2016 02:00:00 PM,43,11,32
05/09/2016 01:00:00 PM,32,9,23
05/09/2016 12:00:00 PM,33,18,15
05/09/2016 11:00:00 AM,23,9,14
05/09/2016 10:00:00 AM,23,17,6
05/09/2016 09:00:00 AM,101,53,48
05/09/2016 08:00:00 AM,165,69,96
05/09/2016 07:00:00 AM,125,53,72
05/09/2016 06:00:00 AM,38,19,19
05/09/2016 05:00:00 AM,11,8,3
05/09/2016 04:00:00 AM,0,0,0
05/09/2016 03:00:00 AM,1,0,1
05/09/2016 02:00:00 AM,3,0,3
05/09/2016 01:00:00 AM,2,1,1
05/09/2016 12:00:00 AM,3,1,2
05/08/2016 11:00:00 PM,1,0,1
05/08/2016 10:00:00 PM,1,1,0
05/08/2016 09:00:00 PM,7,1,6
05/08/2016 08:00:00 PM,3,2,1
05/08/2016 07:00:00 PM,8,4,4
05/08/2016 06:00:00 PM,12,6,6
05/08/2016 05:00:00 PM,14,7,7
05/08/2016 04:00:00 PM,17,8,9
05/08/2016 03:00:00 PM,16,10,6
05/08/2016 02:00:00 PM,14,10,4
05/08/2016 01:00:00 PM,14,10,4
05/08/2016 12:00:00 PM,18,10,8
05/08/2016 11:00:00 AM,12,5,7
05/08/2016 10:00:00 AM,11,4,7
05/08/2016 09:00:00 AM,7,4,3
05/08/2016 08:00:00 AM,10,4,6
05/08/2016 07:00:00 AM,1,1,0
05/08/2016 06:00:00 AM,0,0,0
05/08/2016 05:00:00 AM,2,0,2
05/08/2016 04:00:00 AM,0,0,0
05/08/2016 03:00:00 AM,2,2,0
05/08/2016 02:00:00 AM,1,0,1
05/08/2016 01:00:00 AM,3,1,2
05/08/2016 12:00:00 AM,11,4,7
05/07/2016 11:00:00 PM,4,2,2
05/07/2016 10:00:00 PM,7,5,2
05/07/2016 09:00:00 PM,45,40,5
05/07/2016 08:00:00 PM,12,6,6
05/07/2016 07:00:00 PM,27,16,11
05/07/2016 06:00:00 PM,66,17,49
05/07/2016 05:00:00 PM,38,13,25
05/07/2016 04:00:00 PM,55,16,39
05/07/2016 03:00:00 PM,44,15,29
05/07/2016 02:00:00 PM,61,27,34
05/07/2016 01:00:00 PM,44,16,28
05/07/2016 12:00:00 PM,54,12,42
05/07/2016 11:00:00 AM,22,9,13
05/07/2016 10:00:00 AM,34,14,20
05/07/2016 09:00:00 AM,25,7,18
05/07/2016 08:00:00 AM,30,6,24
05/07/2016 07:00:00 AM,9,4,5
05/07/2016 06:00:00 AM,4,2,2
05/07/2016 05:00:00 AM,3,2,1
05/07/2016 04:00:00 AM,0,0,0
05/07/2016 03:00:00 AM,1,0,1
05/07/2016 02:00:00 AM,0,0,0
05/07/2016 01:00:00 AM,1,1,0
05/07/2016 12:00:00 AM,7,1,6
05/06/2016 11:00:00 PM,6,3,3
05/06/2016 10:00:00 PM,13,4,9
05/06/2016 09:00:00 PM,11,4,7
05/06/2016 08:00:00 PM,21,3,18
05/06/2016 07:00:00 PM,43,22,21
05/06/2016 06:00:00 PM,110,33,77
05/06/2016 05:00:00 PM,216,76,140
05/06/2016 04:00:00 PM,163,46,117
05/06/2016 03:00:00 PM,87,28,59
05/06/2016 02:00:00 PM,41,18,23
05/06/2016 01:00:00 PM,44,19,25
05/06/2016 12:00:00 PM,45,22,23
05/06/2016 11:00:00 AM,29,13,16
05/06/2016 10:00:00 AM,44,17,27
05/06/2016 09:00:00 AM,104,58,46
05/06/2016 08:00:00 AM,178,90,88
05/06/2016 07:00:00 AM,116,56,60
05/06/2016 06:00:00 AM,53,27,26
05/06/2016 05:00:00 AM,6,5,1
05/06/2016 04:00:00 AM,1,0,1
05/06/2016 03:00:00 AM,0,0,0
05/06/2016 02:00:00 AM,1,1,0
05/06/2016 01:00:00 AM,1,0,1
05/06/2016 12:00:00 AM,4,2,2
05/05/2016 11:00:00 PM,5,3,2
05/05/2016 10:00:00 PM,12,3,9
05/05/2016 09:00:00 PM,15,6,9
05/05/2016 08:00:00 PM,29,16,13
05/05/2016 07:00:00 PM,64,31,33
05/05/2016 06:00:00 PM,131,42,89
05/05/2016 05:00:00 PM,216,65,151
05/05/2016 04:00:00 PM,160,49,111
05/05/2016 03:00:00 PM,69,25,44
05/05/2016 02:00:00 PM,45,19,26
05/05/2016 01:00:00 PM,27,12,15
05/05/2016 12:00:00 PM,33,18,15
05/05/2016 11:00:00 AM,26,11,15
05/05/2016 10:00:00 AM,27,17,10
05/05/2016 09:00:00 AM,81,38,43
05/05/2016 08:00:00 AM,180,83,97
05/05/2016 07:00:00 AM,138,68,70
05/05/2016 06:00:00 AM,47,27,20
05/05/2016 05:00:00 AM,12,5,7
05/05/2016 04:00:00 AM,2,1,1
05/05/2016 03:00:00 AM,1,1,0
05/05/2016 02:00:00 AM,0,0,0
05/05/2016 01:00:00 AM,0,0,0
05/05/2016 12:00:00 AM,2,1,1
05/04/2016 11:00:00 PM,2,2,0
05/04/2016 10:00:00 PM,5,3,2
05/04/2016 09:00:00 PM,9,2,7
05/04/2016 08:00:00 PM,26,8,18
05/04/2016 07:00:00 PM,41,19,22
05/04/2016 06:00:00 PM,122,32,90
05/04/2016 05:00:00 PM,211,59,152
05/04/2016 04:00:00 PM,148,47,101
05/04/2016 03:00:00 PM,64,22,42
05/04/2016 02:00:00 PM,48,19,29
05/04/2016 01:00:00 PM,51,27,24
05/04/2016 12:00:00 PM,27,9,18
05/04/2016 11:00:00 AM,32,16,16
05/04/2016 10:00:00 AM,40,20,20
05/04/2016 09:00:00 AM,82,40,42
05/04/2016 08:00:00 AM,160,86,74
05/04/2016 07:00:00 AM,101,53,48
05/04/2016 06:00:00 AM,51,29,22
05/04/2016 05:00:00 AM,13,7,6
05/04/2016 04:00:00 AM,1,0,1
05/04/2016 03:00:00 AM,1,0,1
05/04/2016 02:00:00 AM,1,0,1
05/04/2016 01:00:00 AM,1,1,0
05/04/2016 12:00:00 AM,3,0,3
05/03/2016 11:00:00 PM,2,1,1
05/03/2016 10:00:00 PM,7,4,3
05/03/2016 09:00:00 PM,10,3,7
05/03/2016 08:00:00 PM,15,8,7
05/03/2016 07:00:00 PM,46,19,27
05/03/2016 06:00:00 PM,106,44,62
05/03/2016 05:00:00 PM,265,90,175
05/03/2016 04:00:00 PM,159,41,118
05/03/2016 03:00:00 PM,69,22,47
05/03/2016 02:00:00 PM,43,12,31
05/03/2016 01:00:00 PM,36,18,18
05/03/2016 12:00:00 PM,46,26,20
05/03/2016 11:00:00 AM,27,12,15
05/03/2016 10:00:00 AM,33,17,16
05/03/2016 09:00:00 AM,89,45,44
05/03/2016 08:00:00 AM,178,87,91
05/03/2016 07:00:00 AM,163,87,76
05/03/2016 06:00:00 AM,41,24,17
05/03/2016 05:00:00 AM,14,6,8
05/03/2016 04:00:00 AM,1,1,0
05/03/2016 03:00:00 AM,1,0,1
05/03/2016 02:00:00 AM,2,1,1
05/03/2016 01:00:00 AM,0,0,0
05/03/2016 12:00:00 AM,3,1,2
05/02/2016 11:00:00 PM,6,2,4
05/02/2016 10:00:00 PM,12,5,7
05/02/2016 09:00:00 PM,13,4,9
05/02/2016 08:00:00 PM,22,11,11
05/02/2016 07:00:00 PM,40,11,29
05/02/2016 06:00:00 PM,119,42,77
05/02/2016 05:00:00 PM,246,78,168
05/02/2016 04:00:00 PM,185,53,132
05/02/2016 03:00:00 PM,70,22,48
05/02/2016 02:00:00 PM,40,11,29
05/02/2016 01:00:00 PM,45,24,21
05/02/2016 12:00:00 PM,37,23,14
05/02/2016 11:00:00 AM,22,11,11
05/02/2016 10:00:00 AM,41,19,22
05/02/2016 09:00:00 AM,105,51,54
05/02/2016 08:00:00 AM,191,93,98
05/02/2016 07:00:00 AM,143,80,63
05/02/2016 06:00:00 AM,44,23,21
05/02/2016 05:00:00 AM,11,8,3
05/02/2016 04:00:00 AM,0,0,0
05/02/2016 03:00:00 AM,1,0,1
05/02/2016 02:00:00 AM,1,0,1
05/02/2016 01:00:00 AM,0,0,0
05/02/2016 12:00:00 AM,2,0,2
05/01/2016 11:00:00 PM,4,3,1
05/01/2016 10:00:00 PM,2,1,1
05/01/2016 09:00:00 PM,7,4,3
05/01/2016 08:00:00 PM,10,6,4
05/01/2016 07:00:00 PM,19,8,11
05/01/2016 06:00:00 PM,15,8,7
05/01/2016 05:00:00 PM,22,15,7
05/01/2016 04:00:00 PM,41,27,14
05/01/2016 03:00:00 PM,44,20,24
05/01/2016 02:00:00 PM,37,26,11
05/01/2016 01:00:00 PM,44,19,25
05/01/2016 12:00:00 PM,47,15,32
05/01/2016 11:00:00 AM,42,12,30
05/01/2016 10:00:00 AM,19,5,14
05/01/2016 09:00:00 AM,21,5,16
05/01/2016 08:00:00 AM,18,7,11
05/01/2016 07:00:00 AM,8,5,3
05/01/2016 06:00:00 AM,2,0,2
05/01/2016 05:00:00 AM,2,0,2
05/01/2016 04:00:00 AM,0,0,0
05/01/2016 03:00:00 AM,0,0,0
05/01/2016 02:00:00 AM,2,2,0
05/01/2016 01:00:00 AM,2,1,1
05/01/2016 12:00:00 AM,6,2,4
04/30/2016 11:00:00 PM,5,3,2
04/30/2016 10:00:00 PM,10,9,1
04/30/2016 09:00:00 PM,10,9,1
04/30/2016 08:00:00 PM,12,7,5
04/30/2016 07:00:00 PM,16,7,9
04/30/2016 06:00:00 PM,27,11,16
04/30/2016 05:00:00 PM,23,10,13
04/30/2016 04:00:00 PM,38,18,20
04/30/2016 03:00:00 PM,73,55,18
04/30/2016 02:00:00 PM,23,9,14
04/30/2016 01:00:00 PM,36,14,22
04/30/2016 12:00:00 PM,79,14,65
04/30/2016 11:00:00 AM,34,7,27
04/30/2016 10:00:00 AM,30,13,17
04/30/2016 09:00:00 AM,20,6,14
04/30/2016 08:00:00 AM,9,3,6
04/30/2016 07:00:00 AM,10,3,7
04/30/2016 06:00:00 AM,7,0,7
04/30/2016 05:00:00 AM,2,0,2
04/30/2016 04:00:00 AM,1,1,0
04/30/2016 03:00:00 AM,1,1,0
04/30/2016 02:00:00 AM,8,5,3
04/30/2016 01:00:00 AM,3,3,0
04/30/2016 12:00:00 AM,8,2,6
04/29/2016 11:00:00 PM,7,4,3
04/29/2016 10:00:00 PM,13,8,5
04/29/2016 09:00:00 PM,6,1,5
04/29/2016 08:00:00 PM,10,2,8
04/29/2016 07:00:00 PM,26,5,21
04/29/2016 06:00:00 PM,69,24,45
04/29/2016 05:00:00 PM,149,43,106
04/29/2016 04:00:00 PM,116,45,71
04/29/2016 03:00:00 PM,47,15,32
04/29/2016 02:00:00 PM,44,18,26
04/29/2016 01:00:00 PM,26,10,16
04/29/2016 12:00:00 PM,20,9,11
04/29/2016 11:00:00 AM,41,20,21
04/29/2016 10:00:00 AM,39,19,20
04/29/2016 09:00:00 AM,88,41,47
04/29/2016 08:00:00 AM,199,104,95
04/29/2016 07:00:00 AM,131,67,64
04/29/2016 06:00:00 AM,70,36,34
04/29/2016 05:00:00 AM,5,2,3
04/29/2016 04:00:00 AM,2,1,1
04/29/2016 03:00:00 AM,4,2,2
04/29/2016 02:00:00 AM,0,0,0
04/29/2016 01:00:00 AM,0,0,0
04/29/2016 12:00:00 AM,4,3,1
04/28/2016 11:00:00 PM,6,3,3
04/28/2016 10:00:00 PM,7,4,3
04/28/2016 09:00:00 PM,25,14,11
04/28/2016 08:00:00 PM,38,22,16
04/28/2016 07:00:00 PM,62,31,31
04/28/2016 06:00:00 PM,129,64,65
04/28/2016 05:00:00 PM,306,160,146
04/28/2016 04:00:00 PM,231,122,109
04/28/2016 03:00:00 PM,69,34,35
04/28/2016 02:00:00 PM,49,23,26
04/28/2016 01:00:00 PM,47,26,21
04/28/2016 12:00:00 PM,57,29,28
04/28/2016 11:00:00 AM,44,21,23
04/28/2016 10:00:00 AM,72,38,34
04/28/2016 09:00:00 AM,112,52,60
04/28/2016 08:00:00 AM,234,113,121
04/28/2016 07:00:00 AM,124,67,57
04/28/2016 06:00:00 AM,49,27,22
04/28/2016 05:00:00 AM,13,8,5
04/28/2016 04:00:00 AM,2,2,0
04/28/2016 03:00:00 AM,1,0,1
04/28/2016 02:00:00 AM,1,0,1
04/28/2016 01:00:00 AM,2,1,1
04/28/2016 12:00:00 AM,11,6,5
04/27/2016 11:00:00 PM,2,1,1
04/27/2016 10:00:00 PM,26,12,14
04/27/2016 09:00:00 PM,11,5,6
04/27/2016 08:00:00 PM,26,14,12
04/27/2016 07:00:00 PM,61,26,35
04/27/2016 06:00:00 PM,162,83,79
04/27/2016 05:00:00 PM,339,171,168
04/27/2016 04:00:00 PM,194,102,92
04/27/2016 03:00:00 PM,93,48,45
04/27/2016 02:00:00 PM,50,25,25
04/27/2016 01:00:00 PM,59,32,27
04/27/2016 12:00:00 PM,53,31,22
04/27/2016 11:00:00 AM,52,27,25
04/27/2016 10:00:00 AM,47,23,24
04/27/2016 09:00:00 AM,116,54,62
04/27/2016 08:00:00 AM,209,105,104
04/27/2016 07:00:00 AM,136,68,68
04/27/2016 06:00:00 AM,56,28,28
04/27/2016 05:00:00 AM,16,8,8
04/27/2016 04:00:00 AM,0,0,0
04/27/2016 03:00:00 AM,0,0,0
04/27/2016 02:00:00 AM,0,0,0
04/27/2016 01:00:00 AM,2,1,1
04/27/2016 12:00:00 AM,6,3,3
04/26/2016 11:00:00 PM,2,1,1
04/26/2016 10:00:00 PM,10,6,4
04/26/2016 09:00:00 PM,10,4,6
04/26/2016 08:00:00 PM,27,15,12
04/26/2016 07:00:00 PM,66,31,35
04/26/2016 06:00:00 PM,139,66,73
04/26/2016 05:00:00 PM,303,154,149
04/26/2016 04:00:00 PM,195,108,87
04/26/2016 03:00:00 PM,105,53,52
04/26/2016 02:00:00 PM,75,37,38
04/26/2016 01:00:00 PM,68,38,30
04/26/2016 12:00:00 PM,12,8,4
04/26/2016 11:00:00 AM,13,9,4
04/26/2016 10:00:00 AM,8,4,4
04/26/2016 09:00:00 AM,4,0,4
04/26/2016 08:00:00 AM,32,8,24
04/26/2016 07:00:00 AM,16,4,12
04/26/2016 06:00:00 AM,4,2,2
04/26/2016 05:00:00 AM,2,1,1
04/26/2016 04:00:00 AM,1,0,1
04/26/2016 03:00:00 AM,0,0,0
04/26/2016 02:00:00 AM,0,0,0
04/26/2016 01:00:00 AM,0,0,0
04/26/2016 12:00:00 AM,1,0,1
04/25/2016 11:00:00 PM,0,0,0
04/25/2016 10:00:00 PM,1,0,1
04/25/2016 09:00:00 PM,3,0,3
04/25/2016 08:00:00 PM,3,1,2
04/25/2016 07:00:00 PM,3,3,0
04/25/2016 06:00:00 PM,9,5,4
04/25/2016 05:00:00 PM,25,13,12
04/25/2016 04:00:00 PM,11,9,2
04/25/2016 03:00:00 PM,4,1,3
04/25/2016 02:00:00 PM,2,1,1
04/25/2016 01:00:00 PM,11,4,7
04/25/2016 12:00:00 PM,12,5,7
04/25/2016 11:00:00 AM,0,0,0
04/25/2016 10:00:00 AM,2,2,0
04/25/2016 09:00:00 AM,6,1,5
04/25/2016 08:00:00 AM,69,40,29
04/25/2016 07:00:00 AM,43,25,18
04/25/2016 06:00:00 AM,14,7,7
04/25/2016 05:00:00 AM,4,2,2
04/25/2016 04:00:00 AM,0,0,0
04/25/2016 03:00:00 AM,0,0,0
04/25/2016 02:00:00 AM,0,0,0
04/25/2016 01:00:00 AM,0,0,0
04/25/2016 12:00:00 AM,1,1,0
04/24/2016 11:00:00 PM,2,1,1
04/24/2016 10:00:00 PM,4,1,3
04/24/2016 09:00:00 PM,1,1,0
04/24/2016 08:00:00 PM,5,4,1
04/24/2016 07:00:00 PM,4,3,1
04/24/2016 06:00:00 PM,8,4,4
04/24/2016 05:00:00 PM,8,7,1
04/24/2016 04:00:00 PM,3,1,2
04/24/2016 03:00:00 PM,9,7,2
04/24/2016 02:00:00 PM,5,3,2
04/24/2016 01:00:00 PM,3,3,0
04/24/2016 12:00:00 PM,1,0,1
04/24/2016 11:00:00 AM,2,1,1
04/24/2016 10:00:00 AM,0,0,0
04/24/2016 09:00:00 AM,2,0,2
04/24/2016 08:00:00 AM,3,0,3
04/24/2016 07:00:00 AM,2,2,0
04/24/2016 06:00:00 AM,1,1,0
04/24/2016 05:00:00 AM,0,0,0
04/24/2016 04:00:00 AM,1,1,0
04/24/2016 03:00:00 AM,0,0,0
04/24/2016 02:00:00 AM,1,1,0
04/24/2016 01:00:00 AM,2,2,0
04/24/2016 12:00:00 AM,1,1,0
04/23/2016 11:00:00 PM,3,2,1
04/23/2016 10:00:00 PM,1,1,0
04/23/2016 09:00:00 PM,1,1,0
04/23/2016 08:00:00 PM,7,4,3
04/23/2016 07:00:00 PM,4,3,1
04/23/2016 06:00:00 PM,12,7,5
04/23/2016 05:00:00 PM,8,6,2
04/23/2016 04:00:00 PM,15,10,5
04/23/2016 03:00:00 PM,25,16,9
04/23/2016 02:00:00 PM,16,11,5
04/23/2016 01:00:00 PM,1,1,0
04/23/2016 12:00:00 PM,0,0,0
04/23/2016 11:00:00 AM,0,0,0
04/23/2016 10:00:00 AM,0,0,0
04/23/2016 09:00:00 AM,5,2,3
04/23/2016 08:00:00 AM,2,0,2
04/23/2016 07:00:00 AM,3,0,3
04/23/2016 06:00:00 AM,0,0,0
04/23/2016 05:00:00 AM,1,0,1
04/23/2016 04:00:00 AM,0,0,0
04/23/2016 03:00:00 AM,0,0,0
04/23/2016 02:00:00 AM,5,4,1
04/23/2016 01:00:00 AM,0,0,0
04/23/2016 12:00:00 AM,1,1,0
04/22/2016 11:00:00 PM,3,1,2
04/22/2016 10:00:00 PM,1,0,1
04/22/2016 09:00:00 PM,4,2,2
04/22/2016 08:00:00 PM,10,3,7
04/22/2016 07:00:00 PM,11,8,3
04/22/2016 06:00:00 PM,33,22,11
04/22/2016 05:00:00 PM,90,61,29
04/22/2016 04:00:00 PM,71,47,24
04/22/2016 03:00:00 PM,28,17,11
04/22/2016 02:00:00 PM,7,2,5
04/22/2016 01:00:00 PM,2,2,0
04/22/2016 12:00:00 PM,9,7,2
04/22/2016 11:00:00 AM,1,1,0
04/22/2016 10:00:00 AM,5,5,0
04/22/2016 09:00:00 AM,3,2,1
04/22/2016 08:00:00 AM,61,34,27
04/22/2016 07:00:00 AM,36,15,21
04/22/2016 06:00:00 AM,19,8,11
04/22/2016 05:00:00 AM,1,1,0
04/22/2016 04:00:00 AM,1,1,0
04/22/2016 03:00:00 AM,0,0,0
04/22/2016 02:00:00 AM,0,0,0
04/22/2016 01:00:00 AM,0,0,0
04/22/2016 12:00:00 AM,3,2,1
04/21/2016 11:00:00 PM,0,0,0
04/21/2016 10:00:00 PM,6,6,0
04/21/2016 09:00:00 PM,5,4,1
04/21/2016 08:00:00 PM,24,16,8
04/21/2016 07:00:00 PM,12,7,5
04/21/2016 06:00:00 PM,67,45,22
04/21/2016 05:00:00 PM,152,109,43
04/21/2016 04:00:00 PM,107,75,32
04/21/2016 03:00:00 PM,49,33,16
04/21/2016 02:00:00 PM,29,17,12
04/21/2016 01:00:00 PM,19,14,5
04/21/2016 12:00:00 PM,20,13,7
04/21/2016 11:00:00 AM,14,3,11
04/21/2016 10:00:00 AM,29,17,12
04/21/2016 09:00:00 AM,44,25,19
04/21/2016 08:00:00 AM,114,72,42
04/21/2016 07:00:00 AM,63,34,29
04/21/2016 06:00:00 AM,25,10,15
04/21/2016 05:00:00 AM,5,3,2
04/21/2016 04:00:00 AM,0,0,0
04/21/2016 03:00:00 AM,2,2,0
04/21/2016 02:00:00 AM,0,0,0
04/21/2016 01:00:00 AM,0,0,0
04/21/2016 12:00:00 AM,1,1,0
04/20/2016 11:00:00 PM,0,0,0
04/20/2016 10:00:00 PM,4,3,1
04/20/2016 09:00:00 PM,5,3,2
04/20/2016 08:00:00 PM,10,4,6
04/20/2016 07:00:00 PM,28,17,11
04/20/2016 06:00:00 PM,58,38,20
04/20/2016 05:00:00 PM,131,99,32
04/20/2016 04:00:00 PM,89,74,15
04/20/2016 03:00:00 PM,46,37,9
04/20/2016 02:00:00 PM,27,17,10
04/20/2016 01:00:00 PM,22,13,9
04/20/2016 12:00:00 PM,24,18,6
04/20/2016 11:00:00 AM,22,10,12
04/20/2016 10:00:00 AM,24,16,8
04/20/2016 09:00:00 AM,44,24,20
04/20/2016 08:00:00 AM,109,67,42
04/20/2016 07:00:00 AM,51,26,25
04/20/2016 06:00:00 AM,29,15,14
04/20/2016 05:00:00 AM,13,10,3
04/20/2016 04:00:00 AM,0,0,0
04/20/2016 03:00:00 AM,1,1,0
04/20/2016 02:00:00 AM,0,0,0
04/20/2016 01:00:00 AM,1,0,1
04/20/2016 12:00:00 AM,2,2,0
04/19/2016 11:00:00 PM,2,0,2
04/19/2016 10:00:00 PM,3,2,1
04/19/2016 09:00:00 PM,9,6,3
04/19/2016 08:00:00 PM,11,10,1
04/19/2016 07:00:00 PM,18,6,12
04/19/2016 06:00:00 PM,61,37,24
04/19/2016 05:00:00 PM,148,98,50
04/19/2016 04:00:00 PM,94,71,23
04/19/2016 03:00:00 PM,55,38,17
04/19/2016 02:00:00 PM,18,11,7
04/19/2016 01:00:00 PM,8,3,5
04/19/2016 12:00:00 PM,1,0,1
04/19/2016 11:00:00 AM,2,1,1
04/19/2016 10:00:00 AM,10,2,8
04/19/2016 09:00:00 AM,9,2,7
04/19/2016 08:00:00 AM,24,4,20
04/19/2016 07:00:00 AM,13,2,11
04/19/2016 06:00:00 AM,13,4,9
04/19/2016 05:00:00 AM,2,0,2
04/19/2016 04:00:00 AM,1,1,0
04/19/2016 03:00:00 AM,0,0,0
04/19/2016 02:00:00 AM,0,0,0
04/19/2016 01:00:00 AM,0,0,0
04/19/2016 12:00:00 AM,3,2,1
04/18/2016 11:00:00 PM,0,0,0
04/18/2016 10:00:00 PM,2,1,1
04/18/2016 09:00:00 PM,0,0,0
04/18/2016 08:00:00 PM,5,3,2
04/18/2016 07:00:00 PM,6,1,5
04/18/2016 06:00:00 PM,6,0,6
04/18/2016 05:00:00 PM,27,10,17
04/18/2016 04:00:00 PM,29,14,15
04/18/2016 03:00:00 PM,9,5,4
04/18/2016 02:00:00 PM,4,3,1
04/18/2016 01:00:00 PM,5,0,5
04/18/2016 12:00:00 PM,7,2,5
04/18/2016 11:00:00 AM,2,0,2
04/18/2016 10:00:00 AM,4,1,3
04/18/2016 09:00:00 AM,21,4,17
04/18/2016 08:00:00 AM,25,3,22
04/18/2016 07:00:00 AM,36,18,18
04/18/2016 06:00:00 AM,26,16,10
04/18/2016 05:00:00 AM,7,4,3
04/18/2016 04:00:00 AM,0,0,0
04/18/2016 03:00:00 AM,0,0,0
04/18/2016 02:00:00 AM,0,0,0
04/18/2016 01:00:00 AM,0,0,0
04/18/2016 12:00:00 AM,1,1,0
04/17/2016 11:00:00 PM,2,2,0
04/17/2016 10:00:00 PM,3,1,2
04/17/2016 09:00:00 PM,1,0,1
04/17/2016 08:00:00 PM,5,3,2
04/17/2016 07:00:00 PM,9,4,5
04/17/2016 06:00:00 PM,16,12,4
04/17/2016 05:00:00 PM,29,21,8
04/17/2016 04:00:00 PM,34,18,16
04/17/2016 03:00:00 PM,27,11,16
04/17/2016 02:00:00 PM,16,8,8
04/17/2016 01:00:00 PM,19,12,7
04/17/2016 12:00:00 PM,19,14,5
04/17/2016 11:00:00 AM,13,11,2
04/17/2016 10:00:00 AM,9,6,3
04/17/2016 09:00:00 AM,8,5,3
04/17/2016 08:00:00 AM,4,2,2
04/17/2016 07:00:00 AM,1,1,0
04/17/2016 06:00:00 AM,3,3,0
04/17/2016 05:00:00 AM,1,1,0
04/17/2016 04:00:00 AM,0,0,0
04/17/2016 03:00:00 AM,0,0,0
04/17/2016 02:00:00 AM,3,2,1
04/17/2016 01:00:00 AM,1,1,0
04/17/2016 12:00:00 AM,4,4,0
04/16/2016 11:00:00 PM,4,3,1
04/16/2016 10:00:00 PM,12,7,5
04/16/2016 09:00:00 PM,22,6,16
04/16/2016 08:00:00 PM,12,5,7
04/16/2016 07:00:00 PM,9,5,4
04/16/2016 06:00:00 PM,34,30,4
04/16/2016 05:00:00 PM,26,20,6
04/16/2016 04:00:00 PM,21,13,8
04/16/2016 03:00:00 PM,35,29,6
04/16/2016 02:00:00 PM,14,9,5
04/16/2016 01:00:00 PM,36,9,27
04/16/2016 12:00:00 PM,25,14,11
04/16/2016 11:00:00 AM,9,7,2
04/16/2016 10:00:00 AM,13,10,3
04/16/2016 09:00:00 AM,16,7,9
04/16/2016 08:00:00 AM,13,8,5
04/16/2016 07:00:00 AM,5,3,2
04/16/2016 06:00:00 AM,5,5,0
04/16/2016 05:00:00 AM,1,1,0
04/16/2016 04:00:00 AM,0,0,0
04/16/2016 03:00:00 AM,3,2,1
04/16/2016 02:00:00 AM,0,0,0
04/16/2016 01:00:00 AM,2,2,0
04/16/2016 12:00:00 AM,3,3,0
04/15/2016 11:00:00 PM,1,0,1
04/15/2016 10:00:00 PM,3,2,1
04/15/2016 09:00:00 PM,1,1,0
04/15/2016 08:00:00 PM,8,5,3
04/15/2016 07:00:00 PM,16,11,5
04/15/2016 06:00:00 PM,34,21,13
04/15/2016 05:00:00 PM,85,56,29
04/15/2016 04:00:00 PM,71,58,13
04/15/2016 03:00:00 PM,44,30,14
04/15/2016 02:00:00 PM,24,13,11
04/15/2016 01:00:00 PM,22,14,8
04/15/2016 12:00:00 PM,25,13,12
04/15/2016 11:00:00 AM,24,13,11
04/15/2016 10:00:00 AM,29,18,11
04/15/2016 09:00:00 AM,27,11,16
04/15/2016 08:00:00 AM,61,41,20
04/15/2016 07:00:00 AM,33,13,20
04/15/2016 06:00:00 AM,15,6,9
04/15/2016 05:00:00 AM,6,3,3
04/15/2016 04:00:00 AM,0,0,0
04/15/2016 03:00:00 AM,1,1,0
04/15/2016 02:00:00 AM,2,1,1
04/15/2016 01:00:00 AM,1,1,0
04/15/2016 12:00:00 AM,2,2,0
04/14/2016 11:00:00 PM,4,2,2
04/14/2016 10:00:00 PM,1,1,0
04/14/2016 09:00:00 PM,5,3,2
04/14/2016 08:00:00 PM,12,8,4
04/14/2016 07:00:00 PM,16,9,7
04/14/2016 06:00:00 PM,43,32,11
04/14/2016 05:00:00 PM,107,79,28
04/14/2016 04:00:00 PM,72,47,25
04/14/2016 03:00:00 PM,31,23,8
04/14/2016 02:00:00 PM,28,21,7
04/14/2016 01:00:00 PM,18,13,5
04/14/2016 12:00:00 PM,17,10,7
04/14/2016 11:00:00 AM,21,10,11
04/14/2016 10:00:00 AM,21,9,12
04/14/2016 09:00:00 AM,34,17,17
04/14/2016 08:00:00 AM,62,31,31
04/14/2016 07:00:00 AM,36,14,22
04/14/2016 06:00:00 AM,15,9,6
04/14/2016 05:00:00 AM,5,4,1
04/14/2016 04:00:00 AM,0,0,0
04/14/2016 03:00:00 AM,1,1,0
04/14/2016 02:00:00 AM,0,0,0
04/14/2016 01:00:00 AM,0,0,0
04/14/2016 12:00:00 AM,0,0,0
04/13/2016 11:00:00 PM,4,3,1
04/13/2016 10:00:00 PM,1,0,1
04/13/2016 09:00:00 PM,5,3,2
04/13/2016 08:00:00 PM,11,7,4
04/13/2016 07:00:00 PM,21,13,8
04/13/2016 06:00:00 PM,47,29,18
04/13/2016 05:00:00 PM,79,50,29
04/13/2016 04:00:00 PM,56,41,15
04/13/2016 03:00:00 PM,36,28,8
04/13/2016 02:00:00 PM,25,15,10
04/13/2016 01:00:00 PM,16,5,11
04/13/2016 12:00:00 PM,24,8,16
04/13/2016 11:00:00 AM,18,9,9
04/13/2016 10:00:00 AM,17,10,7
04/13/2016 09:00:00 AM,31,14,17
04/13/2016 08:00:00 AM,49,23,26
04/13/2016 07:00:00 AM,39,24,15
04/13/2016 06:00:00 AM,13,6,7
04/13/2016 05:00:00 AM,4,1,3
04/13/2016 04:00:00 AM,0,0,0
04/13/2016 03:00:00 AM,3,1,2
04/13/2016 02:00:00 AM,0,0,0
04/13/2016 01:00:00 AM,0,0,0
04/13/2016 12:00:00 AM,1,1,0
04/12/2016 11:00:00 PM,0,0,0
04/12/2016 10:00:00 PM,3,2,1
04/12/2016 09:00:00 PM,4,2,2
04/12/2016 08:00:00 PM,5,4,1
04/12/2016 07:00:00 PM,12,7,5
04/12/2016 06:00:00 PM,30,17,13
04/12/2016 05:00:00 PM,64,44,20
04/12/2016 04:00:00 PM,35,28,7
04/12/2016 03:00:00 PM,20,10,10
04/12/2016 02:00:00 PM,20,11,9
04/12/2016 01:00:00 PM,8,4,4
04/12/2016 12:00:00 PM,15,7,8
04/12/2016 11:00:00 AM,17,9,8
04/12/2016 10:00:00 AM,19,9,10
04/12/2016 09:00:00 AM,41,19,22
04/12/2016 08:00:00 AM,52,32,20
04/12/2016 07:00:00 AM,39,20,19
04/12/2016 06:00:00 AM,11,5,6
04/12/2016 05:00:00 AM,6,2,4
04/12/2016 04:00:00 AM,1,1,0
04/12/2016 03:00:00 AM,0,0,0
04/12/2016 02:00:00 AM,1,1,0
04/12/2016 01:00:00 AM,0,0,0
04/12/2016 12:00:00 AM,3,0,3
04/11/2016 11:00:00 PM,4,3,1
04/11/2016 10:00:00 PM,4,0,4
04/11/2016 09:00:00 PM,6,4,2
04/11/2016 08:00:00 PM,5,4,1
04/11/2016 07:00:00 PM,19,10,9
04/11/2016 06:00:00 PM,40,27,13
04/11/2016 05:00:00 PM,108,79,29
04/11/2016 04:00:00 PM,64,51,13
04/11/2016 03:00:00 PM,27,17,10
04/11/2016 02:00:00 PM,13,9,4
04/11/2016 01:00:00 PM,9,5,4
04/11/2016 12:00:00 PM,12,9,3
04/11/2016 11:00:00 AM,10,6,4
04/11/2016 10:00:00 AM,16,7,9
04/11/2016 09:00:00 AM,24,7,17
04/11/2016 08:00:00 AM,68,37,31
04/11/2016 07:00:00 AM,36,18,18
04/11/2016 06:00:00 AM,14,5,9
04/11/2016 05:00:00 AM,3,2,1
04/11/2016 04:00:00 AM,0,0,0
04/11/2016 03:00:00 AM,0,0,0
04/11/2016 02:00:00 AM,0,0,0
04/11/2016 01:00:00 AM,0,0,0
04/11/2016 12:00:00 AM,0,0,0
04/10/2016 11:00:00 PM,1,0,1
04/10/2016 10:00:00 PM,2,1,1
04/10/2016 09:00:00 PM,4,4,0
04/10/2016 08:00:00 PM,5,3,2
04/10/2016 07:00:00 PM,10,7,3
04/10/2016 06:00:00 PM,12,4,8
04/10/2016 05:00:00 PM,7,5,2
04/10/2016 04:00:00 PM,19,6,13
04/10/2016 03:00:00 PM,11,7,4
04/10/2016 02:00:00 PM,16,5,11
04/10/2016 01:00:00 PM,16,7,9
04/10/2016 12:00:00 PM,16,15,1
04/10/2016 11:00:00 AM,14,12,2
04/10/2016 10:00:00 AM,5,4,1
04/10/2016 09:00:00 AM,13,9,4
04/10/2016 08:00:00 AM,4,4,0
04/10/2016 07:00:00 AM,5,3,2
04/10/2016 06:00:00 AM,1,0,1
04/10/2016 05:00:00 AM,1,1,0
04/10/2016 04:00:00 AM,0,0,0
04/10/2016 03:00:00 AM,1,1,0
04/10/2016 02:00:00 AM,0,0,0
04/10/2016 01:00:00 AM,2,2,0
04/10/2016 12:00:00 AM,2,2,0
04/09/2016 11:00:00 PM,2,1,1
04/09/2016 10:00:00 PM,2,1,1
04/09/2016 09:00:00 PM,21,10,11
04/09/2016 08:00:00 PM,14,8,6
04/09/2016 07:00:00 PM,9,4,5
04/09/2016 06:00:00 PM,21,13,8
04/09/2016 05:00:00 PM,22,9,13
04/09/2016 04:00:00 PM,13,10,3
04/09/2016 03:00:00 PM,17,8,9
04/09/2016 02:00:00 PM,24,11,13
04/09/2016 01:00:00 PM,19,8,11
04/09/2016 12:00:00 PM,16,11,5
04/09/2016 11:00:00 AM,10,5,5
04/09/2016 10:00:00 AM,7,4,3
04/09/2016 09:00:00 AM,12,6,6
04/09/2016 08:00:00 AM,23,18,5
04/09/2016 07:00:00 AM,3,1,2
04/09/2016 06:00:00 AM,0,0,0
04/09/2016 05:00:00 AM,1,0,1
04/09/2016 04:00:00 AM,0,0,0
04/09/2016 03:00:00 AM,0,0,0
04/09/2016 02:00:00 AM,1,0,1
04/09/2016 01:00:00 AM,1,1,0
04/09/2016 12:00:00 AM,5,4,1
04/08/2016 11:00:00 PM,8,5,3
04/08/2016 10:00:00 PM,8,2,6
04/08/2016 09:00:00 PM,5,0,5
04/08/2016 08:00:00 PM,12,6,6
04/08/2016 07:00:00 PM,15,6,9
04/08/2016 06:00:00 PM,43,34,9
04/08/2016 05:00:00 PM,111,73,38
04/08/2016 04:00:00 PM,64,52,12
04/08/2016 03:00:00 PM,38,24,14
04/08/2016 02:00:00 PM,19,14,5
04/08/2016 01:00:00 PM,18,11,7
04/08/2016 12:00:00 PM,26,9,17
04/08/2016 11:00:00 AM,17,9,8
04/08/2016 10:00:00 AM,16,10,6
04/08/2016 09:00:00 AM,26,10,16
04/08/2016 08:00:00 AM,48,25,23
04/08/2016 07:00:00 AM,12,3,9
04/08/2016 06:00:00 AM,4,0,4
04/08/2016 05:00:00 AM,1,0,1
04/08/2016 04:00:00 AM,0,0,0
04/08/2016 03:00:00 AM,1,0,1
04/08/2016 02:00:00 AM,0,0,0
04/08/2016 01:00:00 AM,0,0,0
04/08/2016 12:00:00 AM,0,0,0
04/07/2016 11:00:00 PM,2,1,1
04/07/2016 10:00:00 PM,0,0,0
04/07/2016 09:00:00 PM,4,1,3
04/07/2016 08:00:00 PM,5,2,3
04/07/2016 07:00:00 PM,8,6,2
04/07/2016 06:00:00 PM,20,9,11
04/07/2016 05:00:00 PM,33,16,17
04/07/2016 04:00:00 PM,24,13,11
04/07/2016 03:00:00 PM,17,7,10
04/07/2016 02:00:00 PM,6,4,2
04/07/2016 01:00:00 PM,6,0,6
04/07/2016 12:00:00 PM,20,4,16
04/07/2016 11:00:00 AM,8,2,6
04/07/2016 10:00:00 AM,4,1,3
04/07/2016 09:00:00 AM,17,1,16
04/07/2016 08:00:00 AM,27,11,16
04/07/2016 07:00:00 AM,41,23,18
04/07/2016 06:00:00 AM,22,13,9
04/07/2016 05:00:00 AM,5,4,1
04/07/2016 04:00:00 AM,1,1,0
04/07/2016 03:00:00 AM,16,8,8
04/07/2016 02:00:00 AM,2,1,1
04/07/2016 01:00:00 AM,1,0,1
04/07/2016 12:00:00 AM,1,1,0
04/06/2016 11:00:00 PM,2,1,1
04/06/2016 10:00:00 PM,2,2,0
04/06/2016 09:00:00 PM,2,2,0
04/06/2016 08:00:00 PM,2,1,1
04/06/2016 07:00:00 PM,20,10,10
04/06/2016 06:00:00 PM,36,28,8
04/06/2016 05:00:00 PM,92,73,19
04/06/2016 04:00:00 PM,54,40,14
04/06/2016 03:00:00 PM,28,21,7
04/06/2016 02:00:00 PM,14,9,5
04/06/2016 01:00:00 PM,17,12,5
04/06/2016 12:00:00 PM,17,7,10
04/06/2016 11:00:00 AM,11,8,3
04/06/2016 10:00:00 AM,12,10,2
04/06/2016 09:00:00 AM,30,17,13
04/06/2016 08:00:00 AM,70,48,22
04/06/2016 07:00:00 AM,37,24,13
04/06/2016 06:00:00 AM,26,14,12
04/06/2016 05:00:00 AM,5,4,1
04/06/2016 04:00:00 AM,0,0,0
04/06/2016 03:00:00 AM,0,0,0
04/06/2016 02:00:00 AM,0,0,0
04/06/2016 01:00:00 AM,0,0,0
04/06/2016 12:00:00 AM,1,1,0
04/05/2016 11:00:00 PM,1,0,1
04/05/2016 10:00:00 PM,0,0,0
04/05/2016 09:00:00 PM,2,0,2
04/05/2016 08:00:00 PM,11,10,1
04/05/2016 07:00:00 PM,14,10,4
04/05/2016 06:00:00 PM,37,23,14
04/05/2016 05:00:00 PM,91,72,19
04/05/2016 04:00:00 PM,43,30,13
04/05/2016 03:00:00 PM,34,21,13
04/05/2016 02:00:00 PM,10,8,2
04/05/2016 01:00:00 PM,10,4,6
04/05/2016 12:00:00 PM,15,6,9
04/05/2016 11:00:00 AM,9,6,3
04/05/2016 10:00:00 AM,12,10,2
04/05/2016 09:00:00 AM,28,15,13
04/05/2016 08:00:00 AM,82,65,17
04/05/2016 07:00:00 AM,74,47,27
04/05/2016 06:00:00 AM,24,12,12
04/05/2016 05:00:00 AM,14,7,7
04/05/2016 04:00:00 AM,3,3,0
04/05/2016 03:00:00 AM,0,0,0
04/05/2016 02:00:00 AM,2,1,1
04/05/2016 01:00:00 AM,0,0,0
04/05/2016 12:00:00 AM,1,1,0
04/04/2016 11:00:00 PM,3,2,1
04/04/2016 10:00:00 PM,5,4,1
04/04/2016 09:00:00 PM,6,5,1
04/04/2016 08:00:00 PM,9,6,3
04/04/2016 07:00:00 PM,23,14,9
04/04/2016 06:00:00 PM,31,22,9
04/04/2016 05:00:00 PM,97,67,30
04/04/2016 04:00:00 PM,63,43,20
04/04/2016 03:00:00 PM,21,17,4
04/04/2016 02:00:00 PM,20,9,11
04/04/2016 01:00:00 PM,15,9,6
04/04/2016 12:00:00 PM,23,7,16
04/04/2016 11:00:00 AM,9,5,4
04/04/2016 10:00:00 AM,0,0,0
04/04/2016 09:00:00 AM,0,0,0
04/04/2016 08:00:00 AM,0,0,0
04/04/2016 07:00:00 AM,0,0,0
04/04/2016 06:00:00 AM,0,0,0
04/04/2016 05:00:00 AM,0,0,0
04/04/2016 04:00:00 AM,0,0,0
04/04/2016 03:00:00 AM,0,0,0
04/04/2016 02:00:00 AM,0,0,0
04/04/2016 01:00:00 AM,0,0,0
04/04/2016 12:00:00 AM,0,0,0
04/03/2016 11:00:00 PM,0,0,0
04/03/2016 10:00:00 PM,0,0,0
04/03/2016 09:00:00 PM,0,0,0
04/03/2016 08:00:00 PM,0,0,0
04/03/2016 07:00:00 PM,0,0,0
04/03/2016 06:00:00 PM,0,0,0
04/03/2016 05:00:00 PM,0,0,0
04/03/2016 04:00:00 PM,0,0,0
04/03/2016 03:00:00 PM,0,0,0
04/03/2016 02:00:00 PM,0,0,0
04/03/2016 01:00:00 PM,0,0,0
04/03/2016 12:00:00 PM,0,0,0
04/03/2016 11:00:00 AM,0,0,0
04/03/2016 10:00:00 AM,0,0,0
04/03/2016 09:00:00 AM,0,0,0
04/03/2016 08:00:00 AM,1,0,1
04/03/2016 07:00:00 AM,0,0,0
04/03/2016 06:00:00 AM,0,0,0
04/03/2016 05:00:00 AM,0,0,0
04/03/2016 04:00:00 AM,0,0,0
04/03/2016 03:00:00 AM,0,0,0
04/03/2016 02:00:00 AM,0,0,0
04/03/2016 01:00:00 AM,0,0,0
04/03/2016 12:00:00 AM,0,0,0
04/02/2016 11:00:00 PM,0,0,0
04/02/2016 10:00:00 PM,0,0,0
04/02/2016 09:00:00 PM,0,0,0
04/02/2016 08:00:00 PM,1,1,0
04/02/2016 07:00:00 PM,0,0,0
04/02/2016 06:00:00 PM,0,0,0
04/02/2016 05:00:00 PM,0,0,0
04/02/2016 04:00:00 PM,0,0,0
04/02/2016 03:00:00 PM,0,0,0
04/02/2016 02:00:00 PM,0,0,0
04/02/2016 01:00:00 PM,0,0,0
04/02/2016 12:00:00 PM,0,0,0
04/02/2016 11:00:00 AM,0,0,0
04/02/2016 10:00:00 AM,0,0,0
04/02/2016 09:00:00 AM,0,0,0
04/02/2016 08:00:00 AM,0,0,0
04/02/2016 07:00:00 AM,0,0,0
04/02/2016 06:00:00 AM,0,0,0
04/02/2016 05:00:00 AM,0,0,0
04/02/2016 04:00:00 AM,0,0,0
04/02/2016 03:00:00 AM,0,0,0
04/02/2016 02:00:00 AM,0,0,0
04/02/2016 01:00:00 AM,0,0,0
04/02/2016 12:00:00 AM,0,0,0
04/01/2016 11:00:00 PM,1,1,0
04/01/2016 10:00:00 PM,6,1,5
04/01/2016 09:00:00 PM,10,4,6
04/01/2016 08:00:00 PM,13,7,6
04/01/2016 07:00:00 PM,12,7,5
04/01/2016 06:00:00 PM,45,24,21
04/01/2016 05:00:00 PM,106,79,27
04/01/2016 04:00:00 PM,86,57,29
04/01/2016 03:00:00 PM,58,44,14
04/01/2016 02:00:00 PM,29,18,11
04/01/2016 01:00:00 PM,31,17,14
04/01/2016 12:00:00 PM,39,29,10
04/01/2016 11:00:00 AM,12,7,5
04/01/2016 10:00:00 AM,20,13,7
04/01/2016 09:00:00 AM,38,30,8
04/01/2016 08:00:00 AM,85,57,28
04/01/2016 07:00:00 AM,50,28,22
04/01/2016 06:00:00 AM,24,13,11
04/01/2016 05:00:00 AM,3,1,2
04/01/2016 04:00:00 AM,1,0,1
04/01/2016 03:00:00 AM,0,0,0
04/01/2016 02:00:00 AM,2,1,1
04/01/2016 01:00:00 AM,0,0,0
04/01/2016 12:00:00 AM,2,2,0
03/31/2016 11:00:00 PM,5,3,2
03/31/2016 10:00:00 PM,8,4,4
03/31/2016 09:00:00 PM,4,3,1
03/31/2016 08:00:00 PM,17,14,3
03/31/2016 07:00:00 PM,11,8,3
03/31/2016 06:00:00 PM,66,39,27
03/31/2016 05:00:00 PM,137,95,42
03/31/2016 04:00:00 PM,106,76,30
03/31/2016 03:00:00 PM,49,37,12
03/31/2016 02:00:00 PM,30,20,10
03/31/2016 01:00:00 PM,20,12,8
03/31/2016 12:00:00 PM,19,10,9
03/31/2016 11:00:00 AM,19,13,6
03/31/2016 10:00:00 AM,22,8,14
03/31/2016 09:00:00 AM,52,28,24
03/31/2016 08:00:00 AM,94,58,36
03/31/2016 07:00:00 AM,77,48,29
03/31/2016 06:00:00 AM,30,16,14
03/31/2016 05:00:00 AM,7,2,5
03/31/2016 04:00:00 AM,1,1,0
03/31/2016 03:00:00 AM,0,0,0
03/31/2016 02:00:00 AM,0,0,0
03/31/2016 01:00:00 AM,0,0,0
03/31/2016 12:00:00 AM,2,2,0
03/30/2016 11:00:00 PM,3,2,1
03/30/2016 10:00:00 PM,5,5,0
03/30/2016 09:00:00 PM,8,6,2
03/30/2016 08:00:00 PM,16,11,5
03/30/2016 07:00:00 PM,18,10,8
03/30/2016 06:00:00 PM,54,38,16
03/30/2016 05:00:00 PM,150,95,55
03/30/2016 04:00:00 PM,97,71,26
03/30/2016 03:00:00 PM,41,26,15
03/30/2016 02:00:00 PM,33,19,14
03/30/2016 01:00:00 PM,26,16,10
03/30/2016 12:00:00 PM,29,13,16
03/30/2016 11:00:00 AM,14,9,5
03/30/2016 10:00:00 AM,26,17,9
03/30/2016 09:00:00 AM,53,35,18
03/30/2016 08:00:00 AM,132,87,45
03/30/2016 07:00:00 AM,62,42,20
03/30/2016 06:00:00 AM,32,21,11
03/30/2016 05:00:00 AM,8,3,5
03/30/2016 04:00:00 AM,0,0,0
03/30/2016 03:00:00 AM,0,0,0
03/30/2016 02:00:00 AM,0,0,0
03/30/2016 01:00:00 AM,0,0,0
03/30/2016 12:00:00 AM,2,1,1
03/29/2016 11:00:00 PM,3,1,2
03/29/2016 10:00:00 PM,5,5,0
03/29/2016 09:00:00 PM,8,2,6
03/29/2016 08:00:00 PM,12,6,6
03/29/2016 07:00:00 PM,29,20,9
03/29/2016 06:00:00 PM,58,31,27
03/29/2016 05:00:00 PM,118,77,41
03/29/2016 04:00:00 PM,78,54,24
03/29/2016 03:00:00 PM,39,31,8
03/29/2016 02:00:00 PM,31,19,12
03/29/2016 01:00:00 PM,19,11,8
03/29/2016 12:00:00 PM,20,13,7
03/29/2016 11:00:00 AM,29,16,13
03/29/2016 10:00:00 AM,12,5,7
03/29/2016 09:00:00 AM,48,22,26
03/29/2016 08:00:00 AM,106,73,33
03/29/2016 07:00:00 AM,70,42,28
03/29/2016 06:00:00 AM,26,18,8
03/29/2016 05:00:00 AM,9,2,7
03/29/2016 04:00:00 AM,0,0,0
03/29/2016 03:00:00 AM,0,0,0
03/29/2016 02:00:00 AM,2,2,0
03/29/2016 01:00:00 AM,2,1,1
03/29/2016 12:00:00 AM,2,2,0
03/28/2016 11:00:00 PM,1,0,1
03/28/2016 10:00:00 PM,3,2,1
03/28/2016 09:00:00 PM,6,5,1
03/28/2016 08:00:00 PM,11,8,3
03/28/2016 07:00:00 PM,23,15,8
03/28/2016 06:00:00 PM,47,33,14
03/28/2016 05:00:00 PM,105,75,30
03/28/2016 04:00:00 PM,67,51,16
03/28/2016 03:00:00 PM,25,16,9
03/28/2016 02:00:00 PM,21,12,9
03/28/2016 01:00:00 PM,11,6,5
03/28/2016 12:00:00 PM,18,11,7
03/28/2016 11:00:00 AM,10,3,7
03/28/2016 10:00:00 AM,11,6,5
03/28/2016 09:00:00 AM,47,26,21
03/28/2016 08:00:00 AM,86,49,37
03/28/2016 07:00:00 AM,56,34,22
03/28/2016 06:00:00 AM,21,14,7
03/28/2016 05:00:00 AM,5,1,4
03/28/2016 04:00:00 AM,1,1,0
03/28/2016 03:00:00 AM,0,0,0
03/28/2016 02:00:00 AM,2,2,0
03/28/2016 01:00:00 AM,0,0,0
03/28/2016 12:00:00 AM,2,2,0
03/27/2016 11:00:00 PM,0,0,0
03/27/2016 10:00:00 PM,0,0,0
03/27/2016 09:00:00 PM,3,2,1
03/27/2016 08:00:00 PM,1,0,1
03/27/2016 07:00:00 PM,1,0,1
03/27/2016 06:00:00 PM,2,1,1
03/27/2016 05:00:00 PM,9,5,4
03/27/2016 04:00:00 PM,2,2,0
03/27/2016 03:00:00 PM,5,4,1
03/27/2016 02:00:00 PM,3,2,1
03/27/2016 01:00:00 PM,8,4,4
03/27/2016 12:00:00 PM,2,1,1
03/27/2016 11:00:00 AM,2,1,1
03/27/2016 10:00:00 AM,3,3,0
03/27/2016 09:00:00 AM,2,2,0
03/27/2016 08:00:00 AM,2,0,2
03/27/2016 07:00:00 AM,1,1,0
03/27/2016 06:00:00 AM,1,1,0
03/27/2016 05:00:00 AM,0,0,0
03/27/2016 04:00:00 AM,1,1,0
03/27/2016 03:00:00 AM,0,0,0
03/27/2016 02:00:00 AM,4,2,2
03/27/2016 01:00:00 AM,3,2,1
03/27/2016 12:00:00 AM,1,1,0
03/26/2016 11:00:00 PM,4,1,3
03/26/2016 10:00:00 PM,9,6,3
03/26/2016 09:00:00 PM,3,2,1
03/26/2016 08:00:00 PM,0,0,0
03/26/2016 07:00:00 PM,5,4,1
03/26/2016 06:00:00 PM,7,3,4
03/26/2016 05:00:00 PM,2,2,0
03/26/2016 04:00:00 PM,12,10,2
03/26/2016 03:00:00 PM,14,6,8
03/26/2016 02:00:00 PM,13,5,8
03/26/2016 01:00:00 PM,18,7,11
03/26/2016 12:00:00 PM,12,7,5
03/26/2016 11:00:00 AM,12,8,4
03/26/2016 10:00:00 AM,4,2,2
03/26/2016 09:00:00 AM,5,1,4
03/26/2016 08:00:00 AM,5,4,1
03/26/2016 07:00:00 AM,0,0,0
03/26/2016 06:00:00 AM,1,1,0
03/26/2016 05:00:00 AM,0,0,0
03/26/2016 04:00:00 AM,0,0,0
03/26/2016 03:00:00 AM,0,0,0
03/26/2016 02:00:00 AM,1,1,0
03/26/2016 01:00:00 AM,2,2,0
03/26/2016 12:00:00 AM,4,4,0
03/25/2016 11:00:00 PM,6,3,3
03/25/2016 10:00:00 PM,9,1,8
03/25/2016 09:00:00 PM,22,6,16
03/25/2016 08:00:00 PM,19,8,11
03/25/2016 07:00:00 PM,12,8,4
03/25/2016 06:00:00 PM,42,30,12
03/25/2016 05:00:00 PM,83,58,25
03/25/2016 04:00:00 PM,94,68,26
03/25/2016 03:00:00 PM,46,34,12
03/25/2016 02:00:00 PM,29,26,3
03/25/2016 01:00:00 PM,27,14,13
03/25/2016 12:00:00 PM,27,20,7
03/25/2016 11:00:00 AM,30,25,5
03/25/2016 10:00:00 AM,23,17,6
03/25/2016 09:00:00 AM,45,26,19
03/25/2016 08:00:00 AM,69,40,29
03/25/2016 07:00:00 AM,41,27,14
03/25/2016 06:00:00 AM,27,15,12
03/25/2016 05:00:00 AM,0,0,0
03/25/2016 04:00:00 AM,1,0,1
03/25/2016 03:00:00 AM,0,0,0
03/25/2016 02:00:00 AM,0,0,0
03/25/2016 01:00:00 AM,0,0,0
03/25/2016 12:00:00 AM,3,2,1
03/24/2016 11:00:00 PM,4,2,2
03/24/2016 10:00:00 PM,4,3,1
03/24/2016 09:00:00 PM,6,4,2
03/24/2016 08:00:00 PM,8,6,2
03/24/2016 07:00:00 PM,17,14,3
03/24/2016 06:00:00 PM,45,26,19
03/24/2016 05:00:00 PM,85,54,31
03/24/2016 04:00:00 PM,75,58,17
03/24/2016 03:00:00 PM,21,11,10
03/24/2016 02:00:00 PM,24,15,9
03/24/2016 01:00:00 PM,22,13,9
03/24/2016 12:00:00 PM,15,9,6
03/24/2016 11:00:00 AM,15,10,5
03/24/2016 10:00:00 AM,23,14,9
03/24/2016 09:00:00 AM,48,29,19
03/24/2016 08:00:00 AM,77,53,24
03/24/2016 07:00:00 AM,48,32,16
03/24/2016 06:00:00 AM,18,12,6
03/24/2016 05:00:00 AM,3,0,3
03/24/2016 04:00:00 AM,0,0,0
03/24/2016 03:00:00 AM,0,0,0
03/24/2016 02:00:00 AM,0,0,0
03/24/2016 01:00:00 AM,1,0,1
03/24/2016 12:00:00 AM,2,2,0
03/23/2016 11:00:00 PM,1,1,0
03/23/2016 10:00:00 PM,1,0,1
03/23/2016 09:00:00 PM,5,4,1
03/23/2016 08:00:00 PM,9,3,6
03/23/2016 07:00:00 PM,19,12,7
03/23/2016 06:00:00 PM,30,23,7
03/23/2016 05:00:00 PM,106,78,28
03/23/2016 04:00:00 PM,82,60,22
03/23/2016 03:00:00 PM,40,26,14
03/23/2016 02:00:00 PM,24,14,10
03/23/2016 01:00:00 PM,11,8,3
03/23/2016 12:00:00 PM,14,9,5
03/23/2016 11:00:00 AM,13,5,8
03/23/2016 10:00:00 AM,25,16,9
03/23/2016 09:00:00 AM,35,26,9
03/23/2016 08:00:00 AM,70,41,29
03/23/2016 07:00:00 AM,44,29,15
03/23/2016 06:00:00 AM,19,13,6
03/23/2016 05:00:00 AM,5,0,5
03/23/2016 04:00:00 AM,1,0,1
03/23/2016 03:00:00 AM,1,1,0
03/23/2016 02:00:00 AM,3,3,0
03/23/2016 01:00:00 AM,1,1,0
03/23/2016 12:00:00 AM,1,1,0
03/22/2016 11:00:00 PM,0,0,0
03/22/2016 10:00:00 PM,3,2,1
03/22/2016 09:00:00 PM,5,5,0
03/22/2016 08:00:00 PM,9,3,6
03/22/2016 07:00:00 PM,19,15,4
03/22/2016 06:00:00 PM,37,27,10
03/22/2016 05:00:00 PM,116,77,39
03/22/2016 04:00:00 PM,59,38,21
03/22/2016 03:00:00 PM,45,29,16
03/22/2016 02:00:00 PM,22,16,6
03/22/2016 01:00:00 PM,15,7,8
03/22/2016 12:00:00 PM,16,7,9
03/22/2016 11:00:00 AM,17,14,3
03/22/2016 10:00:00 AM,12,7,5
03/22/2016 09:00:00 AM,38,22,16
03/22/2016 08:00:00 AM,75,53,22
03/22/2016 07:00:00 AM,61,38,23
03/22/2016 06:00:00 AM,29,21,8
03/22/2016 05:00:00 AM,2,0,2
03/22/2016 04:00:00 AM,1,0,1
03/22/2016 03:00:00 AM,0,0,0
03/22/2016 02:00:00 AM,0,0,0
03/22/2016 01:00:00 AM,1,1,0
03/22/2016 12:00:00 AM,1,1,0
03/21/2016 11:00:00 PM,3,2,1
03/21/2016 10:00:00 PM,0,0,0
03/21/2016 09:00:00 PM,6,4,2
03/21/2016 08:00:00 PM,4,3,1
03/21/2016 07:00:00 PM,10,6,4
03/21/2016 06:00:00 PM,40,19,21
03/21/2016 05:00:00 PM,79,58,21
03/21/2016 04:00:00 PM,55,42,13
03/21/2016 03:00:00 PM,23,16,7
03/21/2016 02:00:00 PM,17,8,9
03/21/2016 01:00:00 PM,8,4,4
03/21/2016 12:00:00 PM,13,7,6
03/21/2016 11:00:00 AM,6,3,3
03/21/2016 10:00:00 AM,13,6,7
03/21/2016 09:00:00 AM,37,20,17
03/21/2016 08:00:00 AM,67,42,25
03/21/2016 07:00:00 AM,38,22,16
03/21/2016 06:00:00 AM,11,6,5
03/21/2016 05:00:00 AM,3,1,2
03/21/2016 04:00:00 AM,1,0,1
03/21/2016 03:00:00 AM,4,0,4
03/21/2016 02:00:00 AM,1,1,0
03/21/2016 01:00:00 AM,1,1,0
03/21/2016 12:00:00 AM,1,1,0
03/20/2016 11:00:00 PM,2,0,2
03/20/2016 10:00:00 PM,3,1,2
03/20/2016 09:00:00 PM,2,1,1
03/20/2016 08:00:00 PM,7,3,4
03/20/2016 07:00:00 PM,8,7,1
03/20/2016 06:00:00 PM,5,5,0
03/20/2016 05:00:00 PM,4,2,2
03/20/2016 04:00:00 PM,8,7,1
03/20/2016 03:00:00 PM,7,5,2
03/20/2016 02:00:00 PM,8,4,4
03/20/2016 01:00:00 PM,5,2,3
03/20/2016 12:00:00 PM,7,4,3
03/20/2016 11:00:00 AM,9,5,4
03/20/2016 10:00:00 AM,7,6,1
03/20/2016 09:00:00 AM,12,6,6
03/20/2016 08:00:00 AM,6,5,1
03/20/2016 07:00:00 AM,0,0,0
03/20/2016 06:00:00 AM,1,1,0
03/20/2016 05:00:00 AM,0,0,0
03/20/2016 04:00:00 AM,0,0,0
03/20/2016 03:00:00 AM,1,1,0
03/20/2016 02:00:00 AM,0,0,0
03/20/2016 01:00:00 AM,3,2,1
03/20/2016 12:00:00 AM,5,4,1
03/19/2016 11:00:00 PM,4,1,3
03/19/2016 10:00:00 PM,7,5,2
03/19/2016 09:00:00 PM,13,1,12
03/19/2016 08:00:00 PM,3,2,1
03/19/2016 07:00:00 PM,8,4,4
03/19/2016 06:00:00 PM,14,13,1
03/19/2016 05:00:00 PM,20,13,7
03/19/2016 04:00:00 PM,16,8,8
03/19/2016 03:00:00 PM,8,2,6
03/19/2016 02:00:00 PM,16,13,3
03/19/2016 01:00:00 PM,14,7,7
03/19/2016 12:00:00 PM,22,6,16
03/19/2016 11:00:00 AM,18,7,11
03/19/2016 10:00:00 AM,7,4,3
03/19/2016 09:00:00 AM,3,2,1
03/19/2016 08:00:00 AM,11,6,5
03/19/2016 07:00:00 AM,3,2,1
03/19/2016 06:00:00 AM,1,0,1
03/19/2016 05:00:00 AM,0,0,0
03/19/2016 04:00:00 AM,1,1,0
03/19/2016 03:00:00 AM,0,0,0
03/19/2016 02:00:00 AM,0,0,0
03/19/2016 01:00:00 AM,2,1,1
03/19/2016 12:00:00 AM,3,2,1
03/18/2016 11:00:00 PM,7,5,2
03/18/2016 10:00:00 PM,3,1,2
03/18/2016 09:00:00 PM,6,4,2
03/18/2016 08:00:00 PM,7,4,3
03/18/2016 07:00:00 PM,25,11,14
03/18/2016 06:00:00 PM,29,20,9
03/18/2016 05:00:00 PM,88,60,28
03/18/2016 04:00:00 PM,89,59,30
03/18/2016 03:00:00 PM,48,25,23
03/18/2016 02:00:00 PM,31,24,7
03/18/2016 01:00:00 PM,22,14,8
03/18/2016 12:00:00 PM,32,22,10
03/18/2016 11:00:00 AM,23,14,9
03/18/2016 10:00:00 AM,27,17,10
03/18/2016 09:00:00 AM,43,27,16
03/18/2016 08:00:00 AM,84,57,27
03/18/2016 07:00:00 AM,55,36,19
03/18/2016 06:00:00 AM,19,10,9
03/18/2016 05:00:00 AM,4,1,3
03/18/2016 04:00:00 AM,0,0,0
03/18/2016 03:00:00 AM,1,1,0
03/18/2016 02:00:00 AM,2,0,2
03/18/2016 01:00:00 AM,0,0,0
03/18/2016 12:00:00 AM,3,2,1
03/17/2016 11:00:00 PM,3,1,2
03/17/2016 10:00:00 PM,5,3,2
03/17/2016 09:00:00 PM,7,6,1
03/17/2016 08:00:00 PM,5,4,1
03/17/2016 07:00:00 PM,26,14,12
03/17/2016 06:00:00 PM,55,34,21
03/17/2016 05:00:00 PM,138,86,52
03/17/2016 04:00:00 PM,79,62,17
03/17/2016 03:00:00 PM,39,27,12
03/17/2016 02:00:00 PM,29,23,6
03/17/2016 01:00:00 PM,27,10,17
03/17/2016 12:00:00 PM,21,9,12
03/17/2016 11:00:00 AM,13,8,5
03/17/2016 10:00:00 AM,23,17,6
03/17/2016 09:00:00 AM,48,27,21
03/17/2016 08:00:00 AM,95,53,42
03/17/2016 07:00:00 AM,79,56,23
03/17/2016 06:00:00 AM,31,21,10
03/17/2016 05:00:00 AM,4,1,3
03/17/2016 04:00:00 AM,1,1,0
03/17/2016 03:00:00 AM,0,0,0
03/17/2016 02:00:00 AM,2,1,1
03/17/2016 01:00:00 AM,0,0,0
03/17/2016 12:00:00 AM,1,1,0
03/16/2016 11:00:00 PM,0,0,0
03/16/2016 10:00:00 PM,6,4,2
03/16/2016 09:00:00 PM,7,4,3
03/16/2016 08:00:00 PM,6,4,2
03/16/2016 07:00:00 PM,23,12,11
03/16/2016 06:00:00 PM,53,31,22
03/16/2016 05:00:00 PM,135,98,37
03/16/2016 04:00:00 PM,81,58,23
03/16/2016 03:00:00 PM,43,28,15
03/16/2016 02:00:00 PM,17,10,7
03/16/2016 01:00:00 PM,16,10,6
03/16/2016 12:00:00 PM,24,11,13
03/16/2016 11:00:00 AM,27,20,7
03/16/2016 10:00:00 AM,27,15,12
03/16/2016 09:00:00 AM,54,28,26
03/16/2016 08:00:00 AM,90,50,40
03/16/2016 07:00:00 AM,55,38,17
03/16/2016 06:00:00 AM,30,16,14
03/16/2016 05:00:00 AM,4,1,3
03/16/2016 04:00:00 AM,0,0,0
03/16/2016 03:00:00 AM,0,0,0
03/16/2016 02:00:00 AM,2,1,1
03/16/2016 01:00:00 AM,0,0,0
03/16/2016 12:00:00 AM,1,1,0
03/15/2016 11:00:00 PM,0,0,0
03/15/2016 10:00:00 PM,2,1,1
03/15/2016 09:00:00 PM,5,1,4
03/15/2016 08:00:00 PM,6,5,1
03/15/2016 07:00:00 PM,14,11,3
03/15/2016 06:00:00 PM,45,25,20
03/15/2016 05:00:00 PM,109,78,31
03/15/2016 04:00:00 PM,64,45,19
03/15/2016 03:00:00 PM,42,27,15
03/15/2016 02:00:00 PM,21,9,12
03/15/2016 01:00:00 PM,19,13,6
03/15/2016 12:00:00 PM,17,9,8
03/15/2016 11:00:00 AM,9,3,6
03/15/2016 10:00:00 AM,26,21,5
03/15/2016 09:00:00 AM,47,26,21
03/15/2016 08:00:00 AM,73,48,25
03/15/2016 07:00:00 AM,37,24,13
03/15/2016 06:00:00 AM,21,11,10
03/15/2016 05:00:00 AM,5,3,2
03/15/2016 04:00:00 AM,1,0,1
03/15/2016 03:00:00 AM,0,0,0
03/15/2016 02:00:00 AM,2,1,1
03/15/2016 01:00:00 AM,5,0,5
03/15/2016 12:00:00 AM,1,0,1
03/14/2016 11:00:00 PM,3,2,1
03/14/2016 10:00:00 PM,3,0,3
03/14/2016 09:00:00 PM,4,3,1
03/14/2016 08:00:00 PM,4,2,2
03/14/2016 07:00:00 PM,12,7,5
03/14/2016 06:00:00 PM,46,24,22
03/14/2016 05:00:00 PM,85,68,17
03/14/2016 04:00:00 PM,45,33,12
03/14/2016 03:00:00 PM,24,15,9
03/14/2016 02:00:00 PM,17,7,10
03/14/2016 01:00:00 PM,15,5,10
03/14/2016 12:00:00 PM,16,10,6
03/14/2016 11:00:00 AM,14,8,6
03/14/2016 10:00:00 AM,18,7,11
03/14/2016 09:00:00 AM,45,23,22
03/14/2016 08:00:00 AM,58,34,24
03/14/2016 07:00:00 AM,35,19,16
03/14/2016 06:00:00 AM,15,8,7
03/14/2016 05:00:00 AM,5,2,3
03/14/2016 04:00:00 AM,0,0,0
03/14/2016 03:00:00 AM,0,0,0
03/14/2016 02:00:00 AM,0,0,0
03/14/2016 01:00:00 AM,0,0,0
03/14/2016 12:00:00 AM,0,0,0
03/13/2016 11:00:00 PM,3,2,1
03/13/2016 10:00:00 PM,2,0,2
03/13/2016 09:00:00 PM,4,2,2
03/13/2016 08:00:00 PM,3,2,1
03/13/2016 07:00:00 PM,2,2,0
03/13/2016 06:00:00 PM,5,2,3
03/13/2016 05:00:00 PM,4,1,3
03/13/2016 04:00:00 PM,9,6,3
03/13/2016 03:00:00 PM,4,2,2
03/13/2016 02:00:00 PM,5,5,0
03/13/2016 01:00:00 PM,4,3,1
03/13/2016 12:00:00 PM,8,4,4
03/13/2016 11:00:00 AM,5,2,3
03/13/2016 10:00:00 AM,1,1,0
03/13/2016 09:00:00 AM,2,0,2
03/13/2016 08:00:00 AM,2,0,2
03/13/2016 07:00:00 AM,1,1,0
03/13/2016 06:00:00 AM,0,0,0
03/13/2016 05:00:00 AM,0,0,0
03/13/2016 04:00:00 AM,0,0,0
03/13/2016 03:00:00 AM,0,0,0
03/13/2016 02:00:00 AM,0,0,0
03/13/2016 01:00:00 AM,0,0,0
03/13/2016 12:00:00 AM,0,0,0
03/12/2016 11:00:00 PM,4,2,2
03/12/2016 10:00:00 PM,1,0,1
03/12/2016 09:00:00 PM,1,1,0
03/12/2016 08:00:00 PM,7,5,2
03/12/2016 07:00:00 PM,5,5,0
03/12/2016 06:00:00 PM,9,8,1
03/12/2016 05:00:00 PM,9,7,2
03/12/2016 04:00:00 PM,3,2,1
03/12/2016 03:00:00 PM,13,9,4
03/12/2016 02:00:00 PM,18,17,1
03/12/2016 01:00:00 PM,12,3,9
03/12/2016 12:00:00 PM,9,3,6
03/12/2016 11:00:00 AM,9,7,2
03/12/2016 10:00:00 AM,5,4,1
03/12/2016 09:00:00 AM,3,2,1
03/12/2016 08:00:00 AM,7,4,3
03/12/2016 07:00:00 AM,2,1,1
03/12/2016 06:00:00 AM,0,0,0
03/12/2016 05:00:00 AM,0,0,0
03/12/2016 04:00:00 AM,1,1,0
03/12/2016 03:00:00 AM,1,1,0
03/12/2016 02:00:00 AM,0,0,0
03/12/2016 01:00:00 AM,0,0,0
03/12/2016 12:00:00 AM,2,2,0
03/11/2016 11:00:00 PM,2,0,2
03/11/2016 10:00:00 PM,4,3,1
03/11/2016 09:00:00 PM,1,1,0
03/11/2016 08:00:00 PM,12,6,6
03/11/2016 07:00:00 PM,10,3,7
03/11/2016 06:00:00 PM,30,18,12
03/11/2016 05:00:00 PM,76,60,16
03/11/2016 04:00:00 PM,57,40,17
03/11/2016 03:00:00 PM,39,31,8
03/11/2016 02:00:00 PM,14,8,6
03/11/2016 01:00:00 PM,21,15,6
03/11/2016 12:00:00 PM,18,9,9
03/11/2016 11:00:00 AM,18,9,9
03/11/2016 10:00:00 AM,30,18,12
03/11/2016 09:00:00 AM,50,26,24
03/11/2016 08:00:00 AM,72,50,22
03/11/2016 07:00:00 AM,50,33,17
03/11/2016 06:00:00 AM,16,7,9
03/11/2016 05:00:00 AM,2,0,2
03/11/2016 04:00:00 AM,0,0,0
03/11/2016 03:00:00 AM,0,0,0
03/11/2016 02:00:00 AM,1,0,1
03/11/2016 01:00:00 AM,0,0,0
03/11/2016 12:00:00 AM,2,1,1
03/10/2016 11:00:00 PM,1,0,1
03/10/2016 10:00:00 PM,3,3,0
03/10/2016 09:00:00 PM,5,3,2
03/10/2016 08:00:00 PM,8,5,3
03/10/2016 07:00:00 PM,9,5,4
03/10/2016 06:00:00 PM,38,26,12
03/10/2016 05:00:00 PM,71,52,19
03/10/2016 04:00:00 PM,48,31,17
03/10/2016 03:00:00 PM,27,20,7
03/10/2016 02:00:00 PM,18,15,3
03/10/2016 01:00:00 PM,23,13,10
03/10/2016 12:00:00 PM,18,11,7
03/10/2016 11:00:00 AM,10,6,4
03/10/2016 10:00:00 AM,20,11,9
03/10/2016 09:00:00 AM,36,25,11
03/10/2016 08:00:00 AM,58,34,24
03/10/2016 07:00:00 AM,30,15,15
03/10/2016 06:00:00 AM,20,8,12
03/10/2016 05:00:00 AM,5,1,4
03/10/2016 04:00:00 AM,0,0,0
03/10/2016 03:00:00 AM,1,1,0
03/10/2016 02:00:00 AM,1,0,1
03/10/2016 01:00:00 AM,0,0,0
03/10/2016 12:00:00 AM,3,2,1
03/09/2016 11:00:00 PM,1,1,0
03/09/2016 10:00:00 PM,0,0,0
03/09/2016 09:00:00 PM,3,2,1
03/09/2016 08:00:00 PM,7,6,1
03/09/2016 07:00:00 PM,12,6,6
03/09/2016 06:00:00 PM,22,11,11
03/09/2016 05:00:00 PM,67,51,16
03/09/2016 04:00:00 PM,49,35,14
03/09/2016 03:00:00 PM,21,18,3
03/09/2016 02:00:00 PM,12,7,5
03/09/2016 01:00:00 PM,16,9,7
03/09/2016 12:00:00 PM,12,7,5
03/09/2016 11:00:00 AM,14,8,6
03/09/2016 10:00:00 AM,19,10,9
03/09/2016 09:00:00 AM,47,32,15
03/09/2016 08:00:00 AM,58,37,21
03/09/2016 07:00:00 AM,46,31,15
03/09/2016 06:00:00 AM,17,12,5
03/09/2016 05:00:00 AM,5,2,3
03/09/2016 04:00:00 AM,0,0,0
03/09/2016 03:00:00 AM,0,0,0
03/09/2016 02:00:00 AM,3,2,1
03/09/2016 01:00:00 AM,0,0,0
03/09/2016 12:00:00 AM,0,0,0
03/08/2016 11:00:00 PM,0,0,0
03/08/2016 10:00:00 PM,1,0,1
03/08/2016 09:00:00 PM,5,3,2
03/08/2016 08:00:00 PM,8,6,2
03/08/2016 07:00:00 PM,17,10,7
03/08/2016 06:00:00 PM,41,26,15
03/08/2016 05:00:00 PM,102,73,29
03/08/2016 04:00:00 PM,79,63,16
03/08/2016 03:00:00 PM,38,23,15
03/08/2016 02:00:00 PM,16,5,11
03/08/2016 01:00:00 PM,20,9,11
03/08/2016 12:00:00 PM,28,15,13
03/08/2016 11:00:00 AM,23,12,11
03/08/2016 10:00:00 AM,28,16,12
03/08/2016 09:00:00 AM,49,32,17
03/08/2016 08:00:00 AM,78,51,27
03/08/2016 07:00:00 AM,62,39,23
03/08/2016 06:00:00 AM,25,16,9
03/08/2016 05:00:00 AM,7,3,4
03/08/2016 04:00:00 AM,0,0,0
03/08/2016 03:00:00 AM,0,0,0
03/08/2016 02:00:00 AM,2,1,1
03/08/2016 01:00:00 AM,0,0,0
03/08/2016 12:00:00 AM,1,0,1
03/07/2016 11:00:00 PM,2,0,2
03/07/2016 10:00:00 PM,2,2,0
03/07/2016 09:00:00 PM,8,3,5
03/07/2016 08:00:00 PM,4,2,2
03/07/2016 07:00:00 PM,12,9,3
03/07/2016 06:00:00 PM,35,25,10
03/07/2016 05:00:00 PM,91,64,27
03/07/2016 04:00:00 PM,68,50,18
03/07/2016 03:00:00 PM,26,20,6
03/07/2016 02:00:00 PM,8,4,4
03/07/2016 01:00:00 PM,15,11,4
03/07/2016 12:00:00 PM,15,8,7
03/07/2016 11:00:00 AM,15,8,7
03/07/2016 10:00:00 AM,12,6,6
03/07/2016 09:00:00 AM,32,16,16
03/07/2016 08:00:00 AM,50,32,18
03/07/2016 07:00:00 AM,29,19,10
03/07/2016 06:00:00 AM,20,12,8
03/07/2016 05:00:00 AM,7,4,3
03/07/2016 04:00:00 AM,1,1,0
03/07/2016 03:00:00 AM,0,0,0
03/07/2016 02:00:00 AM,0,0,0
03/07/2016 01:00:00 AM,1,1,0
03/07/2016 12:00:00 AM,1,1,0
03/06/2016 11:00:00 PM,2,1,1
03/06/2016 10:00:00 PM,1,1,0
03/06/2016 09:00:00 PM,1,1,0
03/06/2016 08:00:00 PM,4,2,2
03/06/2016 07:00:00 PM,3,2,1
03/06/2016 06:00:00 PM,11,2,9
03/06/2016 05:00:00 PM,5,2,3
03/06/2016 04:00:00 PM,7,6,1
03/06/2016 03:00:00 PM,12,11,1
03/06/2016 02:00:00 PM,9,8,1
03/06/2016 01:00:00 PM,10,6,4
03/06/2016 12:00:00 PM,1,1,0
03/06/2016 11:00:00 AM,6,4,2
03/06/2016 10:00:00 AM,3,1,2
03/06/2016 09:00:00 AM,7,6,1
03/06/2016 08:00:00 AM,3,1,2
03/06/2016 07:00:00 AM,1,1,0
03/06/2016 06:00:00 AM,1,1,0
03/06/2016 05:00:00 AM,0,0,0
03/06/2016 04:00:00 AM,0,0,0
03/06/2016 03:00:00 AM,0,0,0
03/06/2016 02:00:00 AM,2,2,0
03/06/2016 01:00:00 AM,1,1,0
03/06/2016 12:00:00 AM,4,4,0
03/05/2016 11:00:00 PM,3,1,2
03/05/2016 10:00:00 PM,1,0,1
03/05/2016 09:00:00 PM,3,2,1
03/05/2016 08:00:00 PM,3,2,1
03/05/2016 07:00:00 PM,3,2,1
03/05/2016 06:00:00 PM,14,7,7
03/05/2016 05:00:00 PM,15,8,7
03/05/2016 04:00:00 PM,8,5,3
03/05/2016 03:00:00 PM,26,8,18
03/05/2016 02:00:00 PM,24,13,11
03/05/2016 01:00:00 PM,25,17,8
03/05/2016 12:00:00 PM,24,13,11
03/05/2016 11:00:00 AM,14,7,7
03/05/2016 10:00:00 AM,19,13,6
03/05/2016 09:00:00 AM,11,7,4
03/05/2016 08:00:00 AM,11,9,2
03/05/2016 07:00:00 AM,1,1,0
03/05/2016 06:00:00 AM,3,2,1
03/05/2016 05:00:00 AM,3,2,1
03/05/2016 04:00:00 AM,0,0,0
03/05/2016 03:00:00 AM,0,0,0
03/05/2016 02:00:00 AM,0,0,0
03/05/2016 01:00:00 AM,2,2,0
03/05/2016 12:00:00 AM,3,3,0
03/04/2016 11:00:00 PM,3,3,0
03/04/2016 10:00:00 PM,4,2,2
03/04/2016 09:00:00 PM,5,3,2
03/04/2016 08:00:00 PM,6,5,1
03/04/2016 07:00:00 PM,10,5,5
03/04/2016 06:00:00 PM,33,22,11
03/04/2016 05:00:00 PM,72,46,26
03/04/2016 04:00:00 PM,71,56,15
03/04/2016 03:00:00 PM,36,27,9
03/04/2016 02:00:00 PM,19,12,7
03/04/2016 01:00:00 PM,20,11,9
03/04/2016 12:00:00 PM,28,16,12
03/04/2016 11:00:00 AM,26,14,12
03/04/2016 10:00:00 AM,20,11,9
03/04/2016 09:00:00 AM,44,23,21
03/04/2016 08:00:00 AM,76,43,33
03/04/2016 07:00:00 AM,40,24,16
03/04/2016 06:00:00 AM,16,8,8
03/04/2016 05:00:00 AM,5,1,4
03/04/2016 04:00:00 AM,0,0,0
03/04/2016 03:00:00 AM,0,0,0
03/04/2016 02:00:00 AM,1,0,1
03/04/2016 01:00:00 AM,0,0,0
03/04/2016 12:00:00 AM,4,4,0
03/03/2016 11:00:00 PM,2,1,1
03/03/2016 10:00:00 PM,7,5,2
03/03/2016 09:00:00 PM,6,5,1
03/03/2016 08:00:00 PM,7,5,2
03/03/2016 07:00:00 PM,21,14,7
03/03/2016 06:00:00 PM,48,28,20
03/03/2016 05:00:00 PM,111,74,37
03/03/2016 04:00:00 PM,64,45,19
03/03/2016 03:00:00 PM,32,19,13
03/03/2016 02:00:00 PM,19,13,6
03/03/2016 01:00:00 PM,20,10,10
03/03/2016 12:00:00 PM,16,11,5
03/03/2016 11:00:00 AM,13,6,7
03/03/2016 10:00:00 AM,24,12,12
03/03/2016 09:00:00 AM,43,25,18
03/03/2016 08:00:00 AM,74,44,30
03/03/2016 07:00:00 AM,40,30,10
03/03/2016 06:00:00 AM,22,11,11
03/03/2016 05:00:00 AM,7,4,3
03/03/2016 04:00:00 AM,1,1,0
03/03/2016 03:00:00 AM,1,1,0
03/03/2016 02:00:00 AM,1,0,1
03/03/2016 01:00:00 AM,0,0,0
03/03/2016 12:00:00 AM,4,3,1
03/02/2016 11:00:00 PM,1,1,0
03/02/2016 10:00:00 PM,2,1,1
03/02/2016 09:00:00 PM,4,2,2
03/02/2016 08:00:00 PM,6,2,4
03/02/2016 07:00:00 PM,18,10,8
03/02/2016 06:00:00 PM,34,23,11
03/02/2016 05:00:00 PM,102,77,25
03/02/2016 04:00:00 PM,74,53,21
03/02/2016 03:00:00 PM,30,25,5
03/02/2016 02:00:00 PM,21,15,6
03/02/2016 01:00:00 PM,18,11,7
03/02/2016 12:00:00 PM,21,17,4
03/02/2016 11:00:00 AM,13,4,9
03/02/2016 10:00:00 AM,20,13,7
03/02/2016 09:00:00 AM,42,23,19
03/02/2016 08:00:00 AM,89,57,32
03/02/2016 07:00:00 AM,56,32,24
03/02/2016 06:00:00 AM,22,10,12
03/02/2016 05:00:00 AM,6,3,3
03/02/2016 04:00:00 AM,1,1,0
03/02/2016 03:00:00 AM,0,0,0
03/02/2016 02:00:00 AM,1,0,1
03/02/2016 01:00:00 AM,0,0,0
03/02/2016 12:00:00 AM,1,0,1
03/01/2016 11:00:00 PM,0,0,0
03/01/2016 10:00:00 PM,1,0,1
03/01/2016 09:00:00 PM,6,3,3
03/01/2016 08:00:00 PM,7,5,2
03/01/2016 07:00:00 PM,10,6,4
03/01/2016 06:00:00 PM,27,13,14
03/01/2016 05:00:00 PM,77,50,27
03/01/2016 04:00:00 PM,64,46,18
03/01/2016 03:00:00 PM,20,15,5
03/01/2016 02:00:00 PM,17,8,9
03/01/2016 01:00:00 PM,10,5,5
03/01/2016 12:00:00 PM,16,8,8
03/01/2016 11:00:00 AM,7,4,3
03/01/2016 10:00:00 AM,20,10,10
03/01/2016 09:00:00 AM,36,18,18
03/01/2016 08:00:00 AM,65,43,22
03/01/2016 07:00:00 AM,47,32,15
03/01/2016 06:00:00 AM,19,11,8
03/01/2016 05:00:00 AM,4,2,2
03/01/2016 04:00:00 AM,1,1,0
03/01/2016 03:00:00 AM,0,0,0
03/01/2016 02:00:00 AM,2,1,1
03/01/2016 01:00:00 AM,0,0,0
03/01/2016 12:00:00 AM,0,0,0
02/29/2016 11:00:00 PM,2,0,2
02/29/2016 10:00:00 PM,2,0,2
02/29/2016 09:00:00 PM,4,3,1
02/29/2016 08:00:00 PM,9,8,1
02/29/2016 07:00:00 PM,24,15,9
02/29/2016 06:00:00 PM,43,21,22
02/29/2016 05:00:00 PM,120,86,34
02/29/2016 04:00:00 PM,75,53,22
02/29/2016 03:00:00 PM,35,22,13
02/29/2016 02:00:00 PM,28,13,15
02/29/2016 01:00:00 PM,25,19,6
02/29/2016 12:00:00 PM,20,15,5
02/29/2016 11:00:00 AM,21,12,9
02/29/2016 10:00:00 AM,19,11,8
02/29/2016 09:00:00 AM,41,21,20
02/29/2016 08:00:00 AM,70,40,30
02/29/2016 07:00:00 AM,53,36,17
02/29/2016 06:00:00 AM,18,9,9
02/29/2016 05:00:00 AM,6,2,4
02/29/2016 04:00:00 AM,1,1,0
02/29/2016 03:00:00 AM,1,0,1
02/29/2016 02:00:00 AM,0,0,0
02/29/2016 01:00:00 AM,0,0,0
02/29/2016 12:00:00 AM,0,0,0
02/28/2016 11:00:00 PM,1,1,0
02/28/2016 10:00:00 PM,0,0,0
02/28/2016 09:00:00 PM,3,3,0
02/28/2016 08:00:00 PM,3,1,2
02/28/2016 07:00:00 PM,6,4,2
02/28/2016 06:00:00 PM,4,2,2
02/28/2016 05:00:00 PM,4,3,1
02/28/2016 04:00:00 PM,8,3,5
02/28/2016 03:00:00 PM,5,4,1
02/28/2016 02:00:00 PM,27,3,24
02/28/2016 01:00:00 PM,6,3,3
02/28/2016 12:00:00 PM,10,3,7
02/28/2016 11:00:00 AM,8,4,4
02/28/2016 10:00:00 AM,4,4,0
02/28/2016 09:00:00 AM,3,2,1
02/28/2016 08:00:00 AM,24,24,0
02/28/2016 07:00:00 AM,25,24,1
02/28/2016 06:00:00 AM,6,5,1
02/28/2016 05:00:00 AM,0,0,0
02/28/2016 04:00:00 AM,0,0,0
02/28/2016 03:00:00 AM,2,2,0
02/28/2016 02:00:00 AM,8,1,7
02/28/2016 01:00:00 AM,3,3,0
02/28/2016 12:00:00 AM,3,2,1
02/27/2016 11:00:00 PM,4,4,0
02/27/2016 10:00:00 PM,4,4,0
02/27/2016 09:00:00 PM,7,5,2
02/27/2016 08:00:00 PM,7,5,2
02/27/2016 07:00:00 PM,9,5,4
02/27/2016 06:00:00 PM,12,9,3
02/27/2016 05:00:00 PM,18,9,9
02/27/2016 04:00:00 PM,22,13,9
02/27/2016 03:00:00 PM,23,18,5
02/27/2016 02:00:00 PM,17,14,3
02/27/2016 01:00:00 PM,15,8,7
02/27/2016 12:00:00 PM,17,12,5
02/27/2016 11:00:00 AM,5,3,2
02/27/2016 10:00:00 AM,4,2,2
02/27/2016 09:00:00 AM,1,0,1
02/27/2016 08:00:00 AM,6,4,2
02/27/2016 07:00:00 AM,1,0,1
02/27/2016 06:00:00 AM,2,1,1
02/27/2016 05:00:00 AM,1,1,0
02/27/2016 04:00:00 AM,0,0,0
02/27/2016 03:00:00 AM,0,0,0
02/27/2016 02:00:00 AM,0,0,0
02/27/2016 01:00:00 AM,0,0,0
02/27/2016 12:00:00 AM,1,1,0
02/26/2016 11:00:00 PM,7,3,4
02/26/2016 10:00:00 PM,7,3,4
02/26/2016 09:00:00 PM,3,2,1
02/26/2016 08:00:00 PM,5,4,1
02/26/2016 07:00:00 PM,15,9,6
02/26/2016 06:00:00 PM,22,9,13
02/26/2016 05:00:00 PM,64,41,23
02/26/2016 04:00:00 PM,54,40,14
02/26/2016 03:00:00 PM,50,36,14
02/26/2016 02:00:00 PM,24,10,14
02/26/2016 01:00:00 PM,30,18,12
02/26/2016 12:00:00 PM,24,11,13
02/26/2016 11:00:00 AM,26,13,13
02/26/2016 10:00:00 AM,28,18,10
02/26/2016 09:00:00 AM,33,18,15
02/26/2016 08:00:00 AM,79,52,27
02/26/2016 07:00:00 AM,52,37,15
02/26/2016 06:00:00 AM,21,8,13
02/26/2016 05:00:00 AM,3,1,2
02/26/2016 04:00:00 AM,1,1,0
02/26/2016 03:00:00 AM,0,0,0
02/26/2016 02:00:00 AM,0,0,0
02/26/2016 01:00:00 AM,0,0,0
02/26/2016 12:00:00 AM,5,4,1
02/25/2016 11:00:00 PM,2,0,2
02/25/2016 10:00:00 PM,2,1,1
02/25/2016 09:00:00 PM,15,9,6
02/25/2016 08:00:00 PM,21,16,5
02/25/2016 07:00:00 PM,16,12,4
02/25/2016 06:00:00 PM,37,23,14
02/25/2016 05:00:00 PM,133,87,46
02/25/2016 04:00:00 PM,83,53,30
02/25/2016 03:00:00 PM,43,32,11
02/25/2016 02:00:00 PM,23,16,7
02/25/2016 01:00:00 PM,31,18,13
02/25/2016 12:00:00 PM,17,5,12
02/25/2016 11:00:00 AM,27,15,12
02/25/2016 10:00:00 AM,29,15,14
02/25/2016 09:00:00 AM,47,25,22
02/25/2016 08:00:00 AM,109,72,37
02/25/2016 07:00:00 AM,57,35,22
02/25/2016 06:00:00 AM,24,14,10
02/25/2016 05:00:00 AM,7,2,5
02/25/2016 04:00:00 AM,1,0,1
02/25/2016 03:00:00 AM,0,0,0
02/25/2016 02:00:00 AM,3,2,1
02/25/2016 01:00:00 AM,0,0,0
02/25/2016 12:00:00 AM,2,1,1
02/24/2016 11:00:00 PM,2,1,1
02/24/2016 10:00:00 PM,6,4,2
02/24/2016 09:00:00 PM,2,2,0
02/24/2016 08:00:00 PM,15,9,6
02/24/2016 07:00:00 PM,17,11,6
02/24/2016 06:00:00 PM,43,24,19
02/24/2016 05:00:00 PM,131,78,53
02/24/2016 04:00:00 PM,80,61,19
02/24/2016 03:00:00 PM,38,26,12
02/24/2016 02:00:00 PM,24,16,8
02/24/2016 01:00:00 PM,22,12,10
02/24/2016 12:00:00 PM,21,14,7
02/24/2016 11:00:00 AM,17,8,9
02/24/2016 10:00:00 AM,16,8,8
02/24/2016 09:00:00 AM,59,29,30
02/24/2016 08:00:00 AM,95,72,23
02/24/2016 07:00:00 AM,61,41,20
02/24/2016 06:00:00 AM,26,18,8
02/24/2016 05:00:00 AM,7,5,2
02/24/2016 04:00:00 AM,1,1,0
02/24/2016 03:00:00 AM,0,0,0
02/24/2016 02:00:00 AM,2,1,1
02/24/2016 01:00:00 AM,2,2,0
02/24/2016 12:00:00 AM,2,1,1
02/23/2016 11:00:00 PM,2,0,2
02/23/2016 10:00:00 PM,7,3,4
02/23/2016 09:00:00 PM,20,4,16
02/23/2016 08:00:00 PM,14,7,7
02/23/2016 07:00:00 PM,24,16,8
02/23/2016 06:00:00 PM,66,42,24
02/23/2016 05:00:00 PM,141,100,41
02/23/2016 04:00:00 PM,88,66,22
02/23/2016 03:00:00 PM,45,31,14
02/23/2016 02:00:00 PM,29,21,8
02/23/2016 01:00:00 PM,15,9,6
02/23/2016 12:00:00 PM,20,12,8
02/23/2016 11:00:00 AM,23,15,8
02/23/2016 10:00:00 AM,20,14,6
02/23/2016 09:00:00 AM,46,27,19
02/23/2016 08:00:00 AM,101,70,31
02/23/2016 07:00:00 AM,73,45,28
02/23/2016 06:00:00 AM,25,17,8
02/23/2016 05:00:00 AM,8,6,2
02/23/2016 04:00:00 AM,1,1,0
02/23/2016 03:00:00 AM,0,0,0
02/23/2016 02:00:00 AM,1,0,1
02/23/2016 01:00:00 AM,1,1,0
02/23/2016 12:00:00 AM,0,0,0
02/22/2016 11:00:00 PM,2,1,1
02/22/2016 10:00:00 PM,4,1,3
02/22/2016 09:00:00 PM,6,2,4
02/22/2016 08:00:00 PM,7,4,3
02/22/2016 07:00:00 PM,18,12,6
02/22/2016 06:00:00 PM,44,30,14
02/22/2016 05:00:00 PM,97,63,34
02/22/2016 04:00:00 PM,79,58,21
02/22/2016 03:00:00 PM,35,25,10
02/22/2016 02:00:00 PM,24,17,7
02/22/2016 01:00:00 PM,17,8,9
02/22/2016 12:00:00 PM,19,10,9
02/22/2016 11:00:00 AM,14,6,8
02/22/2016 10:00:00 AM,14,8,6
02/22/2016 09:00:00 AM,44,27,17
02/22/2016 08:00:00 AM,82,55,27
02/22/2016 07:00:00 AM,55,30,25
02/22/2016 06:00:00 AM,21,12,9
02/22/2016 05:00:00 AM,7,4,3
02/22/2016 04:00:00 AM,1,1,0
02/22/2016 03:00:00 AM,0,0,0
02/22/2016 02:00:00 AM,1,1,0
02/22/2016 01:00:00 AM,1,1,0
02/22/2016 12:00:00 AM,0,0,0
02/21/2016 11:00:00 PM,4,2,2
02/21/2016 10:00:00 PM,3,0,3
02/21/2016 09:00:00 PM,3,3,0
02/21/2016 08:00:00 PM,6,3,3
02/21/2016 07:00:00 PM,6,5,1
02/21/2016 06:00:00 PM,4,3,1
02/21/2016 05:00:00 PM,8,6,2
02/21/2016 04:00:00 PM,3,3,0
02/21/2016 03:00:00 PM,11,6,5
02/21/2016 02:00:00 PM,10,7,3
02/21/2016 01:00:00 PM,5,3,2
02/21/2016 12:00:00 PM,6,5,1
02/21/2016 11:00:00 AM,5,4,1
02/21/2016 10:00:00 AM,9,7,2
02/21/2016 09:00:00 AM,4,3,1
02/21/2016 08:00:00 AM,2,1,1
02/21/2016 07:00:00 AM,1,1,0
02/21/2016 06:00:00 AM,2,1,1
02/21/2016 05:00:00 AM,1,1,0
02/21/2016 04:00:00 AM,3,3,0
02/21/2016 03:00:00 AM,0,0,0
02/21/2016 02:00:00 AM,0,0,0
02/21/2016 01:00:00 AM,3,2,1
02/21/2016 12:00:00 AM,3,3,0
02/20/2016 11:00:00 PM,0,0,0
02/20/2016 10:00:00 PM,7,2,5
02/20/2016 09:00:00 PM,4,2,2
02/20/2016 08:00:00 PM,4,3,1
02/20/2016 07:00:00 PM,8,2,6
02/20/2016 06:00:00 PM,15,11,4
02/20/2016 05:00:00 PM,22,13,9
02/20/2016 04:00:00 PM,17,5,12
02/20/2016 03:00:00 PM,17,7,10
02/20/2016 02:00:00 PM,21,18,3
02/20/2016 01:00:00 PM,25,14,11
02/20/2016 12:00:00 PM,18,12,6
02/20/2016 11:00:00 AM,13,10,3
02/20/2016 10:00:00 AM,12,5,7
02/20/2016 09:00:00 AM,11,6,5
02/20/2016 08:00:00 AM,9,5,4
02/20/2016 07:00:00 AM,2,2,0
02/20/2016 06:00:00 AM,4,4,0
02/20/2016 05:00:00 AM,0,0,0
02/20/2016 04:00:00 AM,2,0,2
02/20/2016 03:00:00 AM,2,1,1
02/20/2016 02:00:00 AM,0,0,0
02/20/2016 01:00:00 AM,1,1,0
02/20/2016 12:00:00 AM,1,1,0
02/19/2016 11:00:00 PM,0,0,0
02/19/2016 10:00:00 PM,1,1,0
02/19/2016 09:00:00 PM,7,2,5
02/19/2016 08:00:00 PM,5,4,1
02/19/2016 07:00:00 PM,9,3,6
02/19/2016 06:00:00 PM,28,23,5
02/19/2016 05:00:00 PM,56,42,14
02/19/2016 04:00:00 PM,50,37,13
02/19/2016 03:00:00 PM,32,23,9
02/19/2016 02:00:00 PM,11,9,2
02/19/2016 01:00:00 PM,17,13,4
02/19/2016 12:00:00 PM,14,9,5
02/19/2016 11:00:00 AM,11,6,5
02/19/2016 10:00:00 AM,17,11,6
02/19/2016 09:00:00 AM,33,19,14
02/19/2016 08:00:00 AM,42,25,17
02/19/2016 07:00:00 AM,29,20,9
02/19/2016 06:00:00 AM,17,9,8
02/19/2016 05:00:00 AM,0,0,0
02/19/2016 04:00:00 AM,0,0,0
02/19/2016 03:00:00 AM,0,0,0
02/19/2016 02:00:00 AM,1,0,1
02/19/2016 01:00:00 AM,1,0,1
02/19/2016 12:00:00 AM,12,10,2
02/18/2016 11:00:00 PM,5,1,4
02/18/2016 10:00:00 PM,1,1,0
02/18/2016 09:00:00 PM,8,4,4
02/18/2016 08:00:00 PM,4,3,1
02/18/2016 07:00:00 PM,19,8,11
02/18/2016 06:00:00 PM,41,22,19
02/18/2016 05:00:00 PM,92,72,20
02/18/2016 04:00:00 PM,69,51,18
02/18/2016 03:00:00 PM,34,25,9
02/18/2016 02:00:00 PM,13,7,6
02/18/2016 01:00:00 PM,34,20,14
02/18/2016 12:00:00 PM,23,17,6
02/18/2016 11:00:00 AM,19,15,4
02/18/2016 10:00:00 AM,14,9,5
02/18/2016 09:00:00 AM,29,13,16
02/18/2016 08:00:00 AM,65,39,26
02/18/2016 07:00:00 AM,46,32,14
02/18/2016 06:00:00 AM,19,10,9
02/18/2016 05:00:00 AM,7,2,5
02/18/2016 04:00:00 AM,1,1,0
02/18/2016 03:00:00 AM,0,0,0
02/18/2016 02:00:00 AM,0,0,0
02/18/2016 01:00:00 AM,0,0,0
02/18/2016 12:00:00 AM,1,1,0
02/17/2016 11:00:00 PM,2,2,0
02/17/2016 10:00:00 PM,2,1,1
02/17/2016 09:00:00 PM,2,2,0
02/17/2016 08:00:00 PM,4,2,2
02/17/2016 07:00:00 PM,9,6,3
02/17/2016 06:00:00 PM,34,19,15
02/17/2016 05:00:00 PM,93,63,30
02/17/2016 04:00:00 PM,71,54,17
02/17/2016 03:00:00 PM,27,22,5
02/17/2016 02:00:00 PM,20,13,7
02/17/2016 01:00:00 PM,16,14,2
02/17/2016 12:00:00 PM,22,9,13
02/17/2016 11:00:00 AM,17,8,9
02/17/2016 10:00:00 AM,19,13,6
02/17/2016 09:00:00 AM,32,15,17
02/17/2016 08:00:00 AM,81,49,32
02/17/2016 07:00:00 AM,51,39,12
02/17/2016 06:00:00 AM,23,13,10
02/17/2016 05:00:00 AM,6,3,3
02/17/2016 04:00:00 AM,1,1,0
02/17/2016 03:00:00 AM,0,0,0
02/17/2016 02:00:00 AM,1,1,0
02/17/2016 01:00:00 AM,0,0,0
02/17/2016 12:00:00 AM,1,1,0
02/16/2016 11:00:00 PM,2,2,0
02/16/2016 10:00:00 PM,3,1,2
02/16/2016 09:00:00 PM,1,0,1
02/16/2016 08:00:00 PM,15,9,6
02/16/2016 07:00:00 PM,20,15,5
02/16/2016 06:00:00 PM,37,24,13
02/16/2016 05:00:00 PM,84,62,22
02/16/2016 04:00:00 PM,75,53,22
02/16/2016 03:00:00 PM,30,25,5
02/16/2016 02:00:00 PM,21,12,9
02/16/2016 01:00:00 PM,24,19,5
02/16/2016 12:00:00 PM,23,10,13
02/16/2016 11:00:00 AM,15,11,4
02/16/2016 10:00:00 AM,22,12,10
02/16/2016 09:00:00 AM,33,13,20
02/16/2016 08:00:00 AM,78,48,30
02/16/2016 07:00:00 AM,54,37,17
02/16/2016 06:00:00 AM,23,15,8
02/16/2016 05:00:00 AM,4,2,2
02/16/2016 04:00:00 AM,1,1,0
02/16/2016 03:00:00 AM,2,2,0
02/16/2016 02:00:00 AM,1,1,0
02/16/2016 01:00:00 AM,0,0,0
02/16/2016 12:00:00 AM,1,1,0
02/15/2016 11:00:00 PM,1,1,0
02/15/2016 10:00:00 PM,5,2,3
02/15/2016 09:00:00 PM,6,2,4
02/15/2016 08:00:00 PM,4,2,2
02/15/2016 07:00:00 PM,10,7,3
02/15/2016 06:00:00 PM,18,10,8
02/15/2016 05:00:00 PM,36,19,17
02/15/2016 04:00:00 PM,23,17,6
02/15/2016 03:00:00 PM,16,13,3
02/15/2016 02:00:00 PM,10,4,6
02/15/2016 01:00:00 PM,13,9,4
02/15/2016 12:00:00 PM,12,5,7
02/15/2016 11:00:00 AM,13,9,4
02/15/2016 10:00:00 AM,12,6,6
02/15/2016 09:00:00 AM,11,3,8
02/15/2016 08:00:00 AM,25,13,12
02/15/2016 07:00:00 AM,20,13,7
02/15/2016 06:00:00 AM,7,4,3
02/15/2016 05:00:00 AM,1,1,0
02/15/2016 04:00:00 AM,1,1,0
02/15/2016 03:00:00 AM,0,0,0
02/15/2016 02:00:00 AM,0,0,0
02/15/2016 01:00:00 AM,1,1,0
02/15/2016 12:00:00 AM,1,1,0
02/14/2016 11:00:00 PM,0,0,0
02/14/2016 10:00:00 PM,1,1,0
02/14/2016 09:00:00 PM,3,0,3
02/14/2016 08:00:00 PM,5,2,3
02/14/2016 07:00:00 PM,6,1,5
02/14/2016 06:00:00 PM,2,2,0
02/14/2016 05:00:00 PM,10,7,3
02/14/2016 04:00:00 PM,4,4,0
02/14/2016 03:00:00 PM,2,2,0
02/14/2016 02:00:00 PM,13,9,4
02/14/2016 01:00:00 PM,6,3,3
02/14/2016 12:00:00 PM,11,5,6
02/14/2016 11:00:00 AM,6,5,1
02/14/2016 10:00:00 AM,6,3,3
02/14/2016 09:00:00 AM,3,1,2
02/14/2016 08:00:00 AM,1,1,0
02/14/2016 07:00:00 AM,3,0,3
02/14/2016 06:00:00 AM,0,0,0
02/14/2016 05:00:00 AM,1,0,1
02/14/2016 04:00:00 AM,0,0,0
02/14/2016 03:00:00 AM,1,1,0
02/14/2016 02:00:00 AM,0,0,0
02/14/2016 01:00:00 AM,2,2,0
02/14/2016 12:00:00 AM,0,0,0
02/13/2016 11:00:00 PM,0,0,0
02/13/2016 10:00:00 PM,9,1,8
02/13/2016 09:00:00 PM,2,0,2
02/13/2016 08:00:00 PM,4,2,2
02/13/2016 07:00:00 PM,6,4,2
02/13/2016 06:00:00 PM,7,4,3
02/13/2016 05:00:00 PM,7,3,4
02/13/2016 04:00:00 PM,8,6,2
02/13/2016 03:00:00 PM,4,3,1
02/13/2016 02:00:00 PM,11,3,8
02/13/2016 01:00:00 PM,9,3,6
02/13/2016 12:00:00 PM,5,4,1
02/13/2016 11:00:00 AM,11,7,4
02/13/2016 10:00:00 AM,6,5,1
02/13/2016 09:00:00 AM,8,4,4
02/13/2016 08:00:00 AM,3,2,1
02/13/2016 07:00:00 AM,1,1,0
02/13/2016 06:00:00 AM,5,4,1
02/13/2016 05:00:00 AM,1,1,0
02/13/2016 04:00:00 AM,0,0,0
02/13/2016 03:00:00 AM,0,0,0
02/13/2016 02:00:00 AM,1,0,1
02/13/2016 01:00:00 AM,1,1,0
02/13/2016 12:00:00 AM,2,2,0
02/12/2016 11:00:00 PM,2,1,1
02/12/2016 10:00:00 PM,4,4,0
02/12/2016 09:00:00 PM,5,3,2
02/12/2016 08:00:00 PM,9,6,3
02/12/2016 07:00:00 PM,18,12,6
02/12/2016 06:00:00 PM,27,19,8
02/12/2016 05:00:00 PM,71,57,14
02/12/2016 04:00:00 PM,59,37,22
02/12/2016 03:00:00 PM,29,20,9
02/12/2016 02:00:00 PM,20,10,10
02/12/2016 01:00:00 PM,16,12,4
02/12/2016 12:00:00 PM,24,15,9
02/12/2016 11:00:00 AM,12,5,7
02/12/2016 10:00:00 AM,11,7,4
02/12/2016 09:00:00 AM,34,15,19
02/12/2016 08:00:00 AM,52,29,23
02/12/2016 07:00:00 AM,38,27,11
02/12/2016 06:00:00 AM,11,4,7
02/12/2016 05:00:00 AM,1,0,1
02/12/2016 04:00:00 AM,0,0,0
02/12/2016 03:00:00 AM,0,0,0
02/12/2016 02:00:00 AM,0,0,0
02/12/2016 01:00:00 AM,0,0,0
02/12/2016 12:00:00 AM,3,2,1
02/11/2016 11:00:00 PM,3,2,1
02/11/2016 10:00:00 PM,3,2,1
02/11/2016 09:00:00 PM,7,5,2
02/11/2016 08:00:00 PM,4,1,3
02/11/2016 07:00:00 PM,18,12,6
02/11/2016 06:00:00 PM,44,27,17
02/11/2016 05:00:00 PM,104,69,35
02/11/2016 04:00:00 PM,78,51,27
02/11/2016 03:00:00 PM,25,19,6
02/11/2016 02:00:00 PM,16,10,6
02/11/2016 01:00:00 PM,18,10,8
02/11/2016 12:00:00 PM,16,11,5
02/11/2016 11:00:00 AM,15,11,4
02/11/2016 10:00:00 AM,21,10,11
02/11/2016 09:00:00 AM,31,15,16
02/11/2016 08:00:00 AM,74,46,28
02/11/2016 07:00:00 AM,55,35,20
02/11/2016 06:00:00 AM,17,9,8
02/11/2016 05:00:00 AM,5,2,3
02/11/2016 04:00:00 AM,3,2,1
02/11/2016 03:00:00 AM,0,0,0
02/11/2016 02:00:00 AM,2,0,2
02/11/2016 01:00:00 AM,1,1,0
02/11/2016 12:00:00 AM,2,1,1
02/10/2016 11:00:00 PM,1,1,0
02/10/2016 10:00:00 PM,1,1,0
02/10/2016 09:00:00 PM,8,4,4
02/10/2016 08:00:00 PM,4,2,2
02/10/2016 07:00:00 PM,11,8,3
02/10/2016 06:00:00 PM,49,32,17
02/10/2016 05:00:00 PM,100,66,34
02/10/2016 04:00:00 PM,77,59,18
02/10/2016 03:00:00 PM,31,24,7
02/10/2016 02:00:00 PM,27,16,11
02/10/2016 01:00:00 PM,18,8,10
02/10/2016 12:00:00 PM,25,17,8
02/10/2016 11:00:00 AM,15,9,6
02/10/2016 10:00:00 AM,23,13,10
02/10/2016 09:00:00 AM,42,28,14
02/10/2016 08:00:00 AM,87,51,36
02/10/2016 07:00:00 AM,55,36,19
02/10/2016 06:00:00 AM,21,15,6
02/10/2016 05:00:00 AM,4,1,3
02/10/2016 04:00:00 AM,3,3,0
02/10/2016 03:00:00 AM,0,0,0
02/10/2016 02:00:00 AM,2,1,1
02/10/2016 01:00:00 AM,0,0,0
02/10/2016 12:00:00 AM,1,1,0
02/09/2016 11:00:00 PM,0,0,0
02/09/2016 10:00:00 PM,5,2,3
02/09/2016 09:00:00 PM,10,4,6
02/09/2016 08:00:00 PM,16,13,3
02/09/2016 07:00:00 PM,19,10,9
02/09/2016 06:00:00 PM,53,33,20
02/09/2016 05:00:00 PM,128,88,40
02/09/2016 04:00:00 PM,96,68,28
02/09/2016 03:00:00 PM,58,49,9
02/09/2016 02:00:00 PM,37,23,14
02/09/2016 01:00:00 PM,13,7,6
02/09/2016 12:00:00 PM,17,12,5
02/09/2016 11:00:00 AM,27,12,15
02/09/2016 10:00:00 AM,23,15,8
02/09/2016 09:00:00 AM,37,21,16
02/09/2016 08:00:00 AM,116,68,48
02/09/2016 07:00:00 AM,71,44,27
02/09/2016 06:00:00 AM,31,20,11
02/09/2016 05:00:00 AM,6,4,2
02/09/2016 04:00:00 AM,0,0,0
02/09/2016 03:00:00 AM,0,0,0
02/09/2016 02:00:00 AM,3,2,1
02/09/2016 01:00:00 AM,2,1,1
02/09/2016 12:00:00 AM,0,0,0
02/08/2016 11:00:00 PM,1,0,1
02/08/2016 10:00:00 PM,2,1,1
02/08/2016 09:00:00 PM,7,4,3
02/08/2016 08:00:00 PM,12,6,6
02/08/2016 07:00:00 PM,21,15,6
02/08/2016 06:00:00 PM,32,20,12
02/08/2016 05:00:00 PM,112,69,43
02/08/2016 04:00:00 PM,77,58,19
02/08/2016 03:00:00 PM,37,25,12
02/08/2016 02:00:00 PM,23,14,9
02/08/2016 01:00:00 PM,21,14,7
02/08/2016 12:00:00 PM,15,8,7
02/08/2016 11:00:00 AM,21,7,14
02/08/2016 10:00:00 AM,19,9,10
02/08/2016 09:00:00 AM,48,25,23
02/08/2016 08:00:00 AM,86,63,23
02/08/2016 07:00:00 AM,66,38,28
02/08/2016 06:00:00 AM,35,21,14
02/08/2016 05:00:00 AM,8,3,5
02/08/2016 04:00:00 AM,0,0,0
02/08/2016 03:00:00 AM,1,1,0
02/08/2016 02:00:00 AM,2,2,0
02/08/2016 01:00:00 AM,0,0,0
02/08/2016 12:00:00 AM,5,4,1
02/07/2016 11:00:00 PM,1,0,1
02/07/2016 10:00:00 PM,1,0,1
02/07/2016 09:00:00 PM,3,1,2
02/07/2016 08:00:00 PM,3,1,2
02/07/2016 07:00:00 PM,4,4,0
02/07/2016 06:00:00 PM,8,5,3
02/07/2016 05:00:00 PM,3,2,1
02/07/2016 04:00:00 PM,12,7,5
02/07/2016 03:00:00 PM,9,8,1
02/07/2016 02:00:00 PM,10,6,4
02/07/2016 01:00:00 PM,19,10,9
02/07/2016 12:00:00 PM,22,16,6
02/07/2016 11:00:00 AM,13,4,9
02/07/2016 10:00:00 AM,8,5,3
02/07/2016 09:00:00 AM,7,6,1
02/07/2016 08:00:00 AM,5,2,3
02/07/2016 07:00:00 AM,3,1,2
02/07/2016 06:00:00 AM,2,1,1
02/07/2016 05:00:00 AM,0,0,0
02/07/2016 04:00:00 AM,0,0,0
02/07/2016 03:00:00 AM,0,0,0
02/07/2016 02:00:00 AM,2,1,1
02/07/2016 01:00:00 AM,1,1,0
02/07/2016 12:00:00 AM,2,1,1
02/06/2016 11:00:00 PM,2,1,1
02/06/2016 10:00:00 PM,3,2,1
02/06/2016 09:00:00 PM,4,1,3
02/06/2016 08:00:00 PM,3,3,0
02/06/2016 07:00:00 PM,6,1,5
02/06/2016 06:00:00 PM,6,5,1
02/06/2016 05:00:00 PM,12,5,7
02/06/2016 04:00:00 PM,15,13,2
02/06/2016 03:00:00 PM,13,9,4
02/06/2016 02:00:00 PM,21,12,9
02/06/2016 01:00:00 PM,22,16,6
02/06/2016 12:00:00 PM,25,15,10
02/06/2016 11:00:00 AM,7,5,2
02/06/2016 10:00:00 AM,10,9,1
02/06/2016 09:00:00 AM,6,3,3
02/06/2016 08:00:00 AM,5,3,2
02/06/2016 07:00:00 AM,2,1,1
02/06/2016 06:00:00 AM,2,2,0
02/06/2016 05:00:00 AM,1,0,1
02/06/2016 04:00:00 AM,1,1,0
02/06/2016 03:00:00 AM,0,0,0
02/06/2016 02:00:00 AM,0,0,0
02/06/2016 01:00:00 AM,2,1,1
02/06/2016 12:00:00 AM,3,3,0
02/05/2016 11:00:00 PM,2,0,2
02/05/2016 10:00:00 PM,4,3,1
02/05/2016 09:00:00 PM,6,3,3
02/05/2016 08:00:00 PM,5,3,2
02/05/2016 07:00:00 PM,10,8,2
02/05/2016 06:00:00 PM,33,18,15
02/05/2016 05:00:00 PM,77,51,26
02/05/2016 04:00:00 PM,67,53,14
02/05/2016 03:00:00 PM,37,21,16
02/05/2016 02:00:00 PM,23,15,8
02/05/2016 01:00:00 PM,39,24,15
02/05/2016 12:00:00 PM,26,13,13
02/05/2016 11:00:00 AM,21,13,8
02/05/2016 10:00:00 AM,14,12,2
02/05/2016 09:00:00 AM,31,16,15
02/05/2016 08:00:00 AM,66,41,25
02/05/2016 07:00:00 AM,42,30,12
02/05/2016 06:00:00 AM,17,5,12
02/05/2016 05:00:00 AM,1,1,0
02/05/2016 04:00:00 AM,1,0,1
02/05/2016 03:00:00 AM,0,0,0
02/05/2016 02:00:00 AM,2,0,2
02/05/2016 01:00:00 AM,1,0,1
02/05/2016 12:00:00 AM,5,4,1
02/04/2016 11:00:00 PM,1,0,1
02/04/2016 10:00:00 PM,4,2,2
02/04/2016 09:00:00 PM,8,6,2
02/04/2016 08:00:00 PM,21,10,11
02/04/2016 07:00:00 PM,27,13,14
02/04/2016 06:00:00 PM,39,24,15
02/04/2016 05:00:00 PM,123,82,41
02/04/2016 04:00:00 PM,74,58,16
02/04/2016 03:00:00 PM,29,22,7
02/04/2016 02:00:00 PM,14,9,5
02/04/2016 01:00:00 PM,25,14,11
02/04/2016 12:00:00 PM,20,9,11
02/04/2016 11:00:00 AM,23,11,12
02/04/2016 10:00:00 AM,15,5,10
02/04/2016 09:00:00 AM,31,21,10
02/04/2016 08:00:00 AM,74,44,30
02/04/2016 07:00:00 AM,39,25,14
02/04/2016 06:00:00 AM,18,10,8
02/04/2016 05:00:00 AM,5,2,3
02/04/2016 04:00:00 AM,1,0,1
02/04/2016 03:00:00 AM,0,0,0
02/04/2016 02:00:00 AM,1,0,1
02/04/2016 01:00:00 AM,0,0,0
02/04/2016 12:00:00 AM,2,2,0
02/03/2016 11:00:00 PM,0,0,0
02/03/2016 10:00:00 PM,1,1,0
02/03/2016 09:00:00 PM,7,5,2
02/03/2016 08:00:00 PM,6,3,3
02/03/2016 07:00:00 PM,19,12,7
02/03/2016 06:00:00 PM,31,21,10
02/03/2016 05:00:00 PM,98,63,35
02/03/2016 04:00:00 PM,69,50,19
02/03/2016 03:00:00 PM,30,20,10
02/03/2016 02:00:00 PM,20,12,8
02/03/2016 01:00:00 PM,19,11,8
02/03/2016 12:00:00 PM,22,13,9
02/03/2016 11:00:00 AM,12,6,6
02/03/2016 10:00:00 AM,27,14,13
02/03/2016 09:00:00 AM,38,27,11
02/03/2016 08:00:00 AM,75,49,26
02/03/2016 07:00:00 AM,55,26,29
02/03/2016 06:00:00 AM,26,13,13
02/03/2016 05:00:00 AM,12,4,8
02/03/2016 04:00:00 AM,0,0,0
02/03/2016 03:00:00 AM,0,0,0
02/03/2016 02:00:00 AM,1,0,1
02/03/2016 01:00:00 AM,3,3,0
02/03/2016 12:00:00 AM,2,2,0
02/02/2016 11:00:00 PM,1,1,0
02/02/2016 10:00:00 PM,5,5,0
02/02/2016 09:00:00 PM,7,5,2
02/02/2016 08:00:00 PM,14,9,5
02/02/2016 07:00:00 PM,13,7,6
02/02/2016 06:00:00 PM,47,32,15
02/02/2016 05:00:00 PM,125,74,51
02/02/2016 04:00:00 PM,110,70,40
02/02/2016 03:00:00 PM,39,32,7
02/02/2016 02:00:00 PM,20,9,11
02/02/2016 01:00:00 PM,25,19,6
02/02/2016 12:00:00 PM,27,14,13
02/02/2016 11:00:00 AM,21,8,13
02/02/2016 10:00:00 AM,16,11,5
02/02/2016 09:00:00 AM,45,26,19
02/02/2016 08:00:00 AM,95,51,44
02/02/2016 07:00:00 AM,68,47,21
02/02/2016 06:00:00 AM,26,12,14
02/02/2016 05:00:00 AM,13,5,8
02/02/2016 04:00:00 AM,0,0,0
02/02/2016 03:00:00 AM,1,1,0
02/02/2016 02:00:00 AM,0,0,0
02/02/2016 01:00:00 AM,2,1,1
02/02/2016 12:00:00 AM,1,1,0
02/01/2016 11:00:00 PM,0,0,0
02/01/2016 10:00:00 PM,6,2,4
02/01/2016 09:00:00 PM,4,4,0
02/01/2016 08:00:00 PM,13,7,6
02/01/2016 07:00:00 PM,8,5,3
02/01/2016 06:00:00 PM,53,35,18
02/01/2016 05:00:00 PM,105,68,37
02/01/2016 04:00:00 PM,78,54,24
02/01/2016 03:00:00 PM,38,27,11
02/01/2016 02:00:00 PM,21,12,9
02/01/2016 01:00:00 PM,16,11,5
02/01/2016 12:00:00 PM,16,10,6
02/01/2016 11:00:00 AM,19,10,9
02/01/2016 10:00:00 AM,28,17,11
02/01/2016 09:00:00 AM,49,29,20
02/01/2016 08:00:00 AM,74,53,21
02/01/2016 07:00:00 AM,45,34,11
02/01/2016 06:00:00 AM,23,14,9
02/01/2016 05:00:00 AM,6,4,2
02/01/2016 04:00:00 AM,1,0,1
02/01/2016 03:00:00 AM,0,0,0
02/01/2016 02:00:00 AM,0,0,0
02/01/2016 01:00:00 AM,0,0,0
02/01/2016 12:00:00 AM,0,0,0
01/31/2016 11:00:00 PM,1,0,1
01/31/2016 10:00:00 PM,3,3,0
01/31/2016 09:00:00 PM,4,3,1
01/31/2016 08:00:00 PM,4,3,1
01/31/2016 07:00:00 PM,9,3,6
01/31/2016 06:00:00 PM,3,3,0
01/31/2016 05:00:00 PM,11,4,7
01/31/2016 04:00:00 PM,7,3,4
01/31/2016 03:00:00 PM,13,10,3
01/31/2016 02:00:00 PM,8,4,4
01/31/2016 01:00:00 PM,11,5,6
01/31/2016 12:00:00 PM,12,8,4
01/31/2016 11:00:00 AM,11,7,4
01/31/2016 10:00:00 AM,6,4,2
01/31/2016 09:00:00 AM,6,2,4
01/31/2016 08:00:00 AM,3,2,1
01/31/2016 07:00:00 AM,0,0,0
01/31/2016 06:00:00 AM,1,0,1
01/31/2016 05:00:00 AM,0,0,0
01/31/2016 04:00:00 AM,0,0,0
01/31/2016 03:00:00 AM,0,0,0
01/31/2016 02:00:00 AM,3,3,0
01/31/2016 01:00:00 AM,3,3,0
01/31/2016 12:00:00 AM,2,1,1
01/30/2016 11:00:00 PM,6,4,2
01/30/2016 10:00:00 PM,7,7,0
01/30/2016 09:00:00 PM,3,3,0
01/30/2016 08:00:00 PM,5,3,2
01/30/2016 07:00:00 PM,7,4,3
01/30/2016 06:00:00 PM,10,8,2
01/30/2016 05:00:00 PM,8,4,4
01/30/2016 04:00:00 PM,14,10,4
01/30/2016 03:00:00 PM,15,7,8
01/30/2016 02:00:00 PM,18,11,7
01/30/2016 01:00:00 PM,13,3,10
01/30/2016 12:00:00 PM,11,7,4
01/30/2016 11:00:00 AM,7,3,4
01/30/2016 10:00:00 AM,4,1,3
01/30/2016 09:00:00 AM,8,7,1
01/30/2016 08:00:00 AM,4,3,1
01/30/2016 07:00:00 AM,3,3,0
01/30/2016 06:00:00 AM,2,2,0
01/30/2016 05:00:00 AM,1,0,1
01/30/2016 04:00:00 AM,0,0,0
01/30/2016 03:00:00 AM,0,0,0
01/30/2016 02:00:00 AM,0,0,0
01/30/2016 01:00:00 AM,1,1,0
01/30/2016 12:00:00 AM,3,2,1
01/29/2016 11:00:00 PM,3,2,1
01/29/2016 10:00:00 PM,3,2,1
01/29/2016 09:00:00 PM,3,1,2
01/29/2016 08:00:00 PM,9,6,3
01/29/2016 07:00:00 PM,11,6,5
01/29/2016 06:00:00 PM,34,16,18
01/29/2016 05:00:00 PM,72,52,20
01/29/2016 04:00:00 PM,60,39,21
01/29/2016 03:00:00 PM,31,23,8
01/29/2016 02:00:00 PM,29,16,13
01/29/2016 01:00:00 PM,21,9,12
01/29/2016 12:00:00 PM,15,6,9
01/29/2016 11:00:00 AM,19,6,13
01/29/2016 10:00:00 AM,17,8,9
01/29/2016 09:00:00 AM,28,19,9
01/29/2016 08:00:00 AM,48,26,22
01/29/2016 07:00:00 AM,40,27,13
01/29/2016 06:00:00 AM,19,9,10
01/29/2016 05:00:00 AM,3,0,3
01/29/2016 04:00:00 AM,1,1,0
01/29/2016 03:00:00 AM,2,0,2
01/29/2016 02:00:00 AM,0,0,0
01/29/2016 01:00:00 AM,3,1,2
01/29/2016 12:00:00 AM,3,3,0
01/28/2016 11:00:00 PM,6,0,6
01/28/2016 10:00:00 PM,3,2,1
01/28/2016 09:00:00 PM,3,2,1
01/28/2016 08:00:00 PM,10,9,1
01/28/2016 07:00:00 PM,35,21,14
01/28/2016 06:00:00 PM,35,24,11
01/28/2016 05:00:00 PM,88,52,36
01/28/2016 04:00:00 PM,53,45,8
01/28/2016 03:00:00 PM,37,27,10
01/28/2016 02:00:00 PM,17,13,4
01/28/2016 01:00:00 PM,8,5,3
01/28/2016 12:00:00 PM,20,9,11
01/28/2016 11:00:00 AM,15,9,6
01/28/2016 10:00:00 AM,15,6,9
01/28/2016 09:00:00 AM,34,22,12
01/28/2016 08:00:00 AM,55,36,19
01/28/2016 07:00:00 AM,34,22,12
01/28/2016 06:00:00 AM,15,7,8
01/28/2016 05:00:00 AM,1,0,1
01/28/2016 04:00:00 AM,0,0,0
01/28/2016 03:00:00 AM,0,0,0
01/28/2016 02:00:00 AM,2,1,1
01/28/2016 01:00:00 AM,0,0,0
01/28/2016 12:00:00 AM,1,0,1
01/27/2016 11:00:00 PM,3,2,1
01/27/2016 10:00:00 PM,0,0,0
01/27/2016 09:00:00 PM,7,4,3
01/27/2016 08:00:00 PM,5,4,1
01/27/2016 07:00:00 PM,10,4,6
01/27/2016 06:00:00 PM,38,26,12
01/27/2016 05:00:00 PM,97,71,26
01/27/2016 04:00:00 PM,60,44,16
01/27/2016 03:00:00 PM,36,27,9
01/27/2016 02:00:00 PM,19,13,6
01/27/2016 01:00:00 PM,24,17,7
01/27/2016 12:00:00 PM,18,13,5
01/27/2016 11:00:00 AM,18,10,8
01/27/2016 10:00:00 AM,22,14,8
01/27/2016 09:00:00 AM,47,25,22
01/27/2016 08:00:00 AM,77,49,28
01/27/2016 07:00:00 AM,41,28,13
01/27/2016 06:00:00 AM,18,11,7
01/27/2016 05:00:00 AM,3,0,3
01/27/2016 04:00:00 AM,0,0,0
01/27/2016 03:00:00 AM,3,3,0
01/27/2016 02:00:00 AM,1,0,1
01/27/2016 01:00:00 AM,0,0,0
01/27/2016 12:00:00 AM,2,2,0
01/26/2016 11:00:00 PM,2,1,1
01/26/2016 10:00:00 PM,2,1,1
01/26/2016 09:00:00 PM,2,2,0
01/26/2016 08:00:00 PM,15,7,8
01/26/2016 07:00:00 PM,13,9,4
01/26/2016 06:00:00 PM,40,28,12
01/26/2016 05:00:00 PM,83,56,27
01/26/2016 04:00:00 PM,67,43,24
01/26/2016 03:00:00 PM,36,26,10
01/26/2016 02:00:00 PM,23,9,14
01/26/2016 01:00:00 PM,17,10,7
01/26/2016 12:00:00 PM,17,11,6
01/26/2016 11:00:00 AM,19,10,9
01/26/2016 10:00:00 AM,10,5,5
01/26/2016 09:00:00 AM,30,19,11
01/26/2016 08:00:00 AM,59,36,23
01/26/2016 07:00:00 AM,59,45,14
01/26/2016 06:00:00 AM,20,12,8
01/26/2016 05:00:00 AM,9,4,5
01/26/2016 04:00:00 AM,1,0,1
01/26/2016 03:00:00 AM,0,0,0
01/26/2016 02:00:00 AM,1,0,1
01/26/2016 01:00:00 AM,2,2,0
01/26/2016 12:00:00 AM,1,1,0
01/25/2016 11:00:00 PM,3,1,2
01/25/2016 10:00:00 PM,4,2,2
01/25/2016 09:00:00 PM,10,8,2
01/25/2016 08:00:00 PM,7,6,1
01/25/2016 07:00:00 PM,16,12,4
01/25/2016 06:00:00 PM,45,27,18
01/25/2016 05:00:00 PM,132,88,44
01/25/2016 04:00:00 PM,69,47,22
01/25/2016 03:00:00 PM,34,19,15
01/25/2016 02:00:00 PM,25,11,14
01/25/2016 01:00:00 PM,25,16,9
01/25/2016 12:00:00 PM,20,10,10
01/25/2016 11:00:00 AM,19,9,10
01/25/2016 10:00:00 AM,17,10,7
01/25/2016 09:00:00 AM,42,21,21
01/25/2016 08:00:00 AM,91,62,29
01/25/2016 07:00:00 AM,57,36,21
01/25/2016 06:00:00 AM,16,8,8
01/25/2016 05:00:00 AM,6,2,4
01/25/2016 04:00:00 AM,3,3,0
01/25/2016 03:00:00 AM,4,3,1
01/25/2016 02:00:00 AM,0,0,0
01/25/2016 01:00:00 AM,0,0,0
01/25/2016 12:00:00 AM,2,2,0
01/24/2016 11:00:00 PM,1,1,0
01/24/2016 10:00:00 PM,2,0,2
01/24/2016 09:00:00 PM,2,1,1
01/24/2016 08:00:00 PM,4,1,3
01/24/2016 07:00:00 PM,9,5,4
01/24/2016 06:00:00 PM,5,4,1
01/24/2016 05:00:00 PM,14,7,7
01/24/2016 04:00:00 PM,10,5,5
01/24/2016 03:00:00 PM,13,6,7
01/24/2016 02:00:00 PM,20,15,5
01/24/2016 01:00:00 PM,11,4,7
01/24/2016 12:00:00 PM,17,9,8
01/24/2016 11:00:00 AM,12,6,6
01/24/2016 10:00:00 AM,3,3,0
01/24/2016 09:00:00 AM,8,6,2
01/24/2016 08:00:00 AM,1,1,0
01/24/2016 07:00:00 AM,1,0,1
01/24/2016 06:00:00 AM,1,0,1
01/24/2016 05:00:00 AM,0,0,0
01/24/2016 04:00:00 AM,0,0,0
01/24/2016 03:00:00 AM,0,0,0
01/24/2016 02:00:00 AM,2,0,2
01/24/2016 01:00:00 AM,2,2,0
01/24/2016 12:00:00 AM,2,1,1
01/23/2016 11:00:00 PM,1,1,0
01/23/2016 10:00:00 PM,2,2,0
01/23/2016 09:00:00 PM,3,1,2
01/23/2016 08:00:00 PM,4,2,2
01/23/2016 07:00:00 PM,9,5,4
01/23/2016 06:00:00 PM,7,5,2
01/23/2016 05:00:00 PM,9,7,2
01/23/2016 04:00:00 PM,6,2,4
01/23/2016 03:00:00 PM,6,4,2
01/23/2016 02:00:00 PM,3,0,3
01/23/2016 01:00:00 PM,8,3,5
01/23/2016 12:00:00 PM,5,2,3
01/23/2016 11:00:00 AM,3,3,0
01/23/2016 10:00:00 AM,3,2,1
01/23/2016 09:00:00 AM,5,3,2
01/23/2016 08:00:00 AM,4,3,1
01/23/2016 07:00:00 AM,1,1,0
01/23/2016 06:00:00 AM,1,0,1
01/23/2016 05:00:00 AM,0,0,0
01/23/2016 04:00:00 AM,0,0,0
01/23/2016 03:00:00 AM,0,0,0
01/23/2016 02:00:00 AM,0,0,0
01/23/2016 01:00:00 AM,1,0,1
01/23/2016 12:00:00 AM,3,1,2
01/22/2016 11:00:00 PM,1,1,0
01/22/2016 10:00:00 PM,7,3,4
01/22/2016 09:00:00 PM,4,2,2
01/22/2016 08:00:00 PM,9,9,0
01/22/2016 07:00:00 PM,17,10,7
01/22/2016 06:00:00 PM,31,18,13
01/22/2016 05:00:00 PM,67,48,19
01/22/2016 04:00:00 PM,64,43,21
01/22/2016 03:00:00 PM,40,30,10
01/22/2016 02:00:00 PM,18,8,10
01/22/2016 01:00:00 PM,22,15,7
01/22/2016 12:00:00 PM,22,12,10
01/22/2016 11:00:00 AM,19,10,9
01/22/2016 10:00:00 AM,17,9,8
01/22/2016 09:00:00 AM,41,25,16
01/22/2016 08:00:00 AM,56,33,23
01/22/2016 07:00:00 AM,31,18,13
01/22/2016 06:00:00 AM,13,2,11
01/22/2016 05:00:00 AM,4,0,4
01/22/2016 04:00:00 AM,2,0,2
01/22/2016 03:00:00 AM,0,0,0
01/22/2016 02:00:00 AM,1,0,1
01/22/2016 01:00:00 AM,0,0,0
01/22/2016 12:00:00 AM,3,2,1
01/21/2016 11:00:00 PM,2,1,1
01/21/2016 10:00:00 PM,1,1,0
01/21/2016 09:00:00 PM,5,4,1
01/21/2016 08:00:00 PM,10,5,5
01/21/2016 07:00:00 PM,14,10,4
01/21/2016 06:00:00 PM,28,19,9
01/21/2016 05:00:00 PM,67,45,22
01/21/2016 04:00:00 PM,51,38,13
01/21/2016 03:00:00 PM,16,13,3
01/21/2016 02:00:00 PM,16,8,8
01/21/2016 01:00:00 PM,8,6,2
01/21/2016 12:00:00 PM,16,9,7
01/21/2016 11:00:00 AM,10,9,1
01/21/2016 10:00:00 AM,8,1,7
01/21/2016 09:00:00 AM,23,12,11
01/21/2016 08:00:00 AM,50,29,21
01/21/2016 07:00:00 AM,32,23,9
01/21/2016 06:00:00 AM,11,5,6
01/21/2016 05:00:00 AM,4,2,2
01/21/2016 04:00:00 AM,1,1,0
01/21/2016 03:00:00 AM,0,0,0
01/21/2016 02:00:00 AM,2,1,1
01/21/2016 01:00:00 AM,0,0,0
01/21/2016 12:00:00 AM,1,1,0
01/20/2016 11:00:00 PM,0,0,0
01/20/2016 10:00:00 PM,5,3,2
01/20/2016 09:00:00 PM,6,4,2
01/20/2016 08:00:00 PM,5,0,5
01/20/2016 07:00:00 PM,15,9,6
01/20/2016 06:00:00 PM,37,20,17
01/20/2016 05:00:00 PM,118,81,37
01/20/2016 04:00:00 PM,72,48,24
01/20/2016 03:00:00 PM,28,23,5
01/20/2016 02:00:00 PM,16,9,7
01/20/2016 01:00:00 PM,23,14,9
01/20/2016 12:00:00 PM,27,14,13
01/20/2016 11:00:00 AM,17,11,6
01/20/2016 10:00:00 AM,17,9,8
01/20/2016 09:00:00 AM,46,26,20
01/20/2016 08:00:00 AM,73,50,23
01/20/2016 07:00:00 AM,51,31,20
01/20/2016 06:00:00 AM,24,10,14
01/20/2016 05:00:00 AM,8,3,5
01/20/2016 04:00:00 AM,1,0,1
01/20/2016 03:00:00 AM,0,0,0
01/20/2016 02:00:00 AM,1,0,1
01/20/2016 01:00:00 AM,0,0,0
01/20/2016 12:00:00 AM,3,3,0
01/19/2016 11:00:00 PM,0,0,0
01/19/2016 10:00:00 PM,2,0,2
01/19/2016 09:00:00 PM,3,2,1
01/19/2016 08:00:00 PM,5,3,2
01/19/2016 07:00:00 PM,12,7,5
01/19/2016 06:00:00 PM,38,20,18
01/19/2016 05:00:00 PM,98,66,32
01/19/2016 04:00:00 PM,65,46,19
01/19/2016 03:00:00 PM,32,25,7
01/19/2016 02:00:00 PM,22,13,9
01/19/2016 01:00:00 PM,16,7,9
01/19/2016 12:00:00 PM,16,6,10
01/19/2016 11:00:00 AM,30,17,13
01/19/2016 10:00:00 AM,19,10,9
01/19/2016 09:00:00 AM,41,20,21
01/19/2016 08:00:00 AM,91,62,29
01/19/2016 07:00:00 AM,48,35,13
01/19/2016 06:00:00 AM,29,14,15
01/19/2016 05:00:00 AM,7,1,6
01/19/2016 04:00:00 AM,0,0,0
01/19/2016 03:00:00 AM,0,0,0
01/19/2016 02:00:00 AM,5,4,1
01/19/2016 01:00:00 AM,0,0,0
01/19/2016 12:00:00 AM,0,0,0
01/18/2016 11:00:00 PM,3,1,2
01/18/2016 10:00:00 PM,4,3,1
01/18/2016 09:00:00 PM,2,1,1
01/18/2016 08:00:00 PM,4,2,2
01/18/2016 07:00:00 PM,12,6,6
01/18/2016 06:00:00 PM,22,13,9
01/18/2016 05:00:00 PM,54,38,16
01/18/2016 04:00:00 PM,43,29,14
01/18/2016 03:00:00 PM,33,22,11
01/18/2016 02:00:00 PM,25,15,10
01/18/2016 01:00:00 PM,35,24,11
01/18/2016 12:00:00 PM,24,14,10
01/18/2016 11:00:00 AM,13,10,3
01/18/2016 10:00:00 AM,17,9,8
01/18/2016 09:00:00 AM,27,14,13
01/18/2016 08:00:00 AM,40,26,14
01/18/2016 07:00:00 AM,21,13,8
01/18/2016 06:00:00 AM,17,7,10
01/18/2016 05:00:00 AM,2,0,2
01/18/2016 04:00:00 AM,0,0,0
01/18/2016 03:00:00 AM,3,3,0
01/18/2016 02:00:00 AM,0,0,0
01/18/2016 01:00:00 AM,0,0,0
01/18/2016 12:00:00 AM,1,1,0
01/17/2016 11:00:00 PM,2,2,0
01/17/2016 10:00:00 PM,1,1,0
01/17/2016 09:00:00 PM,3,2,1
01/17/2016 08:00:00 PM,1,1,0
01/17/2016 07:00:00 PM,3,2,1
01/17/2016 06:00:00 PM,0,0,0
01/17/2016 05:00:00 PM,6,3,3
01/17/2016 04:00:00 PM,7,5,2
01/17/2016 03:00:00 PM,6,3,3
01/17/2016 02:00:00 PM,13,8,5
01/17/2016 01:00:00 PM,5,2,3
01/17/2016 12:00:00 PM,7,4,3
01/17/2016 11:00:00 AM,8,3,5
01/17/2016 10:00:00 AM,0,0,0
01/17/2016 09:00:00 AM,1,1,0
01/17/2016 08:00:00 AM,2,1,1
01/17/2016 07:00:00 AM,2,0,2
01/17/2016 06:00:00 AM,1,0,1
01/17/2016 05:00:00 AM,0,0,0
01/17/2016 04:00:00 AM,0,0,0
01/17/2016 03:00:00 AM,0,0,0
01/17/2016 02:00:00 AM,1,0,1
01/17/2016 01:00:00 AM,3,2,1
01/17/2016 12:00:00 AM,4,3,1
01/16/2016 11:00:00 PM,2,0,2
01/16/2016 10:00:00 PM,2,1,1
01/16/2016 09:00:00 PM,2,1,1
01/16/2016 08:00:00 PM,4,3,1
01/16/2016 07:00:00 PM,4,3,1
01/16/2016 06:00:00 PM,8,5,3
01/16/2016 05:00:00 PM,5,3,2
01/16/2016 04:00:00 PM,4,1,3
01/16/2016 03:00:00 PM,7,1,6
01/16/2016 02:00:00 PM,9,6,3
01/16/2016 01:00:00 PM,10,7,3
01/16/2016 12:00:00 PM,4,0,4
01/16/2016 11:00:00 AM,9,7,2
01/16/2016 10:00:00 AM,5,5,0
01/16/2016 09:00:00 AM,6,1,5
01/16/2016 08:00:00 AM,4,2,2
01/16/2016 07:00:00 AM,0,0,0
01/16/2016 06:00:00 AM,0,0,0
01/16/2016 05:00:00 AM,1,1,0
01/16/2016 04:00:00 AM,0,0,0
01/16/2016 03:00:00 AM,0,0,0
01/16/2016 02:00:00 AM,0,0,0
01/16/2016 01:00:00 AM,0,0,0
01/16/2016 12:00:00 AM,2,2,0
01/15/2016 11:00:00 PM,7,4,3
01/15/2016 10:00:00 PM,4,1,3
01/15/2016 09:00:00 PM,6,5,1
01/15/2016 08:00:00 PM,6,3,3
01/15/2016 07:00:00 PM,23,10,13
01/15/2016 06:00:00 PM,37,17,20
01/15/2016 05:00:00 PM,67,50,17
01/15/2016 04:00:00 PM,60,37,23
01/15/2016 03:00:00 PM,34,23,11
01/15/2016 02:00:00 PM,21,15,6
01/15/2016 01:00:00 PM,12,8,4
01/15/2016 12:00:00 PM,25,13,12
01/15/2016 11:00:00 AM,14,6,8
01/15/2016 10:00:00 AM,17,10,7
01/15/2016 09:00:00 AM,44,26,18
01/15/2016 08:00:00 AM,67,42,25
01/15/2016 07:00:00 AM,41,30,11
01/15/2016 06:00:00 AM,13,6,7
01/15/2016 05:00:00 AM,2,2,0
01/15/2016 04:00:00 AM,0,0,0
01/15/2016 03:00:00 AM,0,0,0
01/15/2016 02:00:00 AM,1,0,1
01/15/2016 01:00:00 AM,1,1,0
01/15/2016 12:00:00 AM,2,2,0
01/14/2016 11:00:00 PM,2,0,2
01/14/2016 10:00:00 PM,3,2,1
01/14/2016 09:00:00 PM,6,5,1
01/14/2016 08:00:00 PM,11,7,4
01/14/2016 07:00:00 PM,17,11,6
01/14/2016 06:00:00 PM,45,27,18
01/14/2016 05:00:00 PM,117,76,41
01/14/2016 04:00:00 PM,64,50,14
01/14/2016 03:00:00 PM,42,28,14
01/14/2016 02:00:00 PM,21,13,8
01/14/2016 01:00:00 PM,22,15,7
01/14/2016 12:00:00 PM,26,16,10
01/14/2016 11:00:00 AM,25,13,12
01/14/2016 10:00:00 AM,18,8,10
01/14/2016 09:00:00 AM,43,28,15
01/14/2016 08:00:00 AM,85,58,27
01/14/2016 07:00:00 AM,41,24,17
01/14/2016 06:00:00 AM,20,11,9
01/14/2016 05:00:00 AM,3,2,1
01/14/2016 04:00:00 AM,0,0,0
01/14/2016 03:00:00 AM,0,0,0
01/14/2016 02:00:00 AM,1,0,1
01/14/2016 01:00:00 AM,0,0,0
01/14/2016 12:00:00 AM,4,4,0
01/13/2016 11:00:00 PM,0,0,0
01/13/2016 10:00:00 PM,2,1,1
01/13/2016 09:00:00 PM,4,3,1
01/13/2016 08:00:00 PM,7,1,6
01/13/2016 07:00:00 PM,13,5,8
01/13/2016 06:00:00 PM,30,17,13
01/13/2016 05:00:00 PM,87,61,26
01/13/2016 04:00:00 PM,54,37,17
01/13/2016 03:00:00 PM,26,16,10
01/13/2016 02:00:00 PM,12,9,3
01/13/2016 01:00:00 PM,15,9,6
01/13/2016 12:00:00 PM,12,6,6
01/13/2016 11:00:00 AM,16,10,6
01/13/2016 10:00:00 AM,12,6,6
01/13/2016 09:00:00 AM,20,10,10
01/13/2016 08:00:00 AM,47,27,20
01/13/2016 07:00:00 AM,31,21,10
01/13/2016 06:00:00 AM,15,8,7
01/13/2016 05:00:00 AM,5,2,3
01/13/2016 04:00:00 AM,1,0,1
01/13/2016 03:00:00 AM,0,0,0
01/13/2016 02:00:00 AM,0,0,0
01/13/2016 01:00:00 AM,0,0,0
01/13/2016 12:00:00 AM,2,2,0
01/12/2016 11:00:00 PM,1,1,0
01/12/2016 10:00:00 PM,2,1,1
01/12/2016 09:00:00 PM,2,1,1
01/12/2016 08:00:00 PM,4,4,0
01/12/2016 07:00:00 PM,13,8,5
01/12/2016 06:00:00 PM,32,20,12
01/12/2016 05:00:00 PM,102,64,38
01/12/2016 04:00:00 PM,57,50,7
01/12/2016 03:00:00 PM,21,17,4
01/12/2016 02:00:00 PM,23,13,10
01/12/2016 01:00:00 PM,15,11,4
01/12/2016 12:00:00 PM,14,8,6
01/12/2016 11:00:00 AM,17,6,11
01/12/2016 10:00:00 AM,11,5,6
01/12/2016 09:00:00 AM,37,24,13
01/12/2016 08:00:00 AM,65,42,23
01/12/2016 07:00:00 AM,47,30,17
01/12/2016 06:00:00 AM,24,13,11
01/12/2016 05:00:00 AM,6,4,2
01/12/2016 04:00:00 AM,0,0,0
01/12/2016 03:00:00 AM,0,0,0
01/12/2016 02:00:00 AM,2,1,1
01/12/2016 01:00:00 AM,1,1,0
01/12/2016 12:00:00 AM,1,1,0
01/11/2016 11:00:00 PM,1,1,0
01/11/2016 10:00:00 PM,2,0,2
01/11/2016 09:00:00 PM,6,3,3
01/11/2016 08:00:00 PM,6,5,1
01/11/2016 07:00:00 PM,12,6,6
01/11/2016 06:00:00 PM,34,19,15
01/11/2016 05:00:00 PM,107,70,37
01/11/2016 04:00:00 PM,64,43,21
01/11/2016 03:00:00 PM,30,24,6
01/11/2016 02:00:00 PM,23,10,13
01/11/2016 01:00:00 PM,17,9,8
01/11/2016 12:00:00 PM,16,8,8
01/11/2016 11:00:00 AM,14,5,9
01/11/2016 10:00:00 AM,21,12,9
01/11/2016 09:00:00 AM,39,17,22
01/11/2016 08:00:00 AM,64,48,16
01/11/2016 07:00:00 AM,42,23,19
01/11/2016 06:00:00 AM,19,11,8
01/11/2016 05:00:00 AM,6,3,3
01/11/2016 04:00:00 AM,2,0,2
01/11/2016 03:00:00 AM,1,1,0
01/11/2016 02:00:00 AM,0,0,0
01/11/2016 01:00:00 AM,0,0,0
01/11/2016 12:00:00 AM,1,1,0
01/10/2016 11:00:00 PM,1,0,1
01/10/2016 10:00:00 PM,4,2,2
01/10/2016 09:00:00 PM,5,3,2
01/10/2016 08:00:00 PM,1,0,1
01/10/2016 07:00:00 PM,7,5,2
01/10/2016 06:00:00 PM,5,4,1
01/10/2016 05:00:00 PM,8,5,3
01/10/2016 04:00:00 PM,7,6,1
01/10/2016 03:00:00 PM,8,5,3
01/10/2016 02:00:00 PM,19,10,9
01/10/2016 01:00:00 PM,12,9,3
01/10/2016 12:00:00 PM,12,7,5
01/10/2016 11:00:00 AM,20,5,15
01/10/2016 10:00:00 AM,9,3,6
01/10/2016 09:00:00 AM,8,7,1
01/10/2016 08:00:00 AM,5,3,2
01/10/2016 07:00:00 AM,1,0,1
01/10/2016 06:00:00 AM,3,0,3
01/10/2016 05:00:00 AM,0,0,0
01/10/2016 04:00:00 AM,0,0,0
01/10/2016 03:00:00 AM,0,0,0
01/10/2016 02:00:00 AM,2,2,0
01/10/2016 01:00:00 AM,2,2,0
01/10/2016 12:00:00 AM,6,3,3
01/09/2016 11:00:00 PM,2,1,1
01/09/2016 10:00:00 PM,1,1,0
01/09/2016 09:00:00 PM,1,1,0
01/09/2016 08:00:00 PM,3,3,0
01/09/2016 07:00:00 PM,4,3,1
01/09/2016 06:00:00 PM,6,3,3
01/09/2016 05:00:00 PM,6,2,4
01/09/2016 04:00:00 PM,9,5,4
01/09/2016 03:00:00 PM,16,5,11
01/09/2016 02:00:00 PM,23,10,13
01/09/2016 01:00:00 PM,17,13,4
01/09/2016 12:00:00 PM,10,6,4
01/09/2016 11:00:00 AM,7,5,2
01/09/2016 10:00:00 AM,5,4,1
01/09/2016 09:00:00 AM,8,3,5
01/09/2016 08:00:00 AM,4,2,2
01/09/2016 07:00:00 AM,0,0,0
01/09/2016 06:00:00 AM,1,1,0
01/09/2016 05:00:00 AM,1,1,0
01/09/2016 04:00:00 AM,0,0,0
01/09/2016 03:00:00 AM,0,0,0
01/09/2016 02:00:00 AM,3,3,0
01/09/2016 01:00:00 AM,0,0,0
01/09/2016 12:00:00 AM,3,2,1
01/08/2016 11:00:00 PM,3,2,1
01/08/2016 10:00:00 PM,4,3,1
01/08/2016 09:00:00 PM,5,5,0
01/08/2016 08:00:00 PM,9,5,4
01/08/2016 07:00:00 PM,13,7,6
01/08/2016 06:00:00 PM,43,18,25
01/08/2016 05:00:00 PM,84,59,25
01/08/2016 04:00:00 PM,59,38,21
01/08/2016 03:00:00 PM,55,46,9
01/08/2016 02:00:00 PM,18,12,6
01/08/2016 01:00:00 PM,25,19,6
01/08/2016 12:00:00 PM,25,12,13
01/08/2016 11:00:00 AM,20,12,8
01/08/2016 10:00:00 AM,19,8,11
01/08/2016 09:00:00 AM,28,14,14
01/08/2016 08:00:00 AM,70,43,27
01/08/2016 07:00:00 AM,44,29,15
01/08/2016 06:00:00 AM,19,8,11
01/08/2016 05:00:00 AM,6,3,3
01/08/2016 04:00:00 AM,0,0,0
01/08/2016 03:00:00 AM,0,0,0
01/08/2016 02:00:00 AM,1,0,1
01/08/2016 01:00:00 AM,1,1,0
01/08/2016 12:00:00 AM,2,2,0
01/07/2016 11:00:00 PM,2,1,1
01/07/2016 10:00:00 PM,4,1,3
01/07/2016 09:00:00 PM,5,4,1
01/07/2016 08:00:00 PM,11,7,4
01/07/2016 07:00:00 PM,23,14,9
01/07/2016 06:00:00 PM,41,26,15
01/07/2016 05:00:00 PM,111,82,29
01/07/2016 04:00:00 PM,78,52,26
01/07/2016 03:00:00 PM,46,30,16
01/07/2016 02:00:00 PM,19,11,8
01/07/2016 01:00:00 PM,20,10,10
01/07/2016 12:00:00 PM,26,14,12
01/07/2016 11:00:00 AM,21,14,7
01/07/2016 10:00:00 AM,19,14,5
01/07/2016 09:00:00 AM,34,18,16
01/07/2016 08:00:00 AM,81,56,25
01/07/2016 07:00:00 AM,49,29,20
01/07/2016 06:00:00 AM,25,15,10
01/07/2016 05:00:00 AM,5,0,5
01/07/2016 04:00:00 AM,1,0,1
01/07/2016 03:00:00 AM,0,0,0
01/07/2016 02:00:00 AM,1,0,1
01/07/2016 01:00:00 AM,1,1,0
01/07/2016 12:00:00 AM,1,1,0
01/06/2016 11:00:00 PM,1,1,0
01/06/2016 10:00:00 PM,7,3,4
01/06/2016 09:00:00 PM,4,2,2
01/06/2016 08:00:00 PM,8,7,1
01/06/2016 07:00:00 PM,13,9,4
01/06/2016 06:00:00 PM,41,23,18
01/06/2016 05:00:00 PM,104,77,27
01/06/2016 04:00:00 PM,73,56,17
01/06/2016 03:00:00 PM,44,28,16
01/06/2016 02:00:00 PM,19,6,13
01/06/2016 01:00:00 PM,17,6,11
01/06/2016 12:00:00 PM,11,3,8
01/06/2016 11:00:00 AM,15,8,7
01/06/2016 10:00:00 AM,24,13,11
01/06/2016 09:00:00 AM,44,26,18
01/06/2016 08:00:00 AM,93,66,27
01/06/2016 07:00:00 AM,61,40,21
01/06/2016 06:00:00 AM,21,8,13
01/06/2016 05:00:00 AM,10,4,6
01/06/2016 04:00:00 AM,0,0,0
01/06/2016 03:00:00 AM,0,0,0
01/06/2016 02:00:00 AM,1,0,1
01/06/2016 01:00:00 AM,0,0,0
01/06/2016 12:00:00 AM,0,0,0
01/05/2016 11:00:00 PM,0,0,0
01/05/2016 10:00:00 PM,3,2,1
01/05/2016 09:00:00 PM,4,3,1
01/05/2016 08:00:00 PM,4,3,1
01/05/2016 07:00:00 PM,15,11,4
01/05/2016 06:00:00 PM,44,24,20
01/05/2016 05:00:00 PM,87,67,20
01/05/2016 04:00:00 PM,61,41,20
01/05/2016 03:00:00 PM,33,23,10
01/05/2016 02:00:00 PM,19,8,11
01/05/2016 01:00:00 PM,18,11,7
01/05/2016 12:00:00 PM,12,9,3
01/05/2016 11:00:00 AM,15,9,6
01/05/2016 10:00:00 AM,13,5,8
01/05/2016 09:00:00 AM,39,21,18
01/05/2016 08:00:00 AM,66,44,22
01/05/2016 07:00:00 AM,52,34,18
01/05/2016 06:00:00 AM,21,9,12
01/05/2016 05:00:00 AM,9,4,5
01/05/2016 04:00:00 AM,0,0,0
01/05/2016 03:00:00 AM,1,1,0
01/05/2016 02:00:00 AM,2,1,1
01/05/2016 01:00:00 AM,0,0,0
01/05/2016 12:00:00 AM,2,1,1
01/04/2016 11:00:00 PM,0,0,0
01/04/2016 10:00:00 PM,2,2,0
01/04/2016 09:00:00 PM,7,3,4
01/04/2016 08:00:00 PM,2,1,1
01/04/2016 07:00:00 PM,9,5,4
01/04/2016 06:00:00 PM,34,17,17
01/04/2016 05:00:00 PM,83,55,28
01/04/2016 04:00:00 PM,49,42,7
01/04/2016 03:00:00 PM,33,25,8
01/04/2016 02:00:00 PM,11,6,5
01/04/2016 01:00:00 PM,14,9,5
01/04/2016 12:00:00 PM,12,8,4
01/04/2016 11:00:00 AM,12,9,3
01/04/2016 10:00:00 AM,19,13,6
01/04/2016 09:00:00 AM,33,16,17
01/04/2016 08:00:00 AM,61,47,14
01/04/2016 07:00:00 AM,33,18,15
01/04/2016 06:00:00 AM,12,4,8
01/04/2016 05:00:00 AM,4,1,3
01/04/2016 04:00:00 AM,0,0,0
01/04/2016 03:00:00 AM,0,0,0
01/04/2016 02:00:00 AM,0,0,0
01/04/2016 01:00:00 AM,0,0,0
01/04/2016 12:00:00 AM,0,0,0
01/03/2016 11:00:00 PM,1,1,0
01/03/2016 10:00:00 PM,0,0,0
01/03/2016 09:00:00 PM,4,2,2
01/03/2016 08:00:00 PM,0,0,0
01/03/2016 07:00:00 PM,4,4,0
01/03/2016 06:00:00 PM,5,5,0
01/03/2016 05:00:00 PM,5,3,2
01/03/2016 04:00:00 PM,8,8,0
01/03/2016 03:00:00 PM,3,1,2
01/03/2016 02:00:00 PM,6,3,3
01/03/2016 01:00:00 PM,4,3,1
01/03/2016 12:00:00 PM,5,3,2
01/03/2016 11:00:00 AM,7,0,7
01/03/2016 10:00:00 AM,2,2,0
01/03/2016 09:00:00 AM,4,2,2
01/03/2016 08:00:00 AM,0,0,0
01/03/2016 07:00:00 AM,1,0,1
01/03/2016 06:00:00 AM,0,0,0
01/03/2016 05:00:00 AM,0,0,0
01/03/2016 04:00:00 AM,0,0,0
01/03/2016 03:00:00 AM,1,1,0
01/03/2016 02:00:00 AM,0,0,0
01/03/2016 01:00:00 AM,1,1,0
01/03/2016 12:00:00 AM,1,1,0
01/02/2016 11:00:00 PM,0,0,0
01/02/2016 10:00:00 PM,4,2,2
01/02/2016 09:00:00 PM,1,1,0
01/02/2016 08:00:00 PM,5,5,0
01/02/2016 07:00:00 PM,3,2,1
01/02/2016 06:00:00 PM,3,2,1
01/02/2016 05:00:00 PM,12,6,6
01/02/2016 04:00:00 PM,4,1,3
01/02/2016 03:00:00 PM,9,4,5
01/02/2016 02:00:00 PM,6,2,4
01/02/2016 01:00:00 PM,8,4,4
01/02/2016 12:00:00 PM,14,10,4
01/02/2016 11:00:00 AM,12,11,1
01/02/2016 10:00:00 AM,3,3,0
01/02/2016 09:00:00 AM,3,3,0
01/02/2016 08:00:00 AM,2,0,2
01/02/2016 07:00:00 AM,2,0,2
01/02/2016 06:00:00 AM,1,0,1
01/02/2016 05:00:00 AM,0,0,0
01/02/2016 04:00:00 AM,0,0,0
01/02/2016 03:00:00 AM,0,0,0
01/02/2016 02:00:00 AM,1,1,0
01/02/2016 01:00:00 AM,3,3,0
01/02/2016 12:00:00 AM,1,0,1
01/01/2016 11:00:00 PM,0,0,0
01/01/2016 10:00:00 PM,1,1,0
01/01/2016 09:00:00 PM,0,0,0
01/01/2016 08:00:00 PM,1,1,0
01/01/2016 07:00:00 PM,3,3,0
01/01/2016 06:00:00 PM,2,1,1
01/01/2016 05:00:00 PM,4,2,2
01/01/2016 04:00:00 PM,9,4,5
01/01/2016 03:00:00 PM,10,8,2
01/01/2016 02:00:00 PM,19,15,4
01/01/2016 01:00:00 PM,7,4,3
01/01/2016 12:00:00 PM,7,4,3
01/01/2016 11:00:00 AM,4,4,0
01/01/2016 10:00:00 AM,5,3,2
01/01/2016 09:00:00 AM,1,1,0
01/01/2016 08:00:00 AM,2,0,2
01/01/2016 07:00:00 AM,0,0,0
01/01/2016 06:00:00 AM,0,0,0
01/01/2016 05:00:00 AM,0,0,0
01/01/2016 04:00:00 AM,2,2,0
01/01/2016 03:00:00 AM,0,0,0
01/01/2016 02:00:00 AM,6,4,2
01/01/2016 01:00:00 AM,0,0,0
01/01/2016 12:00:00 AM,5,5,0
12/31/2015 11:00:00 PM,0,0,0
12/31/2015 10:00:00 PM,2,1,1
12/31/2015 09:00:00 PM,7,4,3
12/31/2015 08:00:00 PM,2,1,1
12/31/2015 07:00:00 PM,11,7,4
12/31/2015 06:00:00 PM,13,5,8
12/31/2015 05:00:00 PM,18,10,8
12/31/2015 04:00:00 PM,24,13,11
12/31/2015 03:00:00 PM,34,23,11
12/31/2015 02:00:00 PM,27,17,10
12/31/2015 01:00:00 PM,28,19,9
12/31/2015 12:00:00 PM,18,11,7
12/31/2015 11:00:00 AM,15,9,6
12/31/2015 10:00:00 AM,12,8,4
12/31/2015 09:00:00 AM,19,11,8
12/31/2015 08:00:00 AM,29,16,13
12/31/2015 07:00:00 AM,12,8,4
12/31/2015 06:00:00 AM,9,3,6
12/31/2015 05:00:00 AM,2,1,1
12/31/2015 04:00:00 AM,1,1,0
12/31/2015 03:00:00 AM,0,0,0
12/31/2015 02:00:00 AM,1,0,1
12/31/2015 01:00:00 AM,1,0,1
12/31/2015 12:00:00 AM,1,0,1
12/30/2015 11:00:00 PM,3,2,1
12/30/2015 10:00:00 PM,3,2,1
12/30/2015 09:00:00 PM,3,3,0
12/30/2015 08:00:00 PM,3,0,3
12/30/2015 07:00:00 PM,9,5,4
12/30/2015 06:00:00 PM,21,10,11
12/30/2015 05:00:00 PM,63,36,27
12/30/2015 04:00:00 PM,40,27,13
12/30/2015 03:00:00 PM,30,24,6
12/30/2015 02:00:00 PM,14,10,4
12/30/2015 01:00:00 PM,16,9,7
12/30/2015 12:00:00 PM,19,5,14
12/30/2015 11:00:00 AM,15,10,5
12/30/2015 10:00:00 AM,23,13,10
12/30/2015 09:00:00 AM,23,12,11
12/30/2015 08:00:00 AM,29,17,12
12/30/2015 07:00:00 AM,23,16,7
12/30/2015 06:00:00 AM,13,7,6
12/30/2015 05:00:00 AM,5,2,3
12/30/2015 04:00:00 AM,0,0,0
12/30/2015 03:00:00 AM,0,0,0
12/30/2015 02:00:00 AM,1,0,1
12/30/2015 01:00:00 AM,1,1,0
12/30/2015 12:00:00 AM,5,3,2
12/29/2015 11:00:00 PM,2,1,1
12/29/2015 10:00:00 PM,6,5,1
12/29/2015 09:00:00 PM,4,4,0
12/29/2015 08:00:00 PM,3,2,1
12/29/2015 07:00:00 PM,3,2,1
12/29/2015 06:00:00 PM,27,14,13
12/29/2015 05:00:00 PM,57,43,14
12/29/2015 04:00:00 PM,33,26,7
12/29/2015 03:00:00 PM,31,23,8
12/29/2015 02:00:00 PM,11,6,5
12/29/2015 01:00:00 PM,9,6,3
12/29/2015 12:00:00 PM,12,6,6
12/29/2015 11:00:00 AM,16,10,6
12/29/2015 10:00:00 AM,14,5,9
12/29/2015 09:00:00 AM,19,9,10
12/29/2015 08:00:00 AM,48,32,16
12/29/2015 07:00:00 AM,33,20,13
12/29/2015 06:00:00 AM,11,5,6
12/29/2015 05:00:00 AM,8,3,5
12/29/2015 04:00:00 AM,0,0,0
12/29/2015 03:00:00 AM,0,0,0
12/29/2015 02:00:00 AM,1,0,1
12/29/2015 01:00:00 AM,0,0,0
12/29/2015 12:00:00 AM,2,2,0
12/28/2015 11:00:00 PM,1,1,0
12/28/2015 10:00:00 PM,2,2,0
12/28/2015 09:00:00 PM,7,5,2
12/28/2015 08:00:00 PM,1,0,1
12/28/2015 07:00:00 PM,4,0,4
12/28/2015 06:00:00 PM,20,8,12
12/28/2015 05:00:00 PM,41,26,15
12/28/2015 04:00:00 PM,23,12,11
12/28/2015 03:00:00 PM,28,20,8
12/28/2015 02:00:00 PM,16,7,9
12/28/2015 01:00:00 PM,14,10,4
12/28/2015 12:00:00 PM,12,7,5
12/28/2015 11:00:00 AM,10,6,4
12/28/2015 10:00:00 AM,10,8,2
12/28/2015 09:00:00 AM,26,12,14
12/28/2015 08:00:00 AM,40,24,16
12/28/2015 07:00:00 AM,14,8,6
12/28/2015 06:00:00 AM,8,3,5
12/28/2015 05:00:00 AM,2,2,0
12/28/2015 04:00:00 AM,0,0,0
12/28/2015 03:00:00 AM,0,0,0
12/28/2015 02:00:00 AM,0,0,0
12/28/2015 01:00:00 AM,1,1,0
12/28/2015 12:00:00 AM,0,0,0
12/27/2015 11:00:00 PM,0,0,0
12/27/2015 10:00:00 PM,0,0,0
12/27/2015 09:00:00 PM,3,2,1
12/27/2015 08:00:00 PM,0,0,0
12/27/2015 07:00:00 PM,7,4,3
12/27/2015 06:00:00 PM,4,3,1
12/27/2015 05:00:00 PM,6,0,6
12/27/2015 04:00:00 PM,9,4,5
12/27/2015 03:00:00 PM,1,0,1
12/27/2015 02:00:00 PM,3,1,2
12/27/2015 01:00:00 PM,1,1,0
12/27/2015 12:00:00 PM,3,3,0
12/27/2015 11:00:00 AM,7,4,3
12/27/2015 10:00:00 AM,2,2,0
12/27/2015 09:00:00 AM,0,0,0
12/27/2015 08:00:00 AM,3,3,0
12/27/2015 07:00:00 AM,2,2,0
12/27/2015 06:00:00 AM,2,2,0
12/27/2015 05:00:00 AM,0,0,0
12/27/2015 04:00:00 AM,1,1,0
12/27/2015 03:00:00 AM,0,0,0
12/27/2015 02:00:00 AM,0,0,0
12/27/2015 01:00:00 AM,1,1,0
12/27/2015 12:00:00 AM,2,2,0
12/26/2015 11:00:00 PM,2,1,1
12/26/2015 10:00:00 PM,3,2,1
12/26/2015 09:00:00 PM,1,1,0
12/26/2015 08:00:00 PM,1,1,0
12/26/2015 07:00:00 PM,2,1,1
12/26/2015 06:00:00 PM,2,1,1
12/26/2015 05:00:00 PM,6,4,2
12/26/2015 04:00:00 PM,6,5,1
12/26/2015 03:00:00 PM,10,8,2
12/26/2015 02:00:00 PM,10,9,1
12/26/2015 01:00:00 PM,6,3,3
12/26/2015 12:00:00 PM,10,8,2
12/26/2015 11:00:00 AM,7,5,2
12/26/2015 10:00:00 AM,4,3,1
12/26/2015 09:00:00 AM,6,4,2
12/26/2015 08:00:00 AM,1,0,1
12/26/2015 07:00:00 AM,1,1,0
12/26/2015 06:00:00 AM,1,0,1
12/26/2015 05:00:00 AM,0,0,0
12/26/2015 04:00:00 AM,0,0,0
12/26/2015 03:00:00 AM,0,0,0
12/26/2015 02:00:00 AM,1,1,0
12/26/2015 01:00:00 AM,0,0,0
12/26/2015 12:00:00 AM,0,0,0
12/25/2015 11:00:00 PM,1,0,1
12/25/2015 10:00:00 PM,1,0,1
12/25/2015 09:00:00 PM,0,0,0
12/25/2015 08:00:00 PM,0,0,0
12/25/2015 07:00:00 PM,0,0,0
12/25/2015 06:00:00 PM,2,2,0
12/25/2015 05:00:00 PM,1,1,0
12/25/2015 04:00:00 PM,2,1,1
12/25/2015 03:00:00 PM,2,2,0
12/25/2015 02:00:00 PM,6,5,1
12/25/2015 01:00:00 PM,2,1,1
12/25/2015 12:00:00 PM,8,6,2
12/25/2015 11:00:00 AM,1,1,0
12/25/2015 10:00:00 AM,2,1,1
12/25/2015 09:00:00 AM,2,1,1
12/25/2015 08:00:00 AM,0,0,0
12/25/2015 07:00:00 AM,0,0,0
12/25/2015 06:00:00 AM,0,0,0
12/25/2015 05:00:00 AM,0,0,0
12/25/2015 04:00:00 AM,0,0,0
12/25/2015 03:00:00 AM,1,1,0
12/25/2015 02:00:00 AM,0,0,0
12/25/2015 01:00:00 AM,0,0,0
12/25/2015 12:00:00 AM,1,0,1
12/24/2015 11:00:00 PM,1,1,0
12/24/2015 10:00:00 PM,1,0,1
12/24/2015 09:00:00 PM,2,2,0
12/24/2015 08:00:00 PM,1,1,0
12/24/2015 07:00:00 PM,1,0,1
12/24/2015 06:00:00 PM,3,1,2
12/24/2015 05:00:00 PM,4,2,2
12/24/2015 04:00:00 PM,18,14,4
12/24/2015 03:00:00 PM,6,3,3
12/24/2015 02:00:00 PM,8,4,4
12/24/2015 01:00:00 PM,24,14,10
12/24/2015 12:00:00 PM,20,10,10
12/24/2015 11:00:00 AM,11,9,2
12/24/2015 10:00:00 AM,12,5,7
12/24/2015 09:00:00 AM,12,6,6
12/24/2015 08:00:00 AM,11,8,3
12/24/2015 07:00:00 AM,6,4,2
12/24/2015 06:00:00 AM,2,0,2
12/24/2015 05:00:00 AM,4,3,1
12/24/2015 04:00:00 AM,0,0,0
12/24/2015 03:00:00 AM,0,0,0
12/24/2015 02:00:00 AM,1,0,1
12/24/2015 01:00:00 AM,0,0,0
12/24/2015 12:00:00 AM,1,1,0
12/23/2015 11:00:00 PM,1,1,0
12/23/2015 10:00:00 PM,2,1,1
12/23/2015 09:00:00 PM,2,2,0
12/23/2015 08:00:00 PM,1,1,0
12/23/2015 07:00:00 PM,2,0,2
12/23/2015 06:00:00 PM,14,8,6
12/23/2015 05:00:00 PM,45,26,19
12/23/2015 04:00:00 PM,40,26,14
12/23/2015 03:00:00 PM,21,16,5
12/23/2015 02:00:00 PM,14,9,5
12/23/2015 01:00:00 PM,13,7,6
12/23/2015 12:00:00 PM,12,11,1
12/23/2015 11:00:00 AM,13,8,5
12/23/2015 10:00:00 AM,7,4,3
12/23/2015 09:00:00 AM,23,14,9
12/23/2015 08:00:00 AM,33,21,12
12/23/2015 07:00:00 AM,8,6,2
12/23/2015 06:00:00 AM,9,4,5
12/23/2015 05:00:00 AM,7,4,3
12/23/2015 04:00:00 AM,0,0,0
12/23/2015 03:00:00 AM,1,1,0
12/23/2015 02:00:00 AM,1,0,1
12/23/2015 01:00:00 AM,2,2,0
12/23/2015 12:00:00 AM,2,2,0
12/22/2015 11:00:00 PM,0,0,0
12/22/2015 10:00:00 PM,2,1,1
12/22/2015 09:00:00 PM,3,1,2
12/22/2015 08:00:00 PM,3,2,1
12/22/2015 07:00:00 PM,8,3,5
12/22/2015 06:00:00 PM,32,19,13
12/22/2015 05:00:00 PM,73,47,26
12/22/2015 04:00:00 PM,65,45,20
12/22/2015 03:00:00 PM,29,20,9
12/22/2015 02:00:00 PM,23,9,14
12/22/2015 01:00:00 PM,27,19,8
12/22/2015 12:00:00 PM,11,5,6
12/22/2015 11:00:00 AM,16,12,4
12/22/2015 10:00:00 AM,14,8,6
12/22/2015 09:00:00 AM,34,19,15
12/22/2015 08:00:00 AM,51,32,19
12/22/2015 07:00:00 AM,23,13,10
12/22/2015 06:00:00 AM,14,9,5
12/22/2015 05:00:00 AM,6,3,3
12/22/2015 04:00:00 AM,1,0,1
12/22/2015 03:00:00 AM,0,0,0
12/22/2015 02:00:00 AM,1,0,1
12/22/2015 01:00:00 AM,0,0,0
12/22/2015 12:00:00 AM,1,1,0
12/21/2015 11:00:00 PM,1,1,0
12/21/2015 10:00:00 PM,2,0,2
12/21/2015 09:00:00 PM,6,6,0
12/21/2015 08:00:00 PM,7,4,3
12/21/2015 07:00:00 PM,7,3,4
12/21/2015 06:00:00 PM,22,14,8
12/21/2015 05:00:00 PM,58,42,16
12/21/2015 04:00:00 PM,34,28,6
12/21/2015 03:00:00 PM,30,21,9
12/21/2015 02:00:00 PM,16,11,5
12/21/2015 01:00:00 PM,6,4,2
12/21/2015 12:00:00 PM,7,4,3
12/21/2015 11:00:00 AM,21,9,12
12/21/2015 10:00:00 AM,11,6,5
12/21/2015 09:00:00 AM,25,10,15
12/21/2015 08:00:00 AM,44,31,13
12/21/2015 07:00:00 AM,24,17,7
12/21/2015 06:00:00 AM,11,5,6
12/21/2015 05:00:00 AM,5,2,3
12/21/2015 04:00:00 AM,1,0,1
12/21/2015 03:00:00 AM,1,0,1
12/21/2015 02:00:00 AM,0,0,0
12/21/2015 01:00:00 AM,0,0,0
12/21/2015 12:00:00 AM,2,1,1
12/20/2015 11:00:00 PM,3,2,1
12/20/2015 10:00:00 PM,1,1,0
12/20/2015 09:00:00 PM,2,2,0
12/20/2015 08:00:00 PM,5,3,2
12/20/2015 07:00:00 PM,5,4,1
12/20/2015 06:00:00 PM,10,5,5
12/20/2015 05:00:00 PM,14,7,7
12/20/2015 04:00:00 PM,12,4,8
12/20/2015 03:00:00 PM,10,4,6
12/20/2015 02:00:00 PM,16,12,4
12/20/2015 01:00:00 PM,6,3,3
12/20/2015 12:00:00 PM,17,10,7
12/20/2015 11:00:00 AM,12,8,4
12/20/2015 10:00:00 AM,3,0,3
12/20/2015 09:00:00 AM,3,2,1
12/20/2015 08:00:00 AM,4,3,1
12/20/2015 07:00:00 AM,2,1,1
12/20/2015 06:00:00 AM,0,0,0
12/20/2015 05:00:00 AM,1,0,1
12/20/2015 04:00:00 AM,4,3,1
12/20/2015 03:00:00 AM,0,0,0
12/20/2015 02:00:00 AM,3,3,0
12/20/2015 01:00:00 AM,0,0,0
12/20/2015 12:00:00 AM,3,3,0
12/19/2015 11:00:00 PM,1,0,1
12/19/2015 10:00:00 PM,4,3,1
12/19/2015 09:00:00 PM,3,3,0
12/19/2015 08:00:00 PM,4,3,1
12/19/2015 07:00:00 PM,8,4,4
12/19/2015 06:00:00 PM,4,1,3
12/19/2015 05:00:00 PM,7,6,1
12/19/2015 04:00:00 PM,9,8,1
12/19/2015 03:00:00 PM,10,5,5
12/19/2015 02:00:00 PM,23,13,10
12/19/2015 01:00:00 PM,6,4,2
12/19/2015 12:00:00 PM,12,10,2
12/19/2015 11:00:00 AM,9,6,3
12/19/2015 10:00:00 AM,14,6,8
12/19/2015 09:00:00 AM,4,2,2
12/19/2015 08:00:00 AM,2,1,1
12/19/2015 07:00:00 AM,2,2,0
12/19/2015 06:00:00 AM,4,1,3
12/19/2015 05:00:00 AM,0,0,0
12/19/2015 04:00:00 AM,0,0,0
12/19/2015 03:00:00 AM,0,0,0
12/19/2015 02:00:00 AM,1,0,1
12/19/2015 01:00:00 AM,0,0,0
12/19/2015 12:00:00 AM,1,1,0
12/18/2015 11:00:00 PM,3,1,2
12/18/2015 10:00:00 PM,2,2,0
12/18/2015 09:00:00 PM,3,3,0
12/18/2015 08:00:00 PM,12,7,5
12/18/2015 07:00:00 PM,12,5,7
12/18/2015 06:00:00 PM,17,13,4
12/18/2015 05:00:00 PM,54,35,19
12/18/2015 04:00:00 PM,52,35,17
12/18/2015 03:00:00 PM,32,23,9
12/18/2015 02:00:00 PM,26,12,14
12/18/2015 01:00:00 PM,30,21,9
12/18/2015 12:00:00 PM,16,9,7
12/18/2015 11:00:00 AM,18,5,13
12/18/2015 10:00:00 AM,16,10,6
12/18/2015 09:00:00 AM,35,20,15
12/18/2015 08:00:00 AM,53,34,19
12/18/2015 07:00:00 AM,27,19,8
12/18/2015 06:00:00 AM,14,5,9
12/18/2015 05:00:00 AM,3,2,1
12/18/2015 04:00:00 AM,1,0,1
12/18/2015 03:00:00 AM,0,0,0
12/18/2015 02:00:00 AM,1,0,1
12/18/2015 01:00:00 AM,1,1,0
12/18/2015 12:00:00 AM,0,0,0
12/17/2015 11:00:00 PM,1,1,0
12/17/2015 10:00:00 PM,6,4,2
12/17/2015 09:00:00 PM,8,6,2
12/17/2015 08:00:00 PM,5,4,1
12/17/2015 07:00:00 PM,15,11,4
12/17/2015 06:00:00 PM,33,22,11
12/17/2015 05:00:00 PM,82,61,21
12/17/2015 04:00:00 PM,39,27,12
12/17/2015 03:00:00 PM,36,24,12
12/17/2015 02:00:00 PM,15,5,10
12/17/2015 01:00:00 PM,14,9,5
12/17/2015 12:00:00 PM,15,7,8
12/17/2015 11:00:00 AM,8,5,3
12/17/2015 10:00:00 AM,16,12,4
12/17/2015 09:00:00 AM,31,22,9
12/17/2015 08:00:00 AM,50,31,19
12/17/2015 07:00:00 AM,29,21,8
12/17/2015 06:00:00 AM,18,8,10
12/17/2015 05:00:00 AM,7,4,3
12/17/2015 04:00:00 AM,1,0,1
12/17/2015 03:00:00 AM,0,0,0
12/17/2015 02:00:00 AM,2,0,2
12/17/2015 01:00:00 AM,0,0,0
12/17/2015 12:00:00 AM,3,3,0
12/16/2015 11:00:00 PM,2,1,1
12/16/2015 10:00:00 PM,6,2,4
12/16/2015 09:00:00 PM,4,2,2
12/16/2015 08:00:00 PM,13,5,8
12/16/2015 07:00:00 PM,21,12,9
12/16/2015 06:00:00 PM,34,23,11
12/16/2015 05:00:00 PM,91,63,28
12/16/2015 04:00:00 PM,67,52,15
12/16/2015 03:00:00 PM,36,25,11
12/16/2015 02:00:00 PM,20,8,12
12/16/2015 01:00:00 PM,27,19,8
12/16/2015 12:00:00 PM,17,8,9
12/16/2015 11:00:00 AM,17,6,11
12/16/2015 10:00:00 AM,29,18,11
12/16/2015 09:00:00 AM,45,29,16
12/16/2015 08:00:00 AM,71,46,25
12/16/2015 07:00:00 AM,37,28,9
12/16/2015 06:00:00 AM,20,10,10
12/16/2015 05:00:00 AM,6,2,4
12/16/2015 04:00:00 AM,1,0,1
12/16/2015 03:00:00 AM,0,0,0
12/16/2015 02:00:00 AM,1,0,1
12/16/2015 01:00:00 AM,0,0,0
12/16/2015 12:00:00 AM,3,3,0
12/15/2015 11:00:00 PM,0,0,0
12/15/2015 10:00:00 PM,2,1,1
12/15/2015 09:00:00 PM,5,2,3
12/15/2015 08:00:00 PM,5,4,1
12/15/2015 07:00:00 PM,17,9,8
12/15/2015 06:00:00 PM,55,41,14
12/15/2015 05:00:00 PM,109,74,35
12/15/2015 04:00:00 PM,58,46,12
12/15/2015 03:00:00 PM,45,32,13
12/15/2015 02:00:00 PM,24,15,9
12/15/2015 01:00:00 PM,27,15,12
12/15/2015 12:00:00 PM,20,11,9
12/15/2015 11:00:00 AM,22,16,6
12/15/2015 10:00:00 AM,13,9,4
12/15/2015 09:00:00 AM,45,24,21
12/15/2015 08:00:00 AM,73,48,25
12/15/2015 07:00:00 AM,47,36,11
12/15/2015 06:00:00 AM,20,9,11
12/15/2015 05:00:00 AM,7,2,5
12/15/2015 04:00:00 AM,2,0,2
12/15/2015 03:00:00 AM,0,0,0
12/15/2015 02:00:00 AM,2,1,1
12/15/2015 01:00:00 AM,1,1,0
12/15/2015 12:00:00 AM,3,3,0
12/14/2015 11:00:00 PM,1,1,0
12/14/2015 10:00:00 PM,6,5,1
12/14/2015 09:00:00 PM,8,7,1
12/14/2015 08:00:00 PM,5,2,3
12/14/2015 07:00:00 PM,25,14,11
12/14/2015 06:00:00 PM,45,26,19
12/14/2015 05:00:00 PM,87,59,28
12/14/2015 04:00:00 PM,85,55,30
12/14/2015 03:00:00 PM,35,24,11
12/14/2015 02:00:00 PM,23,10,13
12/14/2015 01:00:00 PM,17,15,2
12/14/2015 12:00:00 PM,18,9,9
12/14/2015 11:00:00 AM,21,15,6
12/14/2015 10:00:00 AM,20,14,6
12/14/2015 09:00:00 AM,40,25,15
12/14/2015 08:00:00 AM,79,50,29
12/14/2015 07:00:00 AM,59,38,21
12/14/2015 06:00:00 AM,22,12,10
12/14/2015 05:00:00 AM,6,2,4
12/14/2015 04:00:00 AM,2,1,1
12/14/2015 03:00:00 AM,0,0,0
12/14/2015 02:00:00 AM,0,0,0
12/14/2015 01:00:00 AM,0,0,0
12/14/2015 12:00:00 AM,1,0,1
12/13/2015 11:00:00 PM,1,1,0
12/13/2015 10:00:00 PM,1,0,1
12/13/2015 09:00:00 PM,2,2,0
12/13/2015 08:00:00 PM,1,1,0
12/13/2015 07:00:00 PM,1,1,0
12/13/2015 06:00:00 PM,3,2,1
12/13/2015 05:00:00 PM,5,4,1
12/13/2015 04:00:00 PM,2,2,0
12/13/2015 03:00:00 PM,2,1,1
12/13/2015 02:00:00 PM,5,5,0
12/13/2015 01:00:00 PM,2,2,0
12/13/2015 12:00:00 PM,4,3,1
12/13/2015 11:00:00 AM,0,0,0
12/13/2015 10:00:00 AM,3,1,2
12/13/2015 09:00:00 AM,3,2,1
12/13/2015 08:00:00 AM,2,1,1
12/13/2015 07:00:00 AM,0,0,0
12/13/2015 06:00:00 AM,2,0,2
12/13/2015 05:00:00 AM,1,0,1
12/13/2015 04:00:00 AM,0,0,0
12/13/2015 03:00:00 AM,1,0,1
12/13/2015 02:00:00 AM,1,0,1
12/13/2015 01:00:00 AM,2,2,0
12/13/2015 12:00:00 AM,4,4,0
12/12/2015 11:00:00 PM,2,1,1
12/12/2015 10:00:00 PM,0,0,0
12/12/2015 09:00:00 PM,4,4,0
12/12/2015 08:00:00 PM,3,3,0
12/12/2015 07:00:00 PM,2,0,2
12/12/2015 06:00:00 PM,4,3,1
12/12/2015 05:00:00 PM,4,3,1
12/12/2015 04:00:00 PM,10,6,4
12/12/2015 03:00:00 PM,8,3,5
12/12/2015 02:00:00 PM,3,1,2
12/12/2015 01:00:00 PM,3,2,1
12/12/2015 12:00:00 PM,4,4,0
12/12/2015 11:00:00 AM,2,2,0
12/12/2015 10:00:00 AM,3,2,1
12/12/2015 09:00:00 AM,4,2,2
12/12/2015 08:00:00 AM,5,3,2
12/12/2015 07:00:00 AM,0,0,0
12/12/2015 06:00:00 AM,1,0,1
12/12/2015 05:00:00 AM,0,0,0
12/12/2015 04:00:00 AM,0,0,0
12/12/2015 03:00:00 AM,2,1,1
12/12/2015 02:00:00 AM,1,0,1
12/12/2015 01:00:00 AM,1,0,1
12/12/2015 12:00:00 AM,5,5,0
12/11/2015 11:00:00 PM,4,2,2
12/11/2015 10:00:00 PM,4,3,1
12/11/2015 09:00:00 PM,4,3,1
12/11/2015 08:00:00 PM,3,2,1
12/11/2015 07:00:00 PM,16,10,6
12/11/2015 06:00:00 PM,34,24,10
12/11/2015 05:00:00 PM,68,48,20
12/11/2015 04:00:00 PM,53,40,13
12/11/2015 03:00:00 PM,39,29,10
12/11/2015 02:00:00 PM,23,16,7
12/11/2015 01:00:00 PM,23,11,12
12/11/2015 12:00:00 PM,25,18,7
12/11/2015 11:00:00 AM,16,13,3
12/11/2015 10:00:00 AM,26,12,14
12/11/2015 09:00:00 AM,39,23,16
12/11/2015 08:00:00 AM,58,38,20
12/11/2015 07:00:00 AM,35,20,15
12/11/2015 06:00:00 AM,14,8,6
12/11/2015 05:00:00 AM,2,1,1
12/11/2015 04:00:00 AM,1,0,1
12/11/2015 03:00:00 AM,0,0,0
12/11/2015 02:00:00 AM,3,2,1
12/11/2015 01:00:00 AM,0,0,0
12/11/2015 12:00:00 AM,2,1,1
12/10/2015 11:00:00 PM,2,1,1
12/10/2015 10:00:00 PM,1,1,0
12/10/2015 09:00:00 PM,6,5,1
12/10/2015 08:00:00 PM,6,4,2
12/10/2015 07:00:00 PM,12,8,4
12/10/2015 06:00:00 PM,26,15,11
12/10/2015 05:00:00 PM,69,54,15
12/10/2015 04:00:00 PM,47,27,20
12/10/2015 03:00:00 PM,22,13,9
12/10/2015 02:00:00 PM,17,9,8
12/10/2015 01:00:00 PM,13,9,4
12/10/2015 12:00:00 PM,11,3,8
12/10/2015 11:00:00 AM,13,9,4
12/10/2015 10:00:00 AM,13,5,8
12/10/2015 09:00:00 AM,34,22,12
12/10/2015 08:00:00 AM,63,36,27
12/10/2015 07:00:00 AM,37,25,12
12/10/2015 06:00:00 AM,13,7,6
12/10/2015 05:00:00 AM,3,2,1
12/10/2015 04:00:00 AM,0,0,0
12/10/2015 03:00:00 AM,0,0,0
12/10/2015 02:00:00 AM,2,1,1
12/10/2015 01:00:00 AM,0,0,0
12/10/2015 12:00:00 AM,2,1,1
12/09/2015 11:00:00 PM,1,0,1
12/09/2015 10:00:00 PM,4,1,3
12/09/2015 09:00:00 PM,7,5,2
12/09/2015 08:00:00 PM,7,4,3
12/09/2015 07:00:00 PM,13,9,4
12/09/2015 06:00:00 PM,40,23,17
12/09/2015 05:00:00 PM,83,64,19
12/09/2015 04:00:00 PM,55,41,14
12/09/2015 03:00:00 PM,37,24,13
12/09/2015 02:00:00 PM,28,20,8
12/09/2015 01:00:00 PM,19,17,2
12/09/2015 12:00:00 PM,25,11,14
12/09/2015 11:00:00 AM,22,9,13
12/09/2015 10:00:00 AM,31,17,14
12/09/2015 09:00:00 AM,33,20,13
12/09/2015 08:00:00 AM,62,42,20
12/09/2015 07:00:00 AM,24,15,9
12/09/2015 06:00:00 AM,16,5,11
12/09/2015 05:00:00 AM,2,1,1
12/09/2015 04:00:00 AM,0,0,0
12/09/2015 03:00:00 AM,0,0,0
12/09/2015 02:00:00 AM,1,0,1
12/09/2015 01:00:00 AM,0,0,0
12/09/2015 12:00:00 AM,1,1,0
12/08/2015 11:00:00 PM,1,0,1
12/08/2015 10:00:00 PM,3,1,2
12/08/2015 09:00:00 PM,1,0,1
12/08/2015 08:00:00 PM,8,6,2
12/08/2015 07:00:00 PM,15,7,8
12/08/2015 06:00:00 PM,28,21,7
12/08/2015 05:00:00 PM,74,46,28
12/08/2015 04:00:00 PM,45,33,12
12/08/2015 03:00:00 PM,31,24,7
12/08/2015 02:00:00 PM,16,8,8
12/08/2015 01:00:00 PM,13,6,7
12/08/2015 12:00:00 PM,21,7,14
12/08/2015 11:00:00 AM,7,4,3
12/08/2015 10:00:00 AM,12,6,6
12/08/2015 09:00:00 AM,34,19,15
12/08/2015 08:00:00 AM,67,41,26
12/08/2015 07:00:00 AM,29,15,14
12/08/2015 06:00:00 AM,18,6,12
12/08/2015 05:00:00 AM,4,2,2
12/08/2015 04:00:00 AM,0,0,0
12/08/2015 03:00:00 AM,0,0,0
12/08/2015 02:00:00 AM,1,0,1
12/08/2015 01:00:00 AM,2,1,1
12/08/2015 12:00:00 AM,0,0,0
12/07/2015 11:00:00 PM,1,1,0
12/07/2015 10:00:00 PM,6,3,3
12/07/2015 09:00:00 PM,7,6,1
12/07/2015 08:00:00 PM,10,6,4
12/07/2015 07:00:00 PM,17,8,9
12/07/2015 06:00:00 PM,32,20,12
12/07/2015 05:00:00 PM,90,62,28
12/07/2015 04:00:00 PM,47,40,7
12/07/2015 03:00:00 PM,26,21,5
12/07/2015 02:00:00 PM,18,8,10
12/07/2015 01:00:00 PM,11,5,6
12/07/2015 12:00:00 PM,17,10,7
12/07/2015 11:00:00 AM,12,7,5
12/07/2015 10:00:00 AM,9,4,5
12/07/2015 09:00:00 AM,32,17,15
12/07/2015 08:00:00 AM,68,41,27
12/07/2015 07:00:00 AM,45,31,14
12/07/2015 06:00:00 AM,22,11,11
12/07/2015 05:00:00 AM,5,2,3
12/07/2015 04:00:00 AM,1,0,1
12/07/2015 03:00:00 AM,0,0,0
12/07/2015 02:00:00 AM,0,0,0
12/07/2015 01:00:00 AM,0,0,0
12/07/2015 12:00:00 AM,0,0,0
12/06/2015 11:00:00 PM,1,0,1
12/06/2015 10:00:00 PM,0,0,0
12/06/2015 09:00:00 PM,2,2,0
12/06/2015 08:00:00 PM,0,0,0
12/06/2015 07:00:00 PM,6,2,4
12/06/2015 06:00:00 PM,0,0,0
12/06/2015 05:00:00 PM,6,4,2
12/06/2015 04:00:00 PM,4,3,1
12/06/2015 03:00:00 PM,6,3,3
12/06/2015 02:00:00 PM,5,3,2
12/06/2015 01:00:00 PM,5,3,2
12/06/2015 12:00:00 PM,7,5,2
12/06/2015 11:00:00 AM,7,5,2
12/06/2015 10:00:00 AM,2,0,2
12/06/2015 09:00:00 AM,5,4,1
12/06/2015 08:00:00 AM,2,1,1
12/06/2015 07:00:00 AM,0,0,0
12/06/2015 06:00:00 AM,0,0,0
12/06/2015 05:00:00 AM,0,0,0
12/06/2015 04:00:00 AM,0,0,0
12/06/2015 03:00:00 AM,0,0,0
12/06/2015 02:00:00 AM,0,0,0
12/06/2015 01:00:00 AM,0,0,0
12/06/2015 12:00:00 AM,2,2,0
12/05/2015 11:00:00 PM,1,1,0
12/05/2015 10:00:00 PM,4,1,3
12/05/2015 09:00:00 PM,1,1,0
12/05/2015 08:00:00 PM,3,3,0
12/05/2015 07:00:00 PM,5,2,3
12/05/2015 06:00:00 PM,5,4,1
12/05/2015 05:00:00 PM,6,4,2
12/05/2015 04:00:00 PM,7,7,0
12/05/2015 03:00:00 PM,5,2,3
12/05/2015 02:00:00 PM,4,4,0
12/05/2015 01:00:00 PM,4,0,4
12/05/2015 12:00:00 PM,9,6,3
12/05/2015 11:00:00 AM,3,3,0
12/05/2015 10:00:00 AM,0,0,0
12/05/2015 09:00:00 AM,5,4,1
12/05/2015 08:00:00 AM,5,3,2
12/05/2015 07:00:00 AM,1,0,1
12/05/2015 06:00:00 AM,1,0,1
12/05/2015 05:00:00 AM,0,0,0
12/05/2015 04:00:00 AM,1,1,0
12/05/2015 03:00:00 AM,0,0,0
12/05/2015 02:00:00 AM,3,1,2
12/05/2015 01:00:00 AM,2,2,0
12/05/2015 12:00:00 AM,4,3,1
12/04/2015 11:00:00 PM,4,2,2
12/04/2015 10:00:00 PM,9,2,7
12/04/2015 09:00:00 PM,6,3,3
12/04/2015 08:00:00 PM,6,5,1
12/04/2015 07:00:00 PM,11,8,3
12/04/2015 06:00:00 PM,29,22,7
12/04/2015 05:00:00 PM,87,63,24
12/04/2015 04:00:00 PM,59,30,29
12/04/2015 03:00:00 PM,43,31,12
12/04/2015 02:00:00 PM,25,13,12
12/04/2015 01:00:00 PM,25,15,10
12/04/2015 12:00:00 PM,21,11,10
12/04/2015 11:00:00 AM,18,12,6
12/04/2015 10:00:00 AM,32,17,15
12/04/2015 09:00:00 AM,40,23,17
12/04/2015 08:00:00 AM,68,43,25
12/04/2015 07:00:00 AM,32,26,6
12/04/2015 06:00:00 AM,19,11,8
12/04/2015 05:00:00 AM,4,2,2
12/04/2015 04:00:00 AM,3,2,1
12/04/2015 03:00:00 AM,1,1,0
12/04/2015 02:00:00 AM,1,0,1
12/04/2015 01:00:00 AM,1,0,1
12/04/2015 12:00:00 AM,1,1,0
12/03/2015 11:00:00 PM,4,3,1
12/03/2015 10:00:00 PM,9,5,4
12/03/2015 09:00:00 PM,7,5,2
12/03/2015 08:00:00 PM,8,3,5
12/03/2015 07:00:00 PM,20,8,12
12/03/2015 06:00:00 PM,35,24,11
12/03/2015 05:00:00 PM,78,60,18
12/03/2015 04:00:00 PM,57,40,17
12/03/2015 03:00:00 PM,24,19,5
12/03/2015 02:00:00 PM,28,20,8
12/03/2015 01:00:00 PM,16,9,7
12/03/2015 12:00:00 PM,20,11,9
12/03/2015 11:00:00 AM,19,11,8
12/03/2015 10:00:00 AM,25,8,17
12/03/2015 09:00:00 AM,27,11,16
12/03/2015 08:00:00 AM,55,38,17
12/03/2015 07:00:00 AM,43,28,15
12/03/2015 06:00:00 AM,22,13,9
12/03/2015 05:00:00 AM,9,5,4
12/03/2015 04:00:00 AM,2,0,2
12/03/2015 03:00:00 AM,0,0,0
12/03/2015 02:00:00 AM,1,0,1
12/03/2015 01:00:00 AM,0,0,0
12/03/2015 12:00:00 AM,2,2,0
12/02/2015 11:00:00 PM,3,0,3
12/02/2015 10:00:00 PM,0,0,0
12/02/2015 09:00:00 PM,5,4,1
12/02/2015 08:00:00 PM,14,7,7
12/02/2015 07:00:00 PM,18,12,6
12/02/2015 06:00:00 PM,48,27,21
12/02/2015 05:00:00 PM,101,70,31
12/02/2015 04:00:00 PM,67,52,15
12/02/2015 03:00:00 PM,46,30,16
12/02/2015 02:00:00 PM,19,8,11
12/02/2015 01:00:00 PM,20,17,3
12/02/2015 12:00:00 PM,17,8,9
12/02/2015 11:00:00 AM,14,10,4
12/02/2015 10:00:00 AM,22,12,10
12/02/2015 09:00:00 AM,40,27,13
12/02/2015 08:00:00 AM,84,51,33
12/02/2015 07:00:00 AM,44,28,16
12/02/2015 06:00:00 AM,28,15,13
12/02/2015 05:00:00 AM,4,2,2
12/02/2015 04:00:00 AM,2,0,2
12/02/2015 03:00:00 AM,1,0,1
12/02/2015 02:00:00 AM,1,0,1
12/02/2015 01:00:00 AM,1,0,1
12/02/2015 12:00:00 AM,4,3,1
12/01/2015 11:00:00 PM,0,0,0
12/01/2015 10:00:00 PM,5,2,3
12/01/2015 09:00:00 PM,3,2,1
12/01/2015 08:00:00 PM,5,3,2
12/01/2015 07:00:00 PM,14,8,6
12/01/2015 06:00:00 PM,27,16,11
12/01/2015 05:00:00 PM,101,67,34
12/01/2015 04:00:00 PM,77,62,15
12/01/2015 03:00:00 PM,42,32,10
12/01/2015 02:00:00 PM,28,17,11
12/01/2015 01:00:00 PM,20,13,7
12/01/2015 12:00:00 PM,6,6,0
12/01/2015 11:00:00 AM,10,10,0
12/01/2015 10:00:00 AM,8,8,0
12/01/2015 09:00:00 AM,19,18,1
12/01/2015 08:00:00 AM,39,39,0
12/01/2015 07:00:00 AM,30,30,0
12/01/2015 06:00:00 AM,7,7,0
12/01/2015 05:00:00 AM,1,1,0
12/01/2015 04:00:00 AM,0,0,0
12/01/2015 03:00:00 AM,0,0,0
12/01/2015 02:00:00 AM,0,0,0
12/01/2015 01:00:00 AM,0,0,0
12/01/2015 12:00:00 AM,1,1,0
11/30/2015 11:00:00 PM,1,1,0
11/30/2015 10:00:00 PM,0,0,0
11/30/2015 09:00:00 PM,2,2,0
11/30/2015 08:00:00 PM,0,0,0
11/30/2015 07:00:00 PM,2,2,0
11/30/2015 06:00:00 PM,12,12,0
11/30/2015 05:00:00 PM,45,45,0
11/30/2015 04:00:00 PM,36,36,0
11/30/2015 03:00:00 PM,22,21,1
11/30/2015 02:00:00 PM,10,10,0
11/30/2015 01:00:00 PM,16,16,0
11/30/2015 12:00:00 PM,7,5,2
11/30/2015 11:00:00 AM,13,12,1
11/30/2015 10:00:00 AM,8,8,0
11/30/2015 09:00:00 AM,22,21,1
11/30/2015 08:00:00 AM,40,40,0
11/30/2015 07:00:00 AM,25,25,0
11/30/2015 06:00:00 AM,4,4,0
11/30/2015 05:00:00 AM,0,0,0
11/30/2015 04:00:00 AM,0,0,0
11/30/2015 03:00:00 AM,0,0,0
11/30/2015 02:00:00 AM,0,0,0
11/30/2015 01:00:00 AM,0,0,0
11/30/2015 12:00:00 AM,1,1,0
11/29/2015 11:00:00 PM,0,0,0
11/29/2015 10:00:00 PM,0,0,0
11/29/2015 09:00:00 PM,2,2,0
11/29/2015 08:00:00 PM,1,1,0
11/29/2015 07:00:00 PM,2,2,0
11/29/2015 06:00:00 PM,5,5,0
11/29/2015 05:00:00 PM,9,9,0
11/29/2015 04:00:00 PM,3,3,0
11/29/2015 03:00:00 PM,10,10,0
11/29/2015 02:00:00 PM,3,2,1
11/29/2015 01:00:00 PM,8,8,0
11/29/2015 12:00:00 PM,9,9,0
11/29/2015 11:00:00 AM,7,7,0
11/29/2015 10:00:00 AM,4,4,0
11/29/2015 09:00:00 AM,0,0,0
11/29/2015 08:00:00 AM,5,5,0
11/29/2015 07:00:00 AM,0,0,0
11/29/2015 06:00:00 AM,1,1,0
11/29/2015 05:00:00 AM,0,0,0
11/29/2015 04:00:00 AM,0,0,0
11/29/2015 03:00:00 AM,0,0,0
11/29/2015 02:00:00 AM,2,2,0
11/29/2015 01:00:00 AM,0,0,0
11/29/2015 12:00:00 AM,0,0,0
11/28/2015 11:00:00 PM,0,0,0
11/28/2015 10:00:00 PM,3,3,0
11/28/2015 09:00:00 PM,1,1,0
11/28/2015 08:00:00 PM,1,1,0
11/28/2015 07:00:00 PM,2,2,0
11/28/2015 06:00:00 PM,5,5,0
11/28/2015 05:00:00 PM,3,3,0
11/28/2015 04:00:00 PM,8,8,0
11/28/2015 03:00:00 PM,10,10,0
11/28/2015 02:00:00 PM,6,6,0
11/28/2015 01:00:00 PM,5,5,0
11/28/2015 12:00:00 PM,5,5,0
11/28/2015 11:00:00 AM,3,3,0
11/28/2015 10:00:00 AM,6,6,0
11/28/2015 09:00:00 AM,3,3,0
11/28/2015 08:00:00 AM,2,2,0
11/28/2015 07:00:00 AM,0,0,0
11/28/2015 06:00:00 AM,0,0,0
11/28/2015 05:00:00 AM,0,0,0
11/28/2015 04:00:00 AM,0,0,0
11/28/2015 03:00:00 AM,0,0,0
11/28/2015 02:00:00 AM,0,0,0
11/28/2015 01:00:00 AM,0,0,0
11/28/2015 12:00:00 AM,1,1,0
11/27/2015 11:00:00 PM,0,0,0
11/27/2015 10:00:00 PM,2,2,0
11/27/2015 09:00:00 PM,1,1,0
11/27/2015 08:00:00 PM,1,1,0
11/27/2015 07:00:00 PM,1,1,0
11/27/2015 06:00:00 PM,9,9,0
11/27/2015 05:00:00 PM,6,6,0
11/27/2015 04:00:00 PM,10,10,0
11/27/2015 03:00:00 PM,5,5,0
11/27/2015 02:00:00 PM,10,10,0
11/27/2015 01:00:00 PM,7,7,0
11/27/2015 12:00:00 PM,10,6,4
11/27/2015 11:00:00 AM,4,4,0
11/27/2015 10:00:00 AM,6,2,4
11/27/2015 09:00:00 AM,2,2,0
11/27/2015 08:00:00 AM,7,3,4
11/27/2015 07:00:00 AM,4,3,1
11/27/2015 06:00:00 AM,1,1,0
11/27/2015 05:00:00 AM,3,0,3
11/27/2015 04:00:00 AM,0,0,0
11/27/2015 03:00:00 AM,0,0,0
11/27/2015 02:00:00 AM,1,0,1
11/27/2015 01:00:00 AM,1,1,0
11/27/2015 12:00:00 AM,1,1,0
11/26/2015 11:00:00 PM,2,0,2
11/26/2015 10:00:00 PM,3,2,1
11/26/2015 09:00:00 PM,2,0,2
11/26/2015 08:00:00 PM,0,0,0
11/26/2015 07:00:00 PM,2,1,1
11/26/2015 06:00:00 PM,1,0,1
11/26/2015 05:00:00 PM,0,0,0
11/26/2015 04:00:00 PM,4,1,3
11/26/2015 03:00:00 PM,3,1,2
11/26/2015 02:00:00 PM,2,2,0
11/26/2015 01:00:00 PM,4,1,3
11/26/2015 12:00:00 PM,0,0,0
11/26/2015 11:00:00 AM,2,0,2
11/26/2015 10:00:00 AM,4,0,4
11/26/2015 09:00:00 AM,4,2,2
11/26/2015 08:00:00 AM,0,0,0
11/26/2015 07:00:00 AM,1,1,0
11/26/2015 06:00:00 AM,2,2,0
11/26/2015 05:00:00 AM,1,1,0
11/26/2015 04:00:00 AM,0,0,0
11/26/2015 03:00:00 AM,0,0,0
11/26/2015 02:00:00 AM,1,1,0
11/26/2015 01:00:00 AM,0,0,0
11/26/2015 12:00:00 AM,0,0,0
11/25/2015 11:00:00 PM,3,2,1
11/25/2015 10:00:00 PM,0,0,0
11/25/2015 09:00:00 PM,6,2,4
11/25/2015 08:00:00 PM,5,4,1
11/25/2015 07:00:00 PM,7,6,1
11/25/2015 06:00:00 PM,16,12,4
11/25/2015 05:00:00 PM,41,27,14
11/25/2015 04:00:00 PM,50,39,11
11/25/2015 03:00:00 PM,46,31,15
11/25/2015 02:00:00 PM,55,36,19
11/25/2015 01:00:00 PM,24,16,8
11/25/2015 12:00:00 PM,20,11,9
11/25/2015 11:00:00 AM,19,12,7
11/25/2015 10:00:00 AM,23,12,11
11/25/2015 09:00:00 AM,27,14,13
11/25/2015 08:00:00 AM,54,36,18
11/25/2015 07:00:00 AM,32,25,7
11/25/2015 06:00:00 AM,11,6,5
11/25/2015 05:00:00 AM,4,1,3
11/25/2015 04:00:00 AM,0,0,0
11/25/2015 03:00:00 AM,0,0,0
11/25/2015 02:00:00 AM,2,0,2
11/25/2015 01:00:00 AM,0,0,0
11/25/2015 12:00:00 AM,4,2,2
11/24/2015 11:00:00 PM,1,1,0
11/24/2015 10:00:00 PM,3,2,1
11/24/2015 09:00:00 PM,3,3,0
11/24/2015 08:00:00 PM,5,4,1
11/24/2015 07:00:00 PM,16,10,6
11/24/2015 06:00:00 PM,26,13,13
11/24/2015 05:00:00 PM,86,62,24
11/24/2015 04:00:00 PM,58,42,16
11/24/2015 03:00:00 PM,34,28,6
11/24/2015 02:00:00 PM,17,11,6
11/24/2015 01:00:00 PM,16,8,8
11/24/2015 12:00:00 PM,19,11,8
11/24/2015 11:00:00 AM,25,9,16
11/24/2015 10:00:00 AM,15,8,7
11/24/2015 09:00:00 AM,33,20,13
11/24/2015 08:00:00 AM,58,42,16
11/24/2015 07:00:00 AM,38,22,16
11/24/2015 06:00:00 AM,20,10,10
11/24/2015 05:00:00 AM,3,1,2
11/24/2015 04:00:00 AM,1,1,0
11/24/2015 03:00:00 AM,0,0,0
11/24/2015 02:00:00 AM,1,0,1
11/24/2015 01:00:00 AM,0,0,0
11/24/2015 12:00:00 AM,1,1,0
11/23/2015 11:00:00 PM,2,0,2
11/23/2015 10:00:00 PM,1,1,0
11/23/2015 09:00:00 PM,7,5,2
11/23/2015 08:00:00 PM,8,4,4
11/23/2015 07:00:00 PM,10,6,4
11/23/2015 06:00:00 PM,38,17,21
11/23/2015 05:00:00 PM,91,64,27
11/23/2015 04:00:00 PM,66,49,17
11/23/2015 03:00:00 PM,33,22,11
11/23/2015 02:00:00 PM,24,17,7
11/23/2015 01:00:00 PM,18,12,6
11/23/2015 12:00:00 PM,15,8,7
11/23/2015 11:00:00 AM,16,9,7
11/23/2015 10:00:00 AM,18,8,10
11/23/2015 09:00:00 AM,40,22,18
11/23/2015 08:00:00 AM,86,59,27
11/23/2015 07:00:00 AM,42,31,11
11/23/2015 06:00:00 AM,21,9,12
11/23/2015 05:00:00 AM,3,1,2
11/23/2015 04:00:00 AM,2,2,0
11/23/2015 03:00:00 AM,0,0,0
11/23/2015 02:00:00 AM,0,0,0
11/23/2015 01:00:00 AM,2,0,2
11/23/2015 12:00:00 AM,1,0,1
11/22/2015 11:00:00 PM,3,2,1
11/22/2015 10:00:00 PM,0,0,0
11/22/2015 09:00:00 PM,1,1,0
11/22/2015 08:00:00 PM,6,5,1
11/22/2015 07:00:00 PM,6,5,1
11/22/2015 06:00:00 PM,7,3,4
11/22/2015 05:00:00 PM,13,8,5
11/22/2015 04:00:00 PM,16,7,9
11/22/2015 03:00:00 PM,8,4,4
11/22/2015 02:00:00 PM,14,8,6
11/22/2015 01:00:00 PM,18,12,6
11/22/2015 12:00:00 PM,7,5,2
11/22/2015 11:00:00 AM,14,10,4
11/22/2015 10:00:00 AM,14,10,4
11/22/2015 09:00:00 AM,2,2,0
11/22/2015 08:00:00 AM,7,5,2
11/22/2015 07:00:00 AM,5,3,2
11/22/2015 06:00:00 AM,3,2,1
11/22/2015 05:00:00 AM,0,0,0
11/22/2015 04:00:00 AM,0,0,0
11/22/2015 03:00:00 AM,1,1,0
11/22/2015 02:00:00 AM,0,0,0
11/22/2015 01:00:00 AM,0,0,0
11/22/2015 12:00:00 AM,1,1,0
11/21/2015 11:00:00 PM,2,1,1
11/21/2015 10:00:00 PM,4,3,1
11/21/2015 09:00:00 PM,2,1,1
11/21/2015 08:00:00 PM,3,2,1
11/21/2015 07:00:00 PM,4,3,1
11/21/2015 06:00:00 PM,13,7,6
11/21/2015 05:00:00 PM,7,6,1
11/21/2015 04:00:00 PM,14,7,7
11/21/2015 03:00:00 PM,22,10,12
11/21/2015 02:00:00 PM,13,7,6
11/21/2015 01:00:00 PM,16,8,8
11/21/2015 12:00:00 PM,39,28,11
11/21/2015 11:00:00 AM,12,9,3
11/21/2015 10:00:00 AM,10,5,5
11/21/2015 09:00:00 AM,4,3,1
11/21/2015 08:00:00 AM,6,4,2
11/21/2015 07:00:00 AM,1,0,1
11/21/2015 06:00:00 AM,1,1,0
11/21/2015 05:00:00 AM,0,0,0
11/21/2015 04:00:00 AM,0,0,0
11/21/2015 03:00:00 AM,0,0,0
11/21/2015 02:00:00 AM,0,0,0
11/21/2015 01:00:00 AM,0,0,0
11/21/2015 12:00:00 AM,5,4,1
11/20/2015 11:00:00 PM,1,0,1
11/20/2015 10:00:00 PM,5,5,0
11/20/2015 09:00:00 PM,7,2,5
11/20/2015 08:00:00 PM,12,7,5
11/20/2015 07:00:00 PM,21,10,11
11/20/2015 06:00:00 PM,29,21,8
11/20/2015 05:00:00 PM,84,58,26
11/20/2015 04:00:00 PM,68,51,17
11/20/2015 03:00:00 PM,47,32,15
11/20/2015 02:00:00 PM,29,18,11
11/20/2015 01:00:00 PM,27,22,5
11/20/2015 12:00:00 PM,20,11,9
11/20/2015 11:00:00 AM,27,15,12
11/20/2015 10:00:00 AM,24,16,8
11/20/2015 09:00:00 AM,35,18,17
11/20/2015 08:00:00 AM,76,51,25
11/20/2015 07:00:00 AM,39,22,17
11/20/2015 06:00:00 AM,21,9,12
11/20/2015 05:00:00 AM,6,2,4
11/20/2015 04:00:00 AM,1,0,1
11/20/2015 03:00:00 AM,0,0,0
11/20/2015 02:00:00 AM,1,1,0
11/20/2015 01:00:00 AM,0,0,0
11/20/2015 12:00:00 AM,4,2,2
11/19/2015 11:00:00 PM,3,3,0
11/19/2015 10:00:00 PM,9,6,3
11/19/2015 09:00:00 PM,10,9,1
11/19/2015 08:00:00 PM,11,9,2
11/19/2015 07:00:00 PM,21,9,12
11/19/2015 06:00:00 PM,48,31,17
11/19/2015 05:00:00 PM,129,92,37
11/19/2015 04:00:00 PM,87,59,28
11/19/2015 03:00:00 PM,50,29,21
11/19/2015 02:00:00 PM,28,16,12
11/19/2015 01:00:00 PM,19,12,7
11/19/2015 12:00:00 PM,29,20,9
11/19/2015 11:00:00 AM,24,13,11
11/19/2015 10:00:00 AM,24,13,11
11/19/2015 09:00:00 AM,44,25,19
11/19/2015 08:00:00 AM,96,67,29
11/19/2015 07:00:00 AM,59,38,21
11/19/2015 06:00:00 AM,20,6,14
11/19/2015 05:00:00 AM,7,2,5
11/19/2015 04:00:00 AM,1,0,1
11/19/2015 03:00:00 AM,0,0,0
11/19/2015 02:00:00 AM,15,4,11
11/19/2015 01:00:00 AM,1,0,1
11/19/2015 12:00:00 AM,3,1,2
11/18/2015 11:00:00 PM,0,0,0
11/18/2015 10:00:00 PM,3,2,1
11/18/2015 09:00:00 PM,7,5,2
11/18/2015 08:00:00 PM,10,6,4
11/18/2015 07:00:00 PM,22,11,11
11/18/2015 06:00:00 PM,50,32,18
11/18/2015 05:00:00 PM,114,82,32
11/18/2015 04:00:00 PM,84,60,24
11/18/2015 03:00:00 PM,45,36,9
11/18/2015 02:00:00 PM,28,12,16
11/18/2015 01:00:00 PM,28,16,12
11/18/2015 12:00:00 PM,22,10,12
11/18/2015 11:00:00 AM,29,24,5
11/18/2015 10:00:00 AM,28,14,14
11/18/2015 09:00:00 AM,38,27,11
11/18/2015 08:00:00 AM,99,71,28
11/18/2015 07:00:00 AM,44,26,18
11/18/2015 06:00:00 AM,29,14,15
11/18/2015 05:00:00 AM,8,3,5
11/18/2015 04:00:00 AM,0,0,0
11/18/2015 03:00:00 AM,0,0,0
11/18/2015 02:00:00 AM,3,2,1
11/18/2015 01:00:00 AM,0,0,0
11/18/2015 12:00:00 AM,2,2,0
11/17/2015 11:00:00 PM,1,0,1
11/17/2015 10:00:00 PM,3,2,1
11/17/2015 09:00:00 PM,5,2,3
11/17/2015 08:00:00 PM,2,2,0
11/17/2015 07:00:00 PM,19,10,9
11/17/2015 06:00:00 PM,25,11,14
11/17/2015 05:00:00 PM,70,52,18
11/17/2015 04:00:00 PM,54,37,17
11/17/2015 03:00:00 PM,36,27,9
11/17/2015 02:00:00 PM,11,6,5
11/17/2015 01:00:00 PM,18,11,7
11/17/2015 12:00:00 PM,15,10,5
11/17/2015 11:00:00 AM,13,10,3
11/17/2015 10:00:00 AM,12,8,4
11/17/2015 09:00:00 AM,30,14,16
11/17/2015 08:00:00 AM,61,43,18
11/17/2015 07:00:00 AM,44,30,14
11/17/2015 06:00:00 AM,18,7,11
11/17/2015 05:00:00 AM,5,0,5
11/17/2015 04:00:00 AM,0,0,0
11/17/2015 03:00:00 AM,0,0,0
11/17/2015 02:00:00 AM,1,0,1
11/17/2015 01:00:00 AM,0,0,0
11/17/2015 12:00:00 AM,1,1,0
11/16/2015 11:00:00 PM,0,0,0
11/16/2015 10:00:00 PM,4,2,2
11/16/2015 09:00:00 PM,12,9,3
11/16/2015 08:00:00 PM,7,5,2
11/16/2015 07:00:00 PM,14,8,6
11/16/2015 06:00:00 PM,56,28,28
11/16/2015 05:00:00 PM,97,76,21
11/16/2015 04:00:00 PM,55,41,14
11/16/2015 03:00:00 PM,31,20,11
11/16/2015 02:00:00 PM,18,7,11
11/16/2015 01:00:00 PM,16,10,6
11/16/2015 12:00:00 PM,25,12,13
11/16/2015 11:00:00 AM,26,16,10
11/16/2015 10:00:00 AM,24,11,13
11/16/2015 09:00:00 AM,44,22,22
11/16/2015 08:00:00 AM,82,52,30
11/16/2015 07:00:00 AM,52,35,17
11/16/2015 06:00:00 AM,26,13,13
11/16/2015 05:00:00 AM,6,2,4
11/16/2015 04:00:00 AM,2,1,1
11/16/2015 03:00:00 AM,0,0,0
11/16/2015 02:00:00 AM,0,0,0
11/16/2015 01:00:00 AM,0,0,0
11/16/2015 12:00:00 AM,2,1,1
11/15/2015 11:00:00 PM,4,2,2
11/15/2015 10:00:00 PM,9,1,8
11/15/2015 09:00:00 PM,18,5,13
11/15/2015 08:00:00 PM,6,4,2
11/15/2015 07:00:00 PM,1,1,0
11/15/2015 06:00:00 PM,4,2,2
11/15/2015 05:00:00 PM,11,8,3
11/15/2015 04:00:00 PM,8,7,1
11/15/2015 03:00:00 PM,14,11,3
11/15/2015 02:00:00 PM,12,9,3
11/15/2015 01:00:00 PM,10,4,6
11/15/2015 12:00:00 PM,12,7,5
11/15/2015 11:00:00 AM,9,8,1
11/15/2015 10:00:00 AM,9,8,1
11/15/2015 09:00:00 AM,4,3,1
11/15/2015 08:00:00 AM,3,1,2
11/15/2015 07:00:00 AM,2,1,1
11/15/2015 06:00:00 AM,0,0,0
11/15/2015 05:00:00 AM,0,0,0
11/15/2015 04:00:00 AM,0,0,0
11/15/2015 03:00:00 AM,0,0,0
11/15/2015 02:00:00 AM,1,0,1
11/15/2015 01:00:00 AM,0,0,0
11/15/2015 12:00:00 AM,2,2,0
11/14/2015 11:00:00 PM,2,0,2
11/14/2015 10:00:00 PM,2,2,0
11/14/2015 09:00:00 PM,1,1,0
11/14/2015 08:00:00 PM,0,0,0
11/14/2015 07:00:00 PM,4,4,0
11/14/2015 06:00:00 PM,1,0,1
11/14/2015 05:00:00 PM,10,7,3
11/14/2015 04:00:00 PM,5,4,1
11/14/2015 03:00:00 PM,9,6,3
11/14/2015 02:00:00 PM,11,10,1
11/14/2015 01:00:00 PM,11,8,3
11/14/2015 12:00:00 PM,9,7,2
11/14/2015 11:00:00 AM,8,5,3
11/14/2015 10:00:00 AM,7,3,4
11/14/2015 09:00:00 AM,1,0,1
11/14/2015 08:00:00 AM,1,1,0
11/14/2015 07:00:00 AM,1,1,0
11/14/2015 06:00:00 AM,0,0,0
11/14/2015 05:00:00 AM,0,0,0
11/14/2015 04:00:00 AM,0,0,0
11/14/2015 03:00:00 AM,0,0,0
11/14/2015 02:00:00 AM,0,0,0
11/14/2015 01:00:00 AM,1,0,1
11/14/2015 12:00:00 AM,4,2,2
11/13/2015 11:00:00 PM,2,2,0
11/13/2015 10:00:00 PM,6,5,1
11/13/2015 09:00:00 PM,4,2,2
11/13/2015 08:00:00 PM,4,3,1
11/13/2015 07:00:00 PM,10,6,4
11/13/2015 06:00:00 PM,30,19,11
11/13/2015 05:00:00 PM,63,43,20
11/13/2015 04:00:00 PM,50,35,15
11/13/2015 03:00:00 PM,21,17,4
11/13/2015 02:00:00 PM,14,11,3
11/13/2015 01:00:00 PM,20,9,11
11/13/2015 12:00:00 PM,20,12,8
11/13/2015 11:00:00 AM,26,15,11
11/13/2015 10:00:00 AM,22,12,10
11/13/2015 09:00:00 AM,31,21,10
11/13/2015 08:00:00 AM,61,42,19
11/13/2015 07:00:00 AM,27,18,9
11/13/2015 06:00:00 AM,12,5,7
11/13/2015 05:00:00 AM,2,0,2
11/13/2015 04:00:00 AM,0,0,0
11/13/2015 03:00:00 AM,0,0,0
11/13/2015 02:00:00 AM,0,0,0
11/13/2015 01:00:00 AM,0,0,0
11/13/2015 12:00:00 AM,2,2,0
11/12/2015 11:00:00 PM,4,2,2
11/12/2015 10:00:00 PM,10,7,3
11/12/2015 09:00:00 PM,9,7,2
11/12/2015 08:00:00 PM,7,3,4
11/12/2015 07:00:00 PM,16,11,5
11/12/2015 06:00:00 PM,40,21,19
11/12/2015 05:00:00 PM,88,56,32
11/12/2015 04:00:00 PM,74,55,19
11/12/2015 03:00:00 PM,35,25,10
11/12/2015 02:00:00 PM,19,13,6
11/12/2015 01:00:00 PM,19,10,9
11/12/2015 12:00:00 PM,37,21,16
11/12/2015 11:00:00 AM,27,17,10
11/12/2015 10:00:00 AM,26,16,10
11/12/2015 09:00:00 AM,33,17,16
11/12/2015 08:00:00 AM,81,53,28
11/12/2015 07:00:00 AM,59,40,19
11/12/2015 06:00:00 AM,27,17,10
11/12/2015 05:00:00 AM,6,0,6
11/12/2015 04:00:00 AM,1,0,1
11/12/2015 03:00:00 AM,1,1,0
11/12/2015 02:00:00 AM,1,0,1
11/12/2015 01:00:00 AM,0,0,0
11/12/2015 12:00:00 AM,3,2,1
11/11/2015 11:00:00 PM,5,4,1
11/11/2015 10:00:00 PM,6,2,4
11/11/2015 09:00:00 PM,10,4,6
11/11/2015 08:00:00 PM,10,3,7
11/11/2015 07:00:00 PM,18,10,8
11/11/2015 06:00:00 PM,54,36,18
11/11/2015 05:00:00 PM,91,65,26
11/11/2015 04:00:00 PM,77,57,20
11/11/2015 03:00:00 PM,42,27,15
11/11/2015 02:00:00 PM,26,12,14
11/11/2015 01:00:00 PM,25,14,11
11/11/2015 12:00:00 PM,26,19,7
11/11/2015 11:00:00 AM,33,20,13
11/11/2015 10:00:00 AM,20,12,8
11/11/2015 09:00:00 AM,45,29,16
11/11/2015 08:00:00 AM,84,56,28
11/11/2015 07:00:00 AM,43,26,17
11/11/2015 06:00:00 AM,14,7,7
11/11/2015 05:00:00 AM,11,3,8
11/11/2015 04:00:00 AM,0,0,0
11/11/2015 03:00:00 AM,1,1,0
11/11/2015 02:00:00 AM,3,0,3
11/11/2015 01:00:00 AM,1,1,0
11/11/2015 12:00:00 AM,4,3,1
11/10/2015 11:00:00 PM,2,2,0
11/10/2015 10:00:00 PM,5,3,2
11/10/2015 09:00:00 PM,12,9,3
11/10/2015 08:00:00 PM,8,4,4
11/10/2015 07:00:00 PM,22,12,10
11/10/2015 06:00:00 PM,55,28,27
11/10/2015 05:00:00 PM,133,86,47
11/10/2015 04:00:00 PM,97,67,30
11/10/2015 03:00:00 PM,51,34,17
11/10/2015 02:00:00 PM,34,24,10
11/10/2015 01:00:00 PM,19,11,8
11/10/2015 12:00:00 PM,22,13,9
11/10/2015 11:00:00 AM,27,14,13
11/10/2015 10:00:00 AM,21,17,4
11/10/2015 09:00:00 AM,62,30,32
11/10/2015 08:00:00 AM,126,93,33
11/10/2015 07:00:00 AM,77,51,26
11/10/2015 06:00:00 AM,23,11,12
11/10/2015 05:00:00 AM,7,2,5
11/10/2015 04:00:00 AM,1,0,1
11/10/2015 03:00:00 AM,0,0,0
11/10/2015 02:00:00 AM,2,1,1
11/10/2015 01:00:00 AM,3,1,2
11/10/2015 12:00:00 AM,0,0,0
11/09/2015 11:00:00 PM,3,1,2
11/09/2015 10:00:00 PM,2,1,1
11/09/2015 09:00:00 PM,9,5,4
11/09/2015 08:00:00 PM,10,7,3
11/09/2015 07:00:00 PM,14,7,7
11/09/2015 06:00:00 PM,30,15,15
11/09/2015 05:00:00 PM,99,63,36
11/09/2015 04:00:00 PM,92,67,25
11/09/2015 03:00:00 PM,42,33,9
11/09/2015 02:00:00 PM,24,11,13
11/09/2015 01:00:00 PM,15,11,4
11/09/2015 12:00:00 PM,11,5,6
11/09/2015 11:00:00 AM,16,7,9
11/09/2015 10:00:00 AM,10,5,5
11/09/2015 09:00:00 AM,53,28,25
11/09/2015 08:00:00 AM,84,52,32
11/09/2015 07:00:00 AM,48,28,20
11/09/2015 06:00:00 AM,33,19,14
11/09/2015 05:00:00 AM,10,5,5
11/09/2015 04:00:00 AM,1,0,1
11/09/2015 03:00:00 AM,0,0,0
11/09/2015 02:00:00 AM,0,0,0
11/09/2015 01:00:00 AM,0,0,0
11/09/2015 12:00:00 AM,1,1,0
11/08/2015 11:00:00 PM,5,3,2
11/08/2015 10:00:00 PM,2,2,0
11/08/2015 09:00:00 PM,2,1,1
11/08/2015 08:00:00 PM,1,1,0
11/08/2015 07:00:00 PM,4,4,0
11/08/2015 06:00:00 PM,4,3,1
11/08/2015 05:00:00 PM,9,7,2
11/08/2015 04:00:00 PM,9,5,4
11/08/2015 03:00:00 PM,13,9,4
11/08/2015 02:00:00 PM,9,2,7
11/08/2015 01:00:00 PM,10,3,7
11/08/2015 12:00:00 PM,8,6,2
11/08/2015 11:00:00 AM,3,3,0
11/08/2015 10:00:00 AM,7,3,4
11/08/2015 09:00:00 AM,3,1,2
11/08/2015 08:00:00 AM,8,6,2
11/08/2015 07:00:00 AM,3,2,1
11/08/2015 06:00:00 AM,1,1,0
11/08/2015 05:00:00 AM,0,0,0
11/08/2015 04:00:00 AM,0,0,0
11/08/2015 03:00:00 AM,1,0,1
11/08/2015 02:00:00 AM,0,0,0
11/08/2015 01:00:00 AM,1,0,1
11/08/2015 12:00:00 AM,5,4,1
11/07/2015 11:00:00 PM,0,0,0
11/07/2015 10:00:00 PM,4,3,1
11/07/2015 09:00:00 PM,5,4,1
11/07/2015 08:00:00 PM,0,0,0
11/07/2015 07:00:00 PM,2,1,1
11/07/2015 06:00:00 PM,6,5,1
11/07/2015 05:00:00 PM,4,4,0
11/07/2015 04:00:00 PM,5,1,4
11/07/2015 03:00:00 PM,7,4,3
11/07/2015 02:00:00 PM,8,5,3
11/07/2015 01:00:00 PM,10,4,6
11/07/2015 12:00:00 PM,15,8,7
11/07/2015 11:00:00 AM,6,4,2
11/07/2015 10:00:00 AM,6,3,3
11/07/2015 09:00:00 AM,3,3,0
11/07/2015 08:00:00 AM,10,7,3
11/07/2015 07:00:00 AM,4,1,3
11/07/2015 06:00:00 AM,1,1,0
11/07/2015 05:00:00 AM,0,0,0
11/07/2015 04:00:00 AM,0,0,0
11/07/2015 03:00:00 AM,1,0,1
11/07/2015 02:00:00 AM,0,0,0
11/07/2015 01:00:00 AM,0,0,0
11/07/2015 12:00:00 AM,4,3,1
11/06/2015 11:00:00 PM,8,7,1
11/06/2015 10:00:00 PM,4,4,0
11/06/2015 09:00:00 PM,5,5,0
11/06/2015 08:00:00 PM,7,5,2
11/06/2015 07:00:00 PM,10,6,4
11/06/2015 06:00:00 PM,24,16,8
11/06/2015 05:00:00 PM,87,60,27
11/06/2015 04:00:00 PM,64,42,22
11/06/2015 03:00:00 PM,50,34,16
11/06/2015 02:00:00 PM,23,12,11
11/06/2015 01:00:00 PM,17,10,7
11/06/2015 12:00:00 PM,24,12,12
11/06/2015 11:00:00 AM,22,12,10
11/06/2015 10:00:00 AM,16,6,10
11/06/2015 09:00:00 AM,41,27,14
11/06/2015 08:00:00 AM,93,65,28
11/06/2015 07:00:00 AM,55,32,23
11/06/2015 06:00:00 AM,22,11,11
11/06/2015 05:00:00 AM,5,2,3
11/06/2015 04:00:00 AM,2,1,1
11/06/2015 03:00:00 AM,0,0,0
11/06/2015 02:00:00 AM,1,0,1
11/06/2015 01:00:00 AM,1,1,0
11/06/2015 12:00:00 AM,5,2,3
11/05/2015 11:00:00 PM,2,1,1
11/05/2015 10:00:00 PM,3,3,0
11/05/2015 09:00:00 PM,13,9,4
11/05/2015 08:00:00 PM,22,10,12
11/05/2015 07:00:00 PM,25,17,8
11/05/2015 06:00:00 PM,55,36,19
11/05/2015 05:00:00 PM,128,87,41
11/05/2015 04:00:00 PM,91,62,29
11/05/2015 03:00:00 PM,41,26,15
11/05/2015 02:00:00 PM,31,20,11
11/05/2015 01:00:00 PM,27,18,9
11/05/2015 12:00:00 PM,15,8,7
11/05/2015 11:00:00 AM,23,18,5
11/05/2015 10:00:00 AM,28,15,13
11/05/2015 09:00:00 AM,51,34,17
11/05/2015 08:00:00 AM,114,81,33
11/05/2015 07:00:00 AM,71,40,31
11/05/2015 06:00:00 AM,32,18,14
11/05/2015 05:00:00 AM,9,4,5
11/05/2015 04:00:00 AM,0,0,0
11/05/2015 03:00:00 AM,0,0,0
11/05/2015 02:00:00 AM,1,1,0
11/05/2015 01:00:00 AM,0,0,0
11/05/2015 12:00:00 AM,0,0,0
11/04/2015 11:00:00 PM,0,0,0
11/04/2015 10:00:00 PM,4,3,1
11/04/2015 09:00:00 PM,6,5,1
11/04/2015 08:00:00 PM,8,5,3
11/04/2015 07:00:00 PM,24,15,9
11/04/2015 06:00:00 PM,44,27,17
11/04/2015 05:00:00 PM,129,86,43
11/04/2015 04:00:00 PM,92,66,26
11/04/2015 03:00:00 PM,31,18,13
11/04/2015 02:00:00 PM,25,16,9
11/04/2015 01:00:00 PM,35,22,13
11/04/2015 12:00:00 PM,25,13,12
11/04/2015 11:00:00 AM,23,12,11
11/04/2015 10:00:00 AM,34,25,9
11/04/2015 09:00:00 AM,53,36,17
11/04/2015 08:00:00 AM,116,92,24
11/04/2015 07:00:00 AM,77,45,32
11/04/2015 06:00:00 AM,21,9,12
11/04/2015 05:00:00 AM,6,2,4
11/04/2015 04:00:00 AM,1,0,1
11/04/2015 03:00:00 AM,0,0,0
11/04/2015 02:00:00 AM,2,1,1
11/04/2015 01:00:00 AM,0,0,0
11/04/2015 12:00:00 AM,3,3,0
11/03/2015 11:00:00 PM,4,4,0
11/03/2015 10:00:00 PM,3,2,1
11/03/2015 09:00:00 PM,10,6,4
11/03/2015 08:00:00 PM,4,2,2
11/03/2015 07:00:00 PM,23,13,10
11/03/2015 06:00:00 PM,44,24,20
11/03/2015 05:00:00 PM,109,76,33
11/03/2015 04:00:00 PM,97,74,23
11/03/2015 03:00:00 PM,44,30,14
11/03/2015 02:00:00 PM,24,15,9
11/03/2015 01:00:00 PM,23,16,7
11/03/2015 12:00:00 PM,29,17,12
11/03/2015 11:00:00 AM,19,12,7
11/03/2015 10:00:00 AM,18,7,11
11/03/2015 09:00:00 AM,42,23,19
11/03/2015 08:00:00 AM,107,74,33
11/03/2015 07:00:00 AM,79,54,25
11/03/2015 06:00:00 AM,32,21,11
11/03/2015 05:00:00 AM,8,4,4
11/03/2015 04:00:00 AM,2,1,1
11/03/2015 03:00:00 AM,1,1,0
11/03/2015 02:00:00 AM,2,2,0
11/03/2015 01:00:00 AM,0,0,0
11/03/2015 12:00:00 AM,0,0,0
11/02/2015 11:00:00 PM,1,0,1
11/02/2015 10:00:00 PM,0,0,0
11/02/2015 09:00:00 PM,6,5,1
11/02/2015 08:00:00 PM,10,7,3
11/02/2015 07:00:00 PM,12,8,4
11/02/2015 06:00:00 PM,40,26,14
11/02/2015 05:00:00 PM,127,93,34
11/02/2015 04:00:00 PM,85,60,25
11/02/2015 03:00:00 PM,43,30,13
11/02/2015 02:00:00 PM,21,15,6
11/02/2015 01:00:00 PM,20,14,6
11/02/2015 12:00:00 PM,19,10,9
11/02/2015 11:00:00 AM,20,13,7
11/02/2015 10:00:00 AM,18,12,6
11/02/2015 09:00:00 AM,33,17,16
11/02/2015 08:00:00 AM,94,58,36
11/02/2015 07:00:00 AM,56,35,21
11/02/2015 06:00:00 AM,30,14,16
11/02/2015 05:00:00 AM,7,4,3
11/02/2015 04:00:00 AM,1,0,1
11/02/2015 03:00:00 AM,0,0,0
11/02/2015 02:00:00 AM,0,0,0
11/02/2015 01:00:00 AM,1,1,0
11/02/2015 12:00:00 AM,1,0,1
11/01/2015 11:00:00 PM,0,0,0
11/01/2015 10:00:00 PM,1,1,0
11/01/2015 09:00:00 PM,4,2,2
11/01/2015 08:00:00 PM,20,5,15
11/01/2015 07:00:00 PM,3,2,1
11/01/2015 06:00:00 PM,13,11,2
11/01/2015 05:00:00 PM,28,25,3
11/01/2015 04:00:00 PM,7,3,4
11/01/2015 03:00:00 PM,7,5,2
11/01/2015 02:00:00 PM,4,2,2
11/01/2015 01:00:00 PM,4,4,0
11/01/2015 12:00:00 PM,6,3,3
11/01/2015 11:00:00 AM,2,2,0
11/01/2015 10:00:00 AM,5,4,1
11/01/2015 09:00:00 AM,8,7,1
11/01/2015 08:00:00 AM,2,1,1
11/01/2015 07:00:00 AM,1,0,1
11/01/2015 06:00:00 AM,2,1,1
11/01/2015 05:00:00 AM,0,0,0
11/01/2015 04:00:00 AM,0,0,0
11/01/2015 03:00:00 AM,0,0,0
11/01/2015 02:00:00 AM,4,0,4
11/01/2015 01:00:00 AM,3,2,1
11/01/2015 12:00:00 AM,6,5,1
10/31/2015 11:00:00 PM,3,3,0
10/31/2015 10:00:00 PM,1,1,0
10/31/2015 09:00:00 PM,1,1,0
10/31/2015 08:00:00 PM,2,1,1
10/31/2015 07:00:00 PM,0,0,0
10/31/2015 06:00:00 PM,4,2,2
10/31/2015 05:00:00 PM,9,6,3
10/31/2015 04:00:00 PM,5,5,0
10/31/2015 03:00:00 PM,5,3,2
10/31/2015 02:00:00 PM,3,3,0
10/31/2015 01:00:00 PM,14,7,7
10/31/2015 12:00:00 PM,4,4,0
10/31/2015 11:00:00 AM,4,3,1
10/31/2015 10:00:00 AM,12,8,4
10/31/2015 09:00:00 AM,6,3,3
10/31/2015 08:00:00 AM,2,1,1
10/31/2015 07:00:00 AM,3,2,1
10/31/2015 06:00:00 AM,0,0,0
10/31/2015 05:00:00 AM,1,1,0
10/31/2015 04:00:00 AM,0,0,0
10/31/2015 03:00:00 AM,0,0,0
10/31/2015 02:00:00 AM,0,0,0
10/31/2015 01:00:00 AM,3,3,0
10/31/2015 12:00:00 AM,3,3,0
10/30/2015 11:00:00 PM,4,1,3
10/30/2015 10:00:00 PM,5,3,2
10/30/2015 09:00:00 PM,4,3,1
10/30/2015 08:00:00 PM,6,4,2
10/30/2015 07:00:00 PM,10,6,4
10/30/2015 06:00:00 PM,27,19,8
10/30/2015 05:00:00 PM,68,43,25
10/30/2015 04:00:00 PM,59,40,19
10/30/2015 03:00:00 PM,41,30,11
10/30/2015 02:00:00 PM,21,10,11
10/30/2015 01:00:00 PM,24,14,10
10/30/2015 12:00:00 PM,31,15,16
10/30/2015 11:00:00 AM,23,16,7
10/30/2015 10:00:00 AM,28,19,9
10/30/2015 09:00:00 AM,35,17,18
10/30/2015 08:00:00 AM,58,39,19
10/30/2015 07:00:00 AM,33,22,11
10/30/2015 06:00:00 AM,14,8,6
10/30/2015 05:00:00 AM,3,2,1
10/30/2015 04:00:00 AM,0,0,0
10/30/2015 03:00:00 AM,0,0,0
10/30/2015 02:00:00 AM,1,0,1
10/30/2015 01:00:00 AM,0,0,0
10/30/2015 12:00:00 AM,5,3,2
10/29/2015 11:00:00 PM,2,0,2
10/29/2015 10:00:00 PM,5,3,2
10/29/2015 09:00:00 PM,6,5,1
10/29/2015 08:00:00 PM,4,4,0
10/29/2015 07:00:00 PM,24,18,6
10/29/2015 06:00:00 PM,43,21,22
10/29/2015 05:00:00 PM,130,83,47
10/29/2015 04:00:00 PM,77,58,19
10/29/2015 03:00:00 PM,42,28,14
10/29/2015 02:00:00 PM,20,12,8
10/29/2015 01:00:00 PM,23,15,8
10/29/2015 12:00:00 PM,23,15,8
10/29/2015 11:00:00 AM,25,18,7
10/29/2015 10:00:00 AM,32,19,13
10/29/2015 09:00:00 AM,44,31,13
10/29/2015 08:00:00 AM,101,71,30
10/29/2015 07:00:00 AM,57,35,22
10/29/2015 06:00:00 AM,24,11,13
10/29/2015 05:00:00 AM,6,3,3
10/29/2015 04:00:00 AM,2,0,2
10/29/2015 03:00:00 AM,0,0,0
10/29/2015 02:00:00 AM,3,3,0
10/29/2015 01:00:00 AM,2,0,2
10/29/2015 12:00:00 AM,3,1,2
10/28/2015 11:00:00 PM,4,3,1
10/28/2015 10:00:00 PM,7,4,3
10/28/2015 09:00:00 PM,25,3,22
10/28/2015 08:00:00 PM,5,5,0
10/28/2015 07:00:00 PM,20,12,8
10/28/2015 06:00:00 PM,62,46,16
10/28/2015 05:00:00 PM,125,92,33
10/28/2015 04:00:00 PM,74,58,16
10/28/2015 03:00:00 PM,35,22,13
10/28/2015 02:00:00 PM,25,19,6
10/28/2015 01:00:00 PM,21,13,8
10/28/2015 12:00:00 PM,27,16,11
10/28/2015 11:00:00 AM,15,8,7
10/28/2015 10:00:00 AM,23,13,10
10/28/2015 09:00:00 AM,34,22,12
10/28/2015 08:00:00 AM,100,72,28
10/28/2015 07:00:00 AM,50,37,13
10/28/2015 06:00:00 AM,25,11,14
10/28/2015 05:00:00 AM,5,2,3
10/28/2015 04:00:00 AM,2,1,1
10/28/2015 03:00:00 AM,2,2,0
10/28/2015 02:00:00 AM,1,0,1
10/28/2015 01:00:00 AM,1,0,1
10/28/2015 12:00:00 AM,5,4,1
10/27/2015 11:00:00 PM,9,4,5
10/27/2015 10:00:00 PM,7,5,2
10/27/2015 09:00:00 PM,9,4,5
10/27/2015 08:00:00 PM,12,7,5
10/27/2015 07:00:00 PM,26,20,6
10/27/2015 06:00:00 PM,57,29,28
10/27/2015 05:00:00 PM,159,103,56
10/27/2015 04:00:00 PM,91,61,30
10/27/2015 03:00:00 PM,29,19,10
10/27/2015 02:00:00 PM,35,22,13
10/27/2015 01:00:00 PM,29,14,15
10/27/2015 12:00:00 PM,22,17,5
10/27/2015 11:00:00 AM,28,18,10
10/27/2015 10:00:00 AM,20,16,4
10/27/2015 09:00:00 AM,63,37,26
10/27/2015 08:00:00 AM,113,79,34
10/27/2015 07:00:00 AM,60,36,24
10/27/2015 06:00:00 AM,31,19,12
10/27/2015 05:00:00 AM,7,2,5
10/27/2015 04:00:00 AM,1,0,1
10/27/2015 03:00:00 AM,1,0,1
10/27/2015 02:00:00 AM,2,0,2
10/27/2015 01:00:00 AM,0,0,0
10/27/2015 12:00:00 AM,2,1,1
10/26/2015 11:00:00 PM,4,3,1
10/26/2015 10:00:00 PM,3,1,2
10/26/2015 09:00:00 PM,4,4,0
10/26/2015 08:00:00 PM,6,5,1
10/26/2015 07:00:00 PM,19,9,10
10/26/2015 06:00:00 PM,36,17,19
10/26/2015 05:00:00 PM,101,63,38
10/26/2015 04:00:00 PM,67,45,22
10/26/2015 03:00:00 PM,29,17,12
10/26/2015 02:00:00 PM,20,11,9
10/26/2015 01:00:00 PM,22,17,5
10/26/2015 12:00:00 PM,13,6,7
10/26/2015 11:00:00 AM,18,13,5
10/26/2015 10:00:00 AM,19,10,9
10/26/2015 09:00:00 AM,42,23,19
10/26/2015 08:00:00 AM,80,58,22
10/26/2015 07:00:00 AM,41,24,17
10/26/2015 06:00:00 AM,20,10,10
10/26/2015 05:00:00 AM,8,6,2
10/26/2015 04:00:00 AM,1,0,1
10/26/2015 03:00:00 AM,0,0,0
10/26/2015 02:00:00 AM,2,2,0
10/26/2015 01:00:00 AM,1,1,0
10/26/2015 12:00:00 AM,1,1,0
10/25/2015 11:00:00 PM,3,2,1
10/25/2015 10:00:00 PM,2,2,0
10/25/2015 09:00:00 PM,4,3,1
10/25/2015 08:00:00 PM,6,5,1
10/25/2015 07:00:00 PM,9,5,4
10/25/2015 06:00:00 PM,23,2,21
10/25/2015 05:00:00 PM,9,7,2
10/25/2015 04:00:00 PM,13,10,3
10/25/2015 03:00:00 PM,25,19,6
10/25/2015 02:00:00 PM,29,24,5
10/25/2015 01:00:00 PM,14,10,4
10/25/2015 12:00:00 PM,14,7,7
10/25/2015 11:00:00 AM,13,11,2
10/25/2015 10:00:00 AM,13,7,6
10/25/2015 09:00:00 AM,8,5,3
10/25/2015 08:00:00 AM,4,2,2
10/25/2015 07:00:00 AM,7,6,1
10/25/2015 06:00:00 AM,3,2,1
10/25/2015 05:00:00 AM,1,1,0
10/25/2015 04:00:00 AM,1,0,1
10/25/2015 03:00:00 AM,0,0,0
10/25/2015 02:00:00 AM,0,0,0
10/25/2015 01:00:00 AM,2,1,1
10/25/2015 12:00:00 AM,6,3,3
10/24/2015 11:00:00 PM,2,1,1
10/24/2015 10:00:00 PM,17,5,12
10/24/2015 09:00:00 PM,5,2,3
10/24/2015 08:00:00 PM,4,4,0
10/24/2015 07:00:00 PM,6,4,2
10/24/2015 06:00:00 PM,16,12,4
10/24/2015 05:00:00 PM,6,3,3
10/24/2015 04:00:00 PM,19,11,8
10/24/2015 03:00:00 PM,19,11,8
10/24/2015 02:00:00 PM,9,7,2
10/24/2015 01:00:00 PM,21,12,9
10/24/2015 12:00:00 PM,10,5,5
10/24/2015 11:00:00 AM,10,7,3
10/24/2015 10:00:00 AM,14,8,6
10/24/2015 09:00:00 AM,11,7,4
10/24/2015 08:00:00 AM,11,9,2
10/24/2015 07:00:00 AM,9,5,4
10/24/2015 06:00:00 AM,7,4,3
10/24/2015 05:00:00 AM,1,1,0
10/24/2015 04:00:00 AM,0,0,0
10/24/2015 03:00:00 AM,1,1,0
10/24/2015 02:00:00 AM,1,1,0
10/24/2015 01:00:00 AM,2,1,1
10/24/2015 12:00:00 AM,3,2,1
10/23/2015 11:00:00 PM,4,3,1
10/23/2015 10:00:00 PM,12,10,2
10/23/2015 09:00:00 PM,5,3,2
10/23/2015 08:00:00 PM,8,6,2
10/23/2015 07:00:00 PM,11,6,5
10/23/2015 06:00:00 PM,44,30,14
10/23/2015 05:00:00 PM,101,68,33
10/23/2015 04:00:00 PM,81,57,24
10/23/2015 03:00:00 PM,57,42,15
10/23/2015 02:00:00 PM,30,24,6
10/23/2015 01:00:00 PM,53,32,21
10/23/2015 12:00:00 PM,22,12,10
10/23/2015 11:00:00 AM,30,16,14
10/23/2015 10:00:00 AM,32,22,10
10/23/2015 09:00:00 AM,37,25,12
10/23/2015 08:00:00 AM,99,67,32
10/23/2015 07:00:00 AM,45,29,16
10/23/2015 06:00:00 AM,28,14,14
10/23/2015 05:00:00 AM,5,2,3
10/23/2015 04:00:00 AM,2,0,2
10/23/2015 03:00:00 AM,0,0,0
10/23/2015 02:00:00 AM,2,1,1
10/23/2015 01:00:00 AM,1,1,0
10/23/2015 12:00:00 AM,2,1,1
10/22/2015 11:00:00 PM,4,0,4
10/22/2015 10:00:00 PM,7,6,1
10/22/2015 09:00:00 PM,11,10,1
10/22/2015 08:00:00 PM,14,9,5
10/22/2015 07:00:00 PM,22,14,8
10/22/2015 06:00:00 PM,49,34,15
10/22/2015 05:00:00 PM,125,82,43
10/22/2015 04:00:00 PM,100,69,31
10/22/2015 03:00:00 PM,33,21,12
10/22/2015 02:00:00 PM,39,25,14
10/22/2015 01:00:00 PM,35,21,14
10/22/2015 12:00:00 PM,20,11,9
10/22/2015 11:00:00 AM,28,20,8
10/22/2015 10:00:00 AM,22,13,9
10/22/2015 09:00:00 AM,45,26,19
10/22/2015 08:00:00 AM,113,83,30
10/22/2015 07:00:00 AM,71,48,23
10/22/2015 06:00:00 AM,24,11,13
10/22/2015 05:00:00 AM,6,2,4
10/22/2015 04:00:00 AM,1,0,1
10/22/2015 03:00:00 AM,1,1,0
10/22/2015 02:00:00 AM,2,1,1
10/22/2015 01:00:00 AM,1,0,1
10/22/2015 12:00:00 AM,3,2,1
10/21/2015 11:00:00 PM,2,1,1
10/21/2015 10:00:00 PM,5,2,3
10/21/2015 09:00:00 PM,18,4,14
10/21/2015 08:00:00 PM,12,5,7
10/21/2015 07:00:00 PM,26,19,7
10/21/2015 06:00:00 PM,69,55,14
10/21/2015 05:00:00 PM,164,105,59
10/21/2015 04:00:00 PM,100,79,21
10/21/2015 03:00:00 PM,39,25,14
10/21/2015 02:00:00 PM,38,23,15
10/21/2015 01:00:00 PM,33,23,10
10/21/2015 12:00:00 PM,22,16,6
10/21/2015 11:00:00 AM,21,11,10
10/21/2015 10:00:00 AM,23,16,7
10/21/2015 09:00:00 AM,60,32,28
10/21/2015 08:00:00 AM,111,77,34
10/21/2015 07:00:00 AM,67,46,21
10/21/2015 06:00:00 AM,30,17,13
10/21/2015 05:00:00 AM,11,5,6
10/21/2015 04:00:00 AM,1,0,1
10/21/2015 03:00:00 AM,1,1,0
10/21/2015 02:00:00 AM,2,0,2
10/21/2015 01:00:00 AM,2,2,0
10/21/2015 12:00:00 AM,5,4,1
10/20/2015 11:00:00 PM,3,3,0
10/20/2015 10:00:00 PM,7,4,3
10/20/2015 09:00:00 PM,7,2,5
10/20/2015 08:00:00 PM,12,7,5
10/20/2015 07:00:00 PM,21,10,11
10/20/2015 06:00:00 PM,75,37,38
10/20/2015 05:00:00 PM,136,102,34
10/20/2015 04:00:00 PM,81,59,22
10/20/2015 03:00:00 PM,53,38,15
10/20/2015 02:00:00 PM,34,21,13
10/20/2015 01:00:00 PM,33,23,10
10/20/2015 12:00:00 PM,24,12,12
10/20/2015 11:00:00 AM,22,14,8
10/20/2015 10:00:00 AM,36,25,11
10/20/2015 09:00:00 AM,62,35,27
10/20/2015 08:00:00 AM,131,86,45
10/20/2015 07:00:00 AM,63,42,21
10/20/2015 06:00:00 AM,33,19,14
10/20/2015 05:00:00 AM,8,2,6
10/20/2015 04:00:00 AM,1,0,1
10/20/2015 03:00:00 AM,1,1,0
10/20/2015 02:00:00 AM,4,2,2
10/20/2015 01:00:00 AM,1,1,0
10/20/2015 12:00:00 AM,1,1,0
10/19/2015 11:00:00 PM,4,1,3
10/19/2015 10:00:00 PM,3,3,0
10/19/2015 09:00:00 PM,10,7,3
10/19/2015 08:00:00 PM,2,1,1
10/19/2015 07:00:00 PM,18,11,7
10/19/2015 06:00:00 PM,43,23,20
10/19/2015 05:00:00 PM,114,71,43
10/19/2015 04:00:00 PM,97,67,30
10/19/2015 03:00:00 PM,36,26,10
10/19/2015 02:00:00 PM,28,19,9
10/19/2015 01:00:00 PM,23,14,9
10/19/2015 12:00:00 PM,20,13,7
10/19/2015 11:00:00 AM,20,14,6
10/19/2015 10:00:00 AM,21,16,5
10/19/2015 09:00:00 AM,49,31,18
10/19/2015 08:00:00 AM,96,62,34
10/19/2015 07:00:00 AM,53,35,18
10/19/2015 06:00:00 AM,26,14,12
10/19/2015 05:00:00 AM,13,7,6
10/19/2015 04:00:00 AM,0,0,0
10/19/2015 03:00:00 AM,1,1,0
10/19/2015 02:00:00 AM,2,1,1
10/19/2015 01:00:00 AM,0,0,0
10/19/2015 12:00:00 AM,3,1,2
10/18/2015 11:00:00 PM,1,0,1
10/18/2015 10:00:00 PM,1,1,0
10/18/2015 09:00:00 PM,7,6,1
10/18/2015 08:00:00 PM,4,3,1
10/18/2015 07:00:00 PM,10,6,4
10/18/2015 06:00:00 PM,16,8,8
10/18/2015 05:00:00 PM,12,5,7
10/18/2015 04:00:00 PM,12,5,7
10/18/2015 03:00:00 PM,8,7,1
10/18/2015 02:00:00 PM,7,3,4
10/18/2015 01:00:00 PM,10,5,5
10/18/2015 12:00:00 PM,11,9,2
10/18/2015 11:00:00 AM,14,9,5
10/18/2015 10:00:00 AM,13,10,3
10/18/2015 09:00:00 AM,10,10,0
10/18/2015 08:00:00 AM,9,8,1
10/18/2015 07:00:00 AM,3,2,1
10/18/2015 06:00:00 AM,1,0,1
10/18/2015 05:00:00 AM,2,1,1
10/18/2015 04:00:00 AM,2,1,1
10/18/2015 03:00:00 AM,0,0,0
10/18/2015 02:00:00 AM,0,0,0
10/18/2015 01:00:00 AM,2,2,0
10/18/2015 12:00:00 AM,5,4,1
10/17/2015 11:00:00 PM,3,2,1
10/17/2015 10:00:00 PM,4,3,1
10/17/2015 09:00:00 PM,4,1,3
10/17/2015 08:00:00 PM,2,2,0
10/17/2015 07:00:00 PM,7,4,3
10/17/2015 06:00:00 PM,12,7,5
10/17/2015 05:00:00 PM,8,6,2
10/17/2015 04:00:00 PM,21,12,9
10/17/2015 03:00:00 PM,17,10,7
10/17/2015 02:00:00 PM,9,5,4
10/17/2015 01:00:00 PM,11,5,6
10/17/2015 12:00:00 PM,25,24,1
10/17/2015 11:00:00 AM,11,7,4
10/17/2015 10:00:00 AM,14,13,1
10/17/2015 09:00:00 AM,9,8,1
10/17/2015 08:00:00 AM,10,7,3
10/17/2015 07:00:00 AM,2,2,0
10/17/2015 06:00:00 AM,5,0,5
10/17/2015 05:00:00 AM,2,2,0
10/17/2015 04:00:00 AM,0,0,0
10/17/2015 03:00:00 AM,0,0,0
10/17/2015 02:00:00 AM,0,0,0
10/17/2015 01:00:00 AM,1,1,0
10/17/2015 12:00:00 AM,3,3,0
10/16/2015 11:00:00 PM,7,4,3
10/16/2015 10:00:00 PM,7,4,3
10/16/2015 09:00:00 PM,9,6,3
10/16/2015 08:00:00 PM,8,5,3
10/16/2015 07:00:00 PM,22,13,9
10/16/2015 06:00:00 PM,51,30,21
10/16/2015 05:00:00 PM,114,78,36
10/16/2015 04:00:00 PM,96,62,34
10/16/2015 03:00:00 PM,43,25,18
10/16/2015 02:00:00 PM,51,32,19
10/16/2015 01:00:00 PM,27,16,11
10/16/2015 12:00:00 PM,30,14,16
10/16/2015 11:00:00 AM,26,18,8
10/16/2015 10:00:00 AM,33,19,14
10/16/2015 09:00:00 AM,37,22,15
10/16/2015 08:00:00 AM,102,64,38
10/16/2015 07:00:00 AM,56,43,13
10/16/2015 06:00:00 AM,21,9,12
10/16/2015 05:00:00 AM,6,3,3
10/16/2015 04:00:00 AM,0,0,0
10/16/2015 03:00:00 AM,0,0,0
10/16/2015 02:00:00 AM,1,0,1
10/16/2015 01:00:00 AM,0,0,0
10/16/2015 12:00:00 AM,0,0,0
10/15/2015 11:00:00 PM,1,0,1
10/15/2015 10:00:00 PM,4,3,1
10/15/2015 09:00:00 PM,3,3,0
10/15/2015 08:00:00 PM,16,10,6
10/15/2015 07:00:00 PM,22,13,9
10/15/2015 06:00:00 PM,59,37,22
10/15/2015 05:00:00 PM,139,86,53
10/15/2015 04:00:00 PM,88,72,16
10/15/2015 03:00:00 PM,48,38,10
10/15/2015 02:00:00 PM,34,19,15
10/15/2015 01:00:00 PM,31,24,7
10/15/2015 12:00:00 PM,34,21,13
10/15/2015 11:00:00 AM,29,13,16
10/15/2015 10:00:00 AM,32,25,7
10/15/2015 09:00:00 AM,54,32,22
10/15/2015 08:00:00 AM,108,70,38
10/15/2015 07:00:00 AM,71,54,17
10/15/2015 06:00:00 AM,27,15,12
10/15/2015 05:00:00 AM,9,5,4
10/15/2015 04:00:00 AM,0,0,0
10/15/2015 03:00:00 AM,0,0,0
10/15/2015 02:00:00 AM,1,0,1
10/15/2015 01:00:00 AM,0,0,0
10/15/2015 12:00:00 AM,2,0,2
10/14/2015 11:00:00 PM,3,2,1
10/14/2015 10:00:00 PM,2,2,0
10/14/2015 09:00:00 PM,12,9,3
10/14/2015 08:00:00 PM,15,7,8
10/14/2015 07:00:00 PM,25,15,10
10/14/2015 06:00:00 PM,84,53,31
10/14/2015 05:00:00 PM,160,120,40
10/14/2015 04:00:00 PM,85,62,23
10/14/2015 03:00:00 PM,44,35,9
10/14/2015 02:00:00 PM,35,26,9
10/14/2015 01:00:00 PM,31,20,11
10/14/2015 12:00:00 PM,22,11,11
10/14/2015 11:00:00 AM,32,22,10
10/14/2015 10:00:00 AM,27,14,13
10/14/2015 09:00:00 AM,57,31,26
10/14/2015 08:00:00 AM,110,72,38
10/14/2015 07:00:00 AM,81,56,25
10/14/2015 06:00:00 AM,37,19,18
10/14/2015 05:00:00 AM,13,4,9
10/14/2015 04:00:00 AM,0,0,0
10/14/2015 03:00:00 AM,1,1,0
10/14/2015 02:00:00 AM,2,1,1
10/14/2015 01:00:00 AM,0,0,0
10/14/2015 12:00:00 AM,3,3,0
10/13/2015 11:00:00 PM,1,0,1
10/13/2015 10:00:00 PM,7,2,5
10/13/2015 09:00:00 PM,8,6,2
10/13/2015 08:00:00 PM,13,5,8
10/13/2015 07:00:00 PM,11,7,4
10/13/2015 06:00:00 PM,57,34,23
10/13/2015 05:00:00 PM,135,94,41
10/13/2015 04:00:00 PM,88,58,30
10/13/2015 03:00:00 PM,50,34,16
10/13/2015 02:00:00 PM,33,21,12
10/13/2015 01:00:00 PM,20,12,8
10/13/2015 12:00:00 PM,25,13,12
10/13/2015 11:00:00 AM,26,15,11
10/13/2015 10:00:00 AM,24,10,14
10/13/2015 09:00:00 AM,48,26,22
10/13/2015 08:00:00 AM,109,68,41
10/13/2015 07:00:00 AM,80,55,25
10/13/2015 06:00:00 AM,32,17,15
10/13/2015 05:00:00 AM,9,3,6
10/13/2015 04:00:00 AM,0,0,0
10/13/2015 03:00:00 AM,0,0,0
10/13/2015 02:00:00 AM,3,1,2
10/13/2015 01:00:00 AM,1,1,0
10/13/2015 12:00:00 AM,2,2,0
10/12/2015 11:00:00 PM,2,0,2
10/12/2015 10:00:00 PM,10,5,5
10/12/2015 09:00:00 PM,7,5,2
10/12/2015 08:00:00 PM,11,7,4
10/12/2015 07:00:00 PM,17,8,9
10/12/2015 06:00:00 PM,33,21,12
10/12/2015 05:00:00 PM,164,119,45
10/12/2015 04:00:00 PM,94,62,32
10/12/2015 03:00:00 PM,37,25,12
10/12/2015 02:00:00 PM,33,21,12
10/12/2015 01:00:00 PM,18,11,7
10/12/2015 12:00:00 PM,32,18,14
10/12/2015 11:00:00 AM,16,10,6
10/12/2015 10:00:00 AM,20,9,11
10/12/2015 09:00:00 AM,39,24,15
10/12/2015 08:00:00 AM,121,80,41
10/12/2015 07:00:00 AM,68,42,26
10/12/2015 06:00:00 AM,35,18,17
10/12/2015 05:00:00 AM,11,4,7
10/12/2015 04:00:00 AM,3,2,1
10/12/2015 03:00:00 AM,0,0,0
10/12/2015 02:00:00 AM,1,1,0
10/12/2015 01:00:00 AM,0,0,0
10/12/2015 12:00:00 AM,1,1,0
10/11/2015 11:00:00 PM,3,0,3
10/11/2015 10:00:00 PM,7,4,3
10/11/2015 09:00:00 PM,5,2,3
10/11/2015 08:00:00 PM,7,4,3
10/11/2015 07:00:00 PM,4,2,2
10/11/2015 06:00:00 PM,12,7,5
10/11/2015 05:00:00 PM,10,6,4
10/11/2015 04:00:00 PM,27,15,12
10/11/2015 03:00:00 PM,18,14,4
10/11/2015 02:00:00 PM,25,16,9
10/11/2015 01:00:00 PM,14,5,9
10/11/2015 12:00:00 PM,11,10,1
10/11/2015 11:00:00 AM,21,12,9
10/11/2015 10:00:00 AM,5,3,2
10/11/2015 09:00:00 AM,9,7,2
10/11/2015 08:00:00 AM,4,2,2
10/11/2015 07:00:00 AM,1,1,0
10/11/2015 06:00:00 AM,2,1,1
10/11/2015 05:00:00 AM,0,0,0
10/11/2015 04:00:00 AM,0,0,0
10/11/2015 03:00:00 AM,1,1,0
10/11/2015 02:00:00 AM,0,0,0
10/11/2015 01:00:00 AM,1,1,0
10/11/2015 12:00:00 AM,4,3,1
10/10/2015 11:00:00 PM,4,4,0
10/10/2015 10:00:00 PM,4,3,1
10/10/2015 09:00:00 PM,8,6,2
10/10/2015 08:00:00 PM,4,3,1
10/10/2015 07:00:00 PM,5,2,3
10/10/2015 06:00:00 PM,4,3,1
10/10/2015 05:00:00 PM,7,6,1
10/10/2015 04:00:00 PM,8,3,5
10/10/2015 03:00:00 PM,4,3,1
10/10/2015 02:00:00 PM,13,8,5
10/10/2015 01:00:00 PM,8,6,2
10/10/2015 12:00:00 PM,8,4,4
10/10/2015 11:00:00 AM,1,1,0
10/10/2015 10:00:00 AM,6,6,0
10/10/2015 09:00:00 AM,5,1,4
10/10/2015 08:00:00 AM,8,5,3
10/10/2015 07:00:00 AM,2,1,1
10/10/2015 06:00:00 AM,4,2,2
10/10/2015 05:00:00 AM,0,0,0
10/10/2015 04:00:00 AM,1,1,0
10/10/2015 03:00:00 AM,1,0,1
10/10/2015 02:00:00 AM,1,0,1
10/10/2015 01:00:00 AM,2,2,0
10/10/2015 12:00:00 AM,7,6,1
10/09/2015 11:00:00 PM,5,3,2
10/09/2015 10:00:00 PM,5,2,3
10/09/2015 09:00:00 PM,8,6,2
10/09/2015 08:00:00 PM,11,4,7
10/09/2015 07:00:00 PM,22,9,13
10/09/2015 06:00:00 PM,37,28,9
10/09/2015 05:00:00 PM,101,71,30
10/09/2015 04:00:00 PM,88,62,26
10/09/2015 03:00:00 PM,47,31,16
10/09/2015 02:00:00 PM,40,20,20
10/09/2015 01:00:00 PM,27,21,6
10/09/2015 12:00:00 PM,30,16,14
10/09/2015 11:00:00 AM,28,15,13
10/09/2015 10:00:00 AM,27,19,8
10/09/2015 09:00:00 AM,49,27,22
10/09/2015 08:00:00 AM,94,64,30
10/09/2015 07:00:00 AM,42,27,15
10/09/2015 06:00:00 AM,27,12,15
10/09/2015 05:00:00 AM,8,2,6
10/09/2015 04:00:00 AM,0,0,0
10/09/2015 03:00:00 AM,1,0,1
10/09/2015 02:00:00 AM,1,0,1
10/09/2015 01:00:00 AM,1,0,1
10/09/2015 12:00:00 AM,2,1,1
10/08/2015 11:00:00 PM,8,2,6
10/08/2015 10:00:00 PM,6,3,3
10/08/2015 09:00:00 PM,9,9,0
10/08/2015 08:00:00 PM,18,14,4
10/08/2015 07:00:00 PM,25,16,9
10/08/2015 06:00:00 PM,54,33,21
10/08/2015 05:00:00 PM,134,86,48
10/08/2015 04:00:00 PM,87,56,31
10/08/2015 03:00:00 PM,55,36,19
10/08/2015 02:00:00 PM,39,24,15
10/08/2015 01:00:00 PM,36,24,12
10/08/2015 12:00:00 PM,26,17,9
10/08/2015 11:00:00 AM,30,18,12
10/08/2015 10:00:00 AM,23,14,9
10/08/2015 09:00:00 AM,68,36,32
10/08/2015 08:00:00 AM,110,71,39
10/08/2015 07:00:00 AM,61,38,23
10/08/2015 06:00:00 AM,26,12,14
10/08/2015 05:00:00 AM,9,2,7
10/08/2015 04:00:00 AM,0,0,0
10/08/2015 03:00:00 AM,0,0,0
10/08/2015 02:00:00 AM,1,0,1
10/08/2015 01:00:00 AM,1,1,0
10/08/2015 12:00:00 AM,5,4,1
10/07/2015 11:00:00 PM,3,3,0
10/07/2015 10:00:00 PM,3,0,3
10/07/2015 09:00:00 PM,7,4,3
10/07/2015 08:00:00 PM,4,4,0
10/07/2015 07:00:00 PM,13,8,5
10/07/2015 06:00:00 PM,39,23,16
10/07/2015 05:00:00 PM,102,72,30
10/07/2015 04:00:00 PM,68,53,15
10/07/2015 03:00:00 PM,32,25,7
10/07/2015 02:00:00 PM,16,9,7
10/07/2015 01:00:00 PM,19,13,6
10/07/2015 12:00:00 PM,14,8,6
10/07/2015 11:00:00 AM,19,10,9
10/07/2015 10:00:00 AM,22,9,13
10/07/2015 09:00:00 AM,40,23,17
10/07/2015 08:00:00 AM,66,40,26
10/07/2015 07:00:00 AM,49,32,17
10/07/2015 06:00:00 AM,28,16,12
10/07/2015 05:00:00 AM,10,1,9
10/07/2015 04:00:00 AM,0,0,0
10/07/2015 03:00:00 AM,0,0,0
10/07/2015 02:00:00 AM,2,0,2
10/07/2015 01:00:00 AM,1,1,0
10/07/2015 12:00:00 AM,2,2,0
10/06/2015 11:00:00 PM,2,0,2
10/06/2015 10:00:00 PM,9,7,2
10/06/2015 09:00:00 PM,8,6,2
10/06/2015 08:00:00 PM,8,4,4
10/06/2015 07:00:00 PM,20,13,7
10/06/2015 06:00:00 PM,62,37,25
10/06/2015 05:00:00 PM,152,103,49
10/06/2015 04:00:00 PM,106,75,31
10/06/2015 03:00:00 PM,56,41,15
10/06/2015 02:00:00 PM,40,25,15
10/06/2015 01:00:00 PM,38,27,11
10/06/2015 12:00:00 PM,25,13,12
10/06/2015 11:00:00 AM,26,19,7
10/06/2015 10:00:00 AM,24,14,10
10/06/2015 09:00:00 AM,54,42,12
10/06/2015 08:00:00 AM,122,84,38
10/06/2015 07:00:00 AM,88,52,36
10/06/2015 06:00:00 AM,42,29,13
10/06/2015 05:00:00 AM,14,5,9
10/06/2015 04:00:00 AM,4,2,2
10/06/2015 03:00:00 AM,0,0,0
10/06/2015 02:00:00 AM,1,0,1
10/06/2015 01:00:00 AM,0,0,0
10/06/2015 12:00:00 AM,2,1,1
10/05/2015 11:00:00 PM,6,4,2
10/05/2015 10:00:00 PM,3,2,1
10/05/2015 09:00:00 PM,17,9,8
10/05/2015 08:00:00 PM,32,9,23
10/05/2015 07:00:00 PM,19,11,8
10/05/2015 06:00:00 PM,49,25,24
10/05/2015 05:00:00 PM,158,91,67
10/05/2015 04:00:00 PM,140,109,31
10/05/2015 03:00:00 PM,73,56,17
10/05/2015 02:00:00 PM,54,43,11
10/05/2015 01:00:00 PM,32,19,13
10/05/2015 12:00:00 PM,21,11,10
10/05/2015 11:00:00 AM,35,30,5
10/05/2015 10:00:00 AM,35,16,19
10/05/2015 09:00:00 AM,49,31,18
10/05/2015 08:00:00 AM,117,64,53
10/05/2015 07:00:00 AM,86,56,30
10/05/2015 06:00:00 AM,32,16,16
10/05/2015 05:00:00 AM,11,3,8
10/05/2015 04:00:00 AM,0,0,0
10/05/2015 03:00:00 AM,0,0,0
10/05/2015 02:00:00 AM,1,1,0
10/05/2015 01:00:00 AM,0,0,0
10/05/2015 12:00:00 AM,1,0,1
10/04/2015 11:00:00 PM,6,2,4
10/04/2015 10:00:00 PM,2,1,1
10/04/2015 09:00:00 PM,11,4,7
10/04/2015 08:00:00 PM,42,4,38
10/04/2015 07:00:00 PM,11,10,1
10/04/2015 06:00:00 PM,31,29,2
10/04/2015 05:00:00 PM,43,36,7
10/04/2015 04:00:00 PM,44,30,14
10/04/2015 03:00:00 PM,32,17,15
10/04/2015 02:00:00 PM,26,19,7
10/04/2015 01:00:00 PM,12,7,5
10/04/2015 12:00:00 PM,18,15,3
10/04/2015 11:00:00 AM,29,25,4
10/04/2015 10:00:00 AM,13,8,5
10/04/2015 09:00:00 AM,13,7,6
10/04/2015 08:00:00 AM,4,4,0
10/04/2015 07:00:00 AM,4,1,3
10/04/2015 06:00:00 AM,2,1,1
10/04/2015 05:00:00 AM,3,2,1
10/04/2015 04:00:00 AM,0,0,0
10/04/2015 03:00:00 AM,2,2,0
10/04/2015 02:00:00 AM,2,2,0
10/04/2015 01:00:00 AM,1,1,0
10/04/2015 12:00:00 AM,7,4,3
10/03/2015 11:00:00 PM,5,3,2
10/03/2015 10:00:00 PM,9,5,4
10/03/2015 09:00:00 PM,14,9,5
10/03/2015 08:00:00 PM,5,4,1
10/03/2015 07:00:00 PM,19,14,5
10/03/2015 06:00:00 PM,7,6,1
10/03/2015 05:00:00 PM,12,9,3
10/03/2015 04:00:00 PM,31,23,8
10/03/2015 03:00:00 PM,24,13,11
10/03/2015 02:00:00 PM,22,18,4
10/03/2015 01:00:00 PM,19,15,4
10/03/2015 12:00:00 PM,13,8,5
10/03/2015 11:00:00 AM,15,10,5
10/03/2015 10:00:00 AM,7,5,2
10/03/2015 09:00:00 AM,9,6,3
10/03/2015 08:00:00 AM,17,9,8
10/03/2015 07:00:00 AM,4,3,1
10/03/2015 06:00:00 AM,3,2,1
10/03/2015 05:00:00 AM,0,0,0
10/03/2015 04:00:00 AM,1,0,1
10/03/2015 03:00:00 AM,1,0,1
10/03/2015 02:00:00 AM,0,0,0
10/03/2015 01:00:00 AM,0,0,0
10/03/2015 12:00:00 AM,6,4,2
10/02/2015 11:00:00 PM,4,3,1
10/02/2015 10:00:00 PM,10,3,7
10/02/2015 09:00:00 PM,11,9,2
10/02/2015 08:00:00 PM,9,5,4
10/02/2015 07:00:00 PM,26,13,13
10/02/2015 06:00:00 PM,50,30,20
10/02/2015 05:00:00 PM,91,68,23
10/02/2015 04:00:00 PM,84,67,17
10/02/2015 03:00:00 PM,56,35,21
10/02/2015 02:00:00 PM,45,32,13
10/02/2015 01:00:00 PM,21,17,4
10/02/2015 12:00:00 PM,25,15,10
10/02/2015 11:00:00 AM,21,11,10
10/02/2015 10:00:00 AM,28,15,13
10/02/2015 09:00:00 AM,44,23,21
10/02/2015 08:00:00 AM,84,55,29
10/02/2015 07:00:00 AM,53,27,26
10/02/2015 06:00:00 AM,30,15,15
10/02/2015 05:00:00 AM,5,2,3
10/02/2015 04:00:00 AM,1,1,0
10/02/2015 03:00:00 AM,1,1,0
10/02/2015 02:00:00 AM,2,1,1
10/02/2015 01:00:00 AM,5,3,2
10/02/2015 12:00:00 AM,4,3,1
10/01/2015 11:00:00 PM,2,1,1
10/01/2015 10:00:00 PM,5,1,4
10/01/2015 09:00:00 PM,14,10,4
10/01/2015 08:00:00 PM,21,15,6
10/01/2015 07:00:00 PM,14,9,5
10/01/2015 06:00:00 PM,69,45,24
10/01/2015 05:00:00 PM,146,109,37
10/01/2015 04:00:00 PM,104,75,29
10/01/2015 03:00:00 PM,59,45,14
10/01/2015 02:00:00 PM,41,23,18
10/01/2015 01:00:00 PM,30,22,8
10/01/2015 12:00:00 PM,38,17,21
10/01/2015 11:00:00 AM,22,12,10
10/01/2015 10:00:00 AM,31,21,10
10/01/2015 09:00:00 AM,51,27,24
10/01/2015 08:00:00 AM,110,82,28
10/01/2015 07:00:00 AM,82,53,29
10/01/2015 06:00:00 AM,35,16,19
10/01/2015 05:00:00 AM,8,5,3
10/01/2015 04:00:00 AM,1,1,0
10/01/2015 03:00:00 AM,0,0,0
10/01/2015 02:00:00 AM,1,0,1
10/01/2015 01:00:00 AM,1,1,0
10/01/2015 12:00:00 AM,4,2,2
09/30/2015 11:00:00 PM,4,4,0
09/30/2015 10:00:00 PM,5,3,2
09/30/2015 09:00:00 PM,7,5,2
09/30/2015 08:00:00 PM,18,13,5
09/30/2015 07:00:00 PM,30,22,8
09/30/2015 06:00:00 PM,84,60,24
09/30/2015 05:00:00 PM,159,108,51
09/30/2015 04:00:00 PM,87,69,18
09/30/2015 03:00:00 PM,35,28,7
09/30/2015 02:00:00 PM,32,20,12
09/30/2015 01:00:00 PM,35,23,12
09/30/2015 12:00:00 PM,31,16,15
09/30/2015 11:00:00 AM,33,20,13
09/30/2015 10:00:00 AM,45,28,17
09/30/2015 09:00:00 AM,49,29,20
09/30/2015 08:00:00 AM,139,92,47
09/30/2015 07:00:00 AM,79,37,42
09/30/2015 06:00:00 AM,35,14,21
09/30/2015 05:00:00 AM,10,5,5
09/30/2015 04:00:00 AM,1,1,0
09/30/2015 03:00:00 AM,0,0,0
09/30/2015 02:00:00 AM,1,0,1
09/30/2015 01:00:00 AM,0,0,0
09/30/2015 12:00:00 AM,4,4,0
09/29/2015 11:00:00 PM,1,1,0
09/29/2015 10:00:00 PM,12,5,7
09/29/2015 09:00:00 PM,11,7,4
09/29/2015 08:00:00 PM,12,10,2
09/29/2015 07:00:00 PM,30,22,8
09/29/2015 06:00:00 PM,77,46,31
09/29/2015 05:00:00 PM,199,115,84
09/29/2015 04:00:00 PM,118,82,36
09/29/2015 03:00:00 PM,44,29,15
09/29/2015 02:00:00 PM,19,15,4
09/29/2015 01:00:00 PM,35,23,12
09/29/2015 12:00:00 PM,30,20,10
09/29/2015 11:00:00 AM,28,19,9
09/29/2015 10:00:00 AM,35,18,17
09/29/2015 09:00:00 AM,63,36,27
09/29/2015 08:00:00 AM,135,92,43
09/29/2015 07:00:00 AM,87,52,35
09/29/2015 06:00:00 AM,32,22,10
09/29/2015 05:00:00 AM,3,0,3
09/29/2015 04:00:00 AM,1,1,0
09/29/2015 03:00:00 AM,0,0,0
09/29/2015 02:00:00 AM,1,0,1
09/29/2015 01:00:00 AM,1,1,0
09/29/2015 12:00:00 AM,3,2,1
09/28/2015 11:00:00 PM,5,1,4
09/28/2015 10:00:00 PM,8,1,7
09/28/2015 09:00:00 PM,7,4,3
09/28/2015 08:00:00 PM,5,4,1
09/28/2015 07:00:00 PM,27,19,8
09/28/2015 06:00:00 PM,81,54,27
09/28/2015 05:00:00 PM,144,94,50
09/28/2015 04:00:00 PM,97,76,21
09/28/2015 03:00:00 PM,43,28,15
09/28/2015 02:00:00 PM,34,22,12
09/28/2015 01:00:00 PM,17,10,7
09/28/2015 12:00:00 PM,32,20,12
09/28/2015 11:00:00 AM,25,17,8
09/28/2015 10:00:00 AM,14,7,7
09/28/2015 09:00:00 AM,58,43,15
09/28/2015 08:00:00 AM,122,79,43
09/28/2015 07:00:00 AM,79,50,29
09/28/2015 06:00:00 AM,36,21,15
09/28/2015 05:00:00 AM,8,4,4
09/28/2015 04:00:00 AM,2,1,1
09/28/2015 03:00:00 AM,0,0,0
09/28/2015 02:00:00 AM,0,0,0
09/28/2015 01:00:00 AM,1,0,1
09/28/2015 12:00:00 AM,5,3,2
09/27/2015 11:00:00 PM,3,1,2
09/27/2015 10:00:00 PM,4,3,1
09/27/2015 09:00:00 PM,7,5,2
09/27/2015 08:00:00 PM,13,6,7
09/27/2015 07:00:00 PM,8,5,3
09/27/2015 06:00:00 PM,17,10,7
09/27/2015 05:00:00 PM,23,8,15
09/27/2015 04:00:00 PM,29,12,17
09/27/2015 03:00:00 PM,15,10,5
09/27/2015 02:00:00 PM,24,16,8
09/27/2015 01:00:00 PM,34,21,13
09/27/2015 12:00:00 PM,25,19,6
09/27/2015 11:00:00 AM,22,12,10
09/27/2015 10:00:00 AM,30,19,11
09/27/2015 09:00:00 AM,16,13,3
09/27/2015 08:00:00 AM,12,7,5
09/27/2015 07:00:00 AM,3,3,0
09/27/2015 06:00:00 AM,1,1,0
09/27/2015 05:00:00 AM,1,1,0
09/27/2015 04:00:00 AM,0,0,0
09/27/2015 03:00:00 AM,3,2,1
09/27/2015 02:00:00 AM,1,1,0
09/27/2015 01:00:00 AM,4,3,1
09/27/2015 12:00:00 AM,3,2,1
09/26/2015 11:00:00 PM,11,7,4
09/26/2015 10:00:00 PM,13,10,3
09/26/2015 09:00:00 PM,8,7,1
09/26/2015 08:00:00 PM,2,2,0
09/26/2015 07:00:00 PM,11,6,5
09/26/2015 06:00:00 PM,14,9,5
09/26/2015 05:00:00 PM,19,12,7
09/26/2015 04:00:00 PM,13,6,7
09/26/2015 03:00:00 PM,28,17,11
09/26/2015 02:00:00 PM,25,20,5
09/26/2015 01:00:00 PM,24,16,8
09/26/2015 12:00:00 PM,15,9,6
09/26/2015 11:00:00 AM,25,16,9
09/26/2015 10:00:00 AM,23,15,8
09/26/2015 09:00:00 AM,15,9,6
09/26/2015 08:00:00 AM,15,13,2
09/26/2015 07:00:00 AM,4,0,4
09/26/2015 06:00:00 AM,10,8,2
09/26/2015 05:00:00 AM,0,0,0
09/26/2015 04:00:00 AM,0,0,0
09/26/2015 03:00:00 AM,2,1,1
09/26/2015 02:00:00 AM,2,1,1
09/26/2015 01:00:00 AM,1,1,0
09/26/2015 12:00:00 AM,5,5,0
09/25/2015 11:00:00 PM,3,1,2
09/25/2015 10:00:00 PM,13,8,5
09/25/2015 09:00:00 PM,7,5,2
09/25/2015 08:00:00 PM,11,7,4
09/25/2015 07:00:00 PM,12,4,8
09/25/2015 06:00:00 PM,52,35,17
09/25/2015 05:00:00 PM,89,66,23
09/25/2015 04:00:00 PM,67,42,25
09/25/2015 03:00:00 PM,46,28,18
09/25/2015 02:00:00 PM,28,23,5
09/25/2015 01:00:00 PM,20,15,5
09/25/2015 12:00:00 PM,36,21,15
09/25/2015 11:00:00 AM,20,12,8
09/25/2015 10:00:00 AM,19,13,6
09/25/2015 09:00:00 AM,34,16,18
09/25/2015 08:00:00 AM,78,51,27
09/25/2015 07:00:00 AM,44,28,16
09/25/2015 06:00:00 AM,18,10,8
09/25/2015 05:00:00 AM,2,1,1
09/25/2015 04:00:00 AM,0,0,0
09/25/2015 03:00:00 AM,0,0,0
09/25/2015 02:00:00 AM,1,0,1
09/25/2015 01:00:00 AM,1,1,0
09/25/2015 12:00:00 AM,3,1,2
09/24/2015 11:00:00 PM,11,6,5
09/24/2015 10:00:00 PM,9,5,4
09/24/2015 09:00:00 PM,11,8,3
09/24/2015 08:00:00 PM,19,14,5
09/24/2015 07:00:00 PM,21,18,3
09/24/2015 06:00:00 PM,58,37,21
09/24/2015 05:00:00 PM,177,119,58
09/24/2015 04:00:00 PM,127,89,38
09/24/2015 03:00:00 PM,48,34,14
09/24/2015 02:00:00 PM,39,21,18
09/24/2015 01:00:00 PM,42,27,15
09/24/2015 12:00:00 PM,29,19,10
09/24/2015 11:00:00 AM,33,22,11
09/24/2015 10:00:00 AM,24,17,7
09/24/2015 09:00:00 AM,70,41,29
09/24/2015 08:00:00 AM,123,78,45
09/24/2015 07:00:00 AM,88,55,33
09/24/2015 06:00:00 AM,38,19,19
09/24/2015 05:00:00 AM,6,4,2
09/24/2015 04:00:00 AM,1,1,0
09/24/2015 03:00:00 AM,1,1,0
09/24/2015 02:00:00 AM,4,2,2
09/24/2015 01:00:00 AM,0,0,0
09/24/2015 12:00:00 AM,2,1,1
09/23/2015 11:00:00 PM,5,5,0
09/23/2015 10:00:00 PM,7,2,5
09/23/2015 09:00:00 PM,37,8,29
09/23/2015 08:00:00 PM,10,7,3
09/23/2015 07:00:00 PM,42,26,16
09/23/2015 06:00:00 PM,127,96,31
09/23/2015 05:00:00 PM,194,133,61
09/23/2015 04:00:00 PM,102,74,28
09/23/2015 03:00:00 PM,61,44,17
09/23/2015 02:00:00 PM,33,16,17
09/23/2015 01:00:00 PM,31,18,13
09/23/2015 12:00:00 PM,29,17,12
09/23/2015 11:00:00 AM,35,18,17
09/23/2015 10:00:00 AM,32,20,12
09/23/2015 09:00:00 AM,57,39,18
09/23/2015 08:00:00 AM,142,102,40
09/23/2015 07:00:00 AM,86,58,28
09/23/2015 06:00:00 AM,36,22,14
09/23/2015 05:00:00 AM,11,9,2
09/23/2015 04:00:00 AM,1,1,0
09/23/2015 03:00:00 AM,1,0,1
09/23/2015 02:00:00 AM,2,1,1
09/23/2015 01:00:00 AM,1,1,0
09/23/2015 12:00:00 AM,3,3,0
09/22/2015 11:00:00 PM,4,4,0
09/22/2015 10:00:00 PM,7,4,3
09/22/2015 09:00:00 PM,8,7,1
09/22/2015 08:00:00 PM,12,10,2
09/22/2015 07:00:00 PM,29,9,20
09/22/2015 06:00:00 PM,82,40,42
09/22/2015 05:00:00 PM,164,112,52
09/22/2015 04:00:00 PM,100,78,22
09/22/2015 03:00:00 PM,55,41,14
09/22/2015 02:00:00 PM,47,32,15
09/22/2015 01:00:00 PM,34,14,20
09/22/2015 12:00:00 PM,26,16,10
09/22/2015 11:00:00 AM,26,16,10
09/22/2015 10:00:00 AM,28,15,13
09/22/2015 09:00:00 AM,69,48,21
09/22/2015 08:00:00 AM,157,112,45
09/22/2015 07:00:00 AM,108,75,33
09/22/2015 06:00:00 AM,32,21,11
09/22/2015 05:00:00 AM,10,3,7
09/22/2015 04:00:00 AM,0,0,0
09/22/2015 03:00:00 AM,0,0,0
09/22/2015 02:00:00 AM,2,2,0
09/22/2015 01:00:00 AM,1,1,0
09/22/2015 12:00:00 AM,4,4,0
09/21/2015 11:00:00 PM,0,0,0
09/21/2015 10:00:00 PM,11,5,6
09/21/2015 09:00:00 PM,8,7,1
09/21/2015 08:00:00 PM,19,11,8
09/21/2015 07:00:00 PM,23,8,15
09/21/2015 06:00:00 PM,91,60,31
09/21/2015 05:00:00 PM,161,113,48
09/21/2015 04:00:00 PM,88,59,29
09/21/2015 03:00:00 PM,44,33,11
09/21/2015 02:00:00 PM,32,23,9
09/21/2015 01:00:00 PM,27,19,8
09/21/2015 12:00:00 PM,20,7,13
09/21/2015 11:00:00 AM,29,17,12
09/21/2015 10:00:00 AM,22,13,9
09/21/2015 09:00:00 AM,47,28,19
09/21/2015 08:00:00 AM,117,79,38
09/21/2015 07:00:00 AM,71,47,24
09/21/2015 06:00:00 AM,32,20,12
09/21/2015 05:00:00 AM,21,7,14
09/21/2015 04:00:00 AM,0,0,0
09/21/2015 03:00:00 AM,1,1,0
09/21/2015 02:00:00 AM,1,1,0
09/21/2015 01:00:00 AM,1,1,0
09/21/2015 12:00:00 AM,1,0,1
09/20/2015 11:00:00 PM,3,2,1
09/20/2015 10:00:00 PM,3,1,2
09/20/2015 09:00:00 PM,3,3,0
09/20/2015 08:00:00 PM,7,3,4
09/20/2015 07:00:00 PM,9,7,2
09/20/2015 06:00:00 PM,15,7,8
09/20/2015 05:00:00 PM,11,8,3
09/20/2015 04:00:00 PM,10,5,5
09/20/2015 03:00:00 PM,24,15,9
09/20/2015 02:00:00 PM,10,5,5
09/20/2015 01:00:00 PM,25,18,7
09/20/2015 12:00:00 PM,12,7,5
09/20/2015 11:00:00 AM,7,4,3
09/20/2015 10:00:00 AM,14,9,5
09/20/2015 09:00:00 AM,10,4,6
09/20/2015 08:00:00 AM,8,6,2
09/20/2015 07:00:00 AM,2,1,1
09/20/2015 06:00:00 AM,3,2,1
09/20/2015 05:00:00 AM,0,0,0
09/20/2015 04:00:00 AM,1,1,0
09/20/2015 03:00:00 AM,1,1,0
09/20/2015 02:00:00 AM,2,2,0
09/20/2015 01:00:00 AM,3,3,0
09/20/2015 12:00:00 AM,5,5,0
09/19/2015 11:00:00 PM,5,4,1
09/19/2015 10:00:00 PM,8,7,1
09/19/2015 09:00:00 PM,1,0,1
09/19/2015 08:00:00 PM,8,2,6
09/19/2015 07:00:00 PM,12,7,5
09/19/2015 06:00:00 PM,16,7,9
09/19/2015 05:00:00 PM,14,11,3
09/19/2015 04:00:00 PM,20,15,5
09/19/2015 03:00:00 PM,16,10,6
09/19/2015 02:00:00 PM,11,6,5
09/19/2015 01:00:00 PM,28,21,7
09/19/2015 12:00:00 PM,14,10,4
09/19/2015 11:00:00 AM,17,10,7
09/19/2015 10:00:00 AM,18,11,7
09/19/2015 09:00:00 AM,14,10,4
09/19/2015 08:00:00 AM,14,12,2
09/19/2015 07:00:00 AM,6,4,2
09/19/2015 06:00:00 AM,5,3,2
09/19/2015 05:00:00 AM,4,3,1
09/19/2015 04:00:00 AM,0,0,0
09/19/2015 03:00:00 AM,0,0,0
09/19/2015 02:00:00 AM,0,0,0
09/19/2015 01:00:00 AM,3,2,1
09/19/2015 12:00:00 AM,6,6,0
09/18/2015 11:00:00 PM,3,2,1
09/18/2015 10:00:00 PM,4,3,1
09/18/2015 09:00:00 PM,6,4,2
09/18/2015 08:00:00 PM,8,4,4
09/18/2015 07:00:00 PM,19,15,4
09/18/2015 06:00:00 PM,43,33,10
09/18/2015 05:00:00 PM,92,66,26
09/18/2015 04:00:00 PM,78,54,24
09/18/2015 03:00:00 PM,54,36,18
09/18/2015 02:00:00 PM,42,25,17
09/18/2015 01:00:00 PM,40,25,15
09/18/2015 12:00:00 PM,33,20,13
09/18/2015 11:00:00 AM,19,9,10
09/18/2015 10:00:00 AM,23,13,10
09/18/2015 09:00:00 AM,40,21,19
09/18/2015 08:00:00 AM,103,73,30
09/18/2015 07:00:00 AM,69,45,24
09/18/2015 06:00:00 AM,22,12,10
09/18/2015 05:00:00 AM,3,2,1
09/18/2015 04:00:00 AM,0,0,0
09/18/2015 03:00:00 AM,0,0,0
09/18/2015 02:00:00 AM,1,1,0
09/18/2015 01:00:00 AM,1,0,1
09/18/2015 12:00:00 AM,3,1,2
09/17/2015 11:00:00 PM,1,1,0
09/17/2015 10:00:00 PM,1,0,1
09/17/2015 09:00:00 PM,10,8,2
09/17/2015 08:00:00 PM,11,7,4
09/17/2015 07:00:00 PM,13,8,5
09/17/2015 06:00:00 PM,40,31,9
09/17/2015 05:00:00 PM,99,68,31
09/17/2015 04:00:00 PM,60,40,20
09/17/2015 03:00:00 PM,34,20,14
09/17/2015 02:00:00 PM,26,13,13
09/17/2015 01:00:00 PM,25,11,14
09/17/2015 12:00:00 PM,22,18,4
09/17/2015 11:00:00 AM,31,26,5
09/17/2015 10:00:00 AM,31,18,13
09/17/2015 09:00:00 AM,44,27,17
09/17/2015 08:00:00 AM,103,69,34
09/17/2015 07:00:00 AM,61,38,23
09/17/2015 06:00:00 AM,21,14,7
09/17/2015 05:00:00 AM,7,4,3
09/17/2015 04:00:00 AM,0,0,0
09/17/2015 03:00:00 AM,0,0,0
09/17/2015 02:00:00 AM,1,0,1
09/17/2015 01:00:00 AM,1,0,1
09/17/2015 12:00:00 AM,2,0,2
09/16/2015 11:00:00 PM,5,1,4
09/16/2015 10:00:00 PM,8,2,6
09/16/2015 09:00:00 PM,6,4,2
09/16/2015 08:00:00 PM,14,7,7
09/16/2015 07:00:00 PM,28,19,9
09/16/2015 06:00:00 PM,59,39,20
09/16/2015 05:00:00 PM,140,95,45
09/16/2015 04:00:00 PM,102,68,34
09/16/2015 03:00:00 PM,49,39,10
09/16/2015 02:00:00 PM,37,23,14
09/16/2015 01:00:00 PM,37,21,16
09/16/2015 12:00:00 PM,30,16,14
09/16/2015 11:00:00 AM,29,24,5
09/16/2015 10:00:00 AM,31,13,18
09/16/2015 09:00:00 AM,58,37,21
09/16/2015 08:00:00 AM,120,78,42
09/16/2015 07:00:00 AM,71,41,30
09/16/2015 06:00:00 AM,34,22,12
09/16/2015 05:00:00 AM,6,4,2
09/16/2015 04:00:00 AM,1,0,1
09/16/2015 03:00:00 AM,1,1,0
09/16/2015 02:00:00 AM,2,0,2
09/16/2015 01:00:00 AM,1,0,1
09/16/2015 12:00:00 AM,2,2,0
09/15/2015 11:00:00 PM,3,2,1
09/15/2015 10:00:00 PM,2,1,1
09/15/2015 09:00:00 PM,14,9,5
09/15/2015 08:00:00 PM,8,5,3
09/15/2015 07:00:00 PM,28,16,12
09/15/2015 06:00:00 PM,65,39,26
09/15/2015 05:00:00 PM,154,104,50
09/15/2015 04:00:00 PM,90,65,25
09/15/2015 03:00:00 PM,55,43,12
09/15/2015 02:00:00 PM,30,21,9
09/15/2015 01:00:00 PM,17,7,10
09/15/2015 12:00:00 PM,35,22,13
09/15/2015 11:00:00 AM,20,13,7
09/15/2015 10:00:00 AM,29,17,12
09/15/2015 09:00:00 AM,72,46,26
09/15/2015 08:00:00 AM,111,77,34
09/15/2015 07:00:00 AM,73,51,22
09/15/2015 06:00:00 AM,28,18,10
09/15/2015 05:00:00 AM,6,3,3
09/15/2015 04:00:00 AM,0,0,0
09/15/2015 03:00:00 AM,4,4,0
09/15/2015 02:00:00 AM,2,1,1
09/15/2015 01:00:00 AM,4,1,3
09/15/2015 12:00:00 AM,2,2,0
09/14/2015 11:00:00 PM,1,1,0
09/14/2015 10:00:00 PM,11,3,8
09/14/2015 09:00:00 PM,9,7,2
09/14/2015 08:00:00 PM,12,6,6
09/14/2015 07:00:00 PM,27,19,8
09/14/2015 06:00:00 PM,56,36,20
09/14/2015 05:00:00 PM,145,103,42
09/14/2015 04:00:00 PM,78,63,15
09/14/2015 03:00:00 PM,53,36,17
09/14/2015 02:00:00 PM,33,18,15
09/14/2015 01:00:00 PM,21,14,7
09/14/2015 12:00:00 PM,23,15,8
09/14/2015 11:00:00 AM,26,14,12
09/14/2015 10:00:00 AM,17,12,5
09/14/2015 09:00:00 AM,50,29,21
09/14/2015 08:00:00 AM,99,62,37
09/14/2015 07:00:00 AM,76,47,29
09/14/2015 06:00:00 AM,35,21,14
09/14/2015 05:00:00 AM,10,6,4
09/14/2015 04:00:00 AM,2,2,0
09/14/2015 03:00:00 AM,1,0,1
09/14/2015 02:00:00 AM,1,0,1
09/14/2015 01:00:00 AM,2,0,2
09/14/2015 12:00:00 AM,2,1,1
09/13/2015 11:00:00 PM,5,4,1
09/13/2015 10:00:00 PM,4,2,2
09/13/2015 09:00:00 PM,7,7,0
09/13/2015 08:00:00 PM,3,3,0
09/13/2015 07:00:00 PM,14,9,5
09/13/2015 06:00:00 PM,14,11,3
09/13/2015 05:00:00 PM,13,9,4
09/13/2015 04:00:00 PM,4,3,1
09/13/2015 03:00:00 PM,9,6,3
09/13/2015 02:00:00 PM,13,8,5
09/13/2015 01:00:00 PM,8,6,2
09/13/2015 12:00:00 PM,5,2,3
09/13/2015 11:00:00 AM,10,3,7
09/13/2015 10:00:00 AM,7,4,3
09/13/2015 09:00:00 AM,19,15,4
09/13/2015 08:00:00 AM,8,3,5
09/13/2015 07:00:00 AM,1,1,0
09/13/2015 06:00:00 AM,1,1,0
09/13/2015 05:00:00 AM,2,1,1
09/13/2015 04:00:00 AM,0,0,0
09/13/2015 03:00:00 AM,1,0,1
09/13/2015 02:00:00 AM,3,3,0
09/13/2015 01:00:00 AM,1,1,0
09/13/2015 12:00:00 AM,3,2,1
09/12/2015 11:00:00 PM,11,6,5
09/12/2015 10:00:00 PM,18,10,8
09/12/2015 09:00:00 PM,20,9,11
09/12/2015 08:00:00 PM,13,6,7
09/12/2015 07:00:00 PM,15,8,7
09/12/2015 06:00:00 PM,19,14,5
09/12/2015 05:00:00 PM,30,16,14
09/12/2015 04:00:00 PM,24,10,14
09/12/2015 03:00:00 PM,28,15,13
09/12/2015 02:00:00 PM,35,26,9
09/12/2015 01:00:00 PM,34,23,11
09/12/2015 12:00:00 PM,32,23,9
09/12/2015 11:00:00 AM,18,13,5
09/12/2015 10:00:00 AM,24,18,6
09/12/2015 09:00:00 AM,21,14,7
09/12/2015 08:00:00 AM,13,9,4
09/12/2015 07:00:00 AM,8,4,4
09/12/2015 06:00:00 AM,2,1,1
09/12/2015 05:00:00 AM,1,0,1
09/12/2015 04:00:00 AM,1,1,0
09/12/2015 03:00:00 AM,3,2,1
09/12/2015 02:00:00 AM,0,0,0
09/12/2015 01:00:00 AM,1,0,1
09/12/2015 12:00:00 AM,8,5,3
09/11/2015 11:00:00 PM,5,1,4
09/11/2015 10:00:00 PM,13,4,9
09/11/2015 09:00:00 PM,6,4,2
09/11/2015 08:00:00 PM,12,7,5
09/11/2015 07:00:00 PM,24,13,11
09/11/2015 06:00:00 PM,61,40,21
09/11/2015 05:00:00 PM,127,91,36
09/11/2015 04:00:00 PM,99,67,32
09/11/2015 03:00:00 PM,59,38,21
09/11/2015 02:00:00 PM,51,32,19
09/11/2015 01:00:00 PM,37,24,13
09/11/2015 12:00:00 PM,35,18,17
09/11/2015 11:00:00 AM,26,19,7
09/11/2015 10:00:00 AM,40,21,19
09/11/2015 09:00:00 AM,44,31,13
09/11/2015 08:00:00 AM,105,68,37
09/11/2015 07:00:00 AM,76,56,20
09/11/2015 06:00:00 AM,26,15,11
09/11/2015 05:00:00 AM,7,3,4
09/11/2015 04:00:00 AM,0,0,0
09/11/2015 03:00:00 AM,0,0,0
09/11/2015 02:00:00 AM,2,1,1
09/11/2015 01:00:00 AM,1,1,0
09/11/2015 12:00:00 AM,4,4,0
09/10/2015 11:00:00 PM,3,3,0
09/10/2015 10:00:00 PM,6,4,2
09/10/2015 09:00:00 PM,17,10,7
09/10/2015 08:00:00 PM,23,13,10
09/10/2015 07:00:00 PM,29,20,9
09/10/2015 06:00:00 PM,71,42,29
09/10/2015 05:00:00 PM,148,105,43
09/10/2015 04:00:00 PM,101,69,32
09/10/2015 03:00:00 PM,68,42,26
09/10/2015 02:00:00 PM,35,17,18
09/10/2015 01:00:00 PM,28,13,15
09/10/2015 12:00:00 PM,57,36,21
09/10/2015 11:00:00 AM,35,27,8
09/10/2015 10:00:00 AM,31,14,17
09/10/2015 09:00:00 AM,54,28,26
09/10/2015 08:00:00 AM,106,75,31
09/10/2015 07:00:00 AM,76,52,24
09/10/2015 06:00:00 AM,28,19,9
09/10/2015 05:00:00 AM,11,4,7
09/10/2015 04:00:00 AM,0,0,0
09/10/2015 03:00:00 AM,0,0,0
09/10/2015 02:00:00 AM,2,1,1
09/10/2015 01:00:00 AM,1,0,1
09/10/2015 12:00:00 AM,3,2,1
09/09/2015 11:00:00 PM,6,5,1
09/09/2015 10:00:00 PM,8,3,5
09/09/2015 09:00:00 PM,9,6,3
09/09/2015 08:00:00 PM,17,12,5
09/09/2015 07:00:00 PM,33,21,12
09/09/2015 06:00:00 PM,70,51,19
09/09/2015 05:00:00 PM,160,102,58
09/09/2015 04:00:00 PM,96,71,25
09/09/2015 03:00:00 PM,59,40,19
09/09/2015 02:00:00 PM,38,24,14
09/09/2015 01:00:00 PM,20,13,7
09/09/2015 12:00:00 PM,46,31,15
09/09/2015 11:00:00 AM,23,15,8
09/09/2015 10:00:00 AM,35,18,17
09/09/2015 09:00:00 AM,54,28,26
09/09/2015 08:00:00 AM,117,84,33
09/09/2015 07:00:00 AM,82,54,28
09/09/2015 06:00:00 AM,39,23,16
09/09/2015 05:00:00 AM,8,2,6
09/09/2015 04:00:00 AM,2,1,1
09/09/2015 03:00:00 AM,1,1,0
09/09/2015 02:00:00 AM,1,0,1
09/09/2015 01:00:00 AM,1,1,0
09/09/2015 12:00:00 AM,7,7,0
09/08/2015 11:00:00 PM,3,1,2
09/08/2015 10:00:00 PM,4,2,2
09/08/2015 09:00:00 PM,2,1,1
09/08/2015 08:00:00 PM,16,8,8
09/08/2015 07:00:00 PM,43,33,10
09/08/2015 06:00:00 PM,55,27,28
09/08/2015 05:00:00 PM,135,90,45
09/08/2015 04:00:00 PM,118,86,32
09/08/2015 03:00:00 PM,50,35,15
09/08/2015 02:00:00 PM,36,15,21
09/08/2015 01:00:00 PM,24,15,9
09/08/2015 12:00:00 PM,26,13,13
09/08/2015 11:00:00 AM,28,19,9
09/08/2015 10:00:00 AM,31,24,7
09/08/2015 09:00:00 AM,51,33,18
09/08/2015 08:00:00 AM,134,88,46
09/08/2015 07:00:00 AM,83,53,30
09/08/2015 06:00:00 AM,36,26,10
09/08/2015 05:00:00 AM,8,3,5
09/08/2015 04:00:00 AM,0,0,0
09/08/2015 03:00:00 AM,1,1,0
09/08/2015 02:00:00 AM,2,1,1
09/08/2015 01:00:00 AM,1,1,0
09/08/2015 12:00:00 AM,2,2,0
09/07/2015 11:00:00 PM,2,2,0
09/07/2015 10:00:00 PM,6,4,2
09/07/2015 09:00:00 PM,12,10,2
09/07/2015 08:00:00 PM,8,5,3
09/07/2015 07:00:00 PM,13,7,6
09/07/2015 06:00:00 PM,14,9,5
09/07/2015 05:00:00 PM,27,12,15
09/07/2015 04:00:00 PM,25,16,9
09/07/2015 03:00:00 PM,33,23,10
09/07/2015 02:00:00 PM,27,16,11
09/07/2015 01:00:00 PM,20,11,9
09/07/2015 12:00:00 PM,24,18,6
09/07/2015 11:00:00 AM,13,11,2
09/07/2015 10:00:00 AM,11,8,3
09/07/2015 09:00:00 AM,14,8,6
09/07/2015 08:00:00 AM,6,4,2
09/07/2015 07:00:00 AM,6,5,1
09/07/2015 06:00:00 AM,1,1,0
09/07/2015 05:00:00 AM,0,0,0
09/07/2015 04:00:00 AM,2,2,0
09/07/2015 03:00:00 AM,0,0,0
09/07/2015 02:00:00 AM,3,1,2
09/07/2015 01:00:00 AM,1,1,0
09/07/2015 12:00:00 AM,2,2,0
09/06/2015 11:00:00 PM,4,1,3
09/06/2015 10:00:00 PM,5,2,3
09/06/2015 09:00:00 PM,4,4,0
09/06/2015 08:00:00 PM,5,2,3
09/06/2015 07:00:00 PM,5,3,2
09/06/2015 06:00:00 PM,3,1,2
09/06/2015 05:00:00 PM,16,14,2
09/06/2015 04:00:00 PM,10,7,3
09/06/2015 03:00:00 PM,14,8,6
09/06/2015 02:00:00 PM,16,6,10
09/06/2015 01:00:00 PM,9,6,3
09/06/2015 12:00:00 PM,17,12,5
09/06/2015 11:00:00 AM,7,6,1
09/06/2015 10:00:00 AM,5,3,2
09/06/2015 09:00:00 AM,3,2,1
09/06/2015 08:00:00 AM,3,2,1
09/06/2015 07:00:00 AM,3,3,0
09/06/2015 06:00:00 AM,1,1,0
09/06/2015 05:00:00 AM,0,0,0
09/06/2015 04:00:00 AM,0,0,0
09/06/2015 03:00:00 AM,0,0,0
09/06/2015 02:00:00 AM,2,2,0
09/06/2015 01:00:00 AM,1,1,0
09/06/2015 12:00:00 AM,5,1,4
09/05/2015 11:00:00 PM,3,3,0
09/05/2015 10:00:00 PM,3,2,1
09/05/2015 09:00:00 PM,16,4,12
09/05/2015 08:00:00 PM,3,2,1
09/05/2015 07:00:00 PM,8,5,3
09/05/2015 06:00:00 PM,13,9,4
09/05/2015 05:00:00 PM,12,5,7
09/05/2015 04:00:00 PM,17,7,10
09/05/2015 03:00:00 PM,15,12,3
09/05/2015 02:00:00 PM,25,17,8
09/05/2015 01:00:00 PM,31,17,14
09/05/2015 12:00:00 PM,20,16,4
09/05/2015 11:00:00 AM,16,13,3
09/05/2015 10:00:00 AM,17,9,8
09/05/2015 09:00:00 AM,12,7,5
09/05/2015 08:00:00 AM,16,16,0
09/05/2015 07:00:00 AM,2,1,1
09/05/2015 06:00:00 AM,4,4,0
09/05/2015 05:00:00 AM,1,0,1
09/05/2015 04:00:00 AM,0,0,0
09/05/2015 03:00:00 AM,2,1,1
09/05/2015 02:00:00 AM,0,0,0
09/05/2015 01:00:00 AM,2,2,0
09/05/2015 12:00:00 AM,6,4,2
09/04/2015 11:00:00 PM,3,3,0
09/04/2015 10:00:00 PM,5,3,2
09/04/2015 09:00:00 PM,7,6,1
09/04/2015 08:00:00 PM,16,12,4
09/04/2015 07:00:00 PM,16,10,6
09/04/2015 06:00:00 PM,46,27,19
09/04/2015 05:00:00 PM,96,58,38
09/04/2015 04:00:00 PM,85,57,28
09/04/2015 03:00:00 PM,63,41,22
09/04/2015 02:00:00 PM,47,31,16
09/04/2015 01:00:00 PM,43,30,13
09/04/2015 12:00:00 PM,20,12,8
09/04/2015 11:00:00 AM,24,17,7
09/04/2015 10:00:00 AM,32,23,9
09/04/2015 09:00:00 AM,58,34,24
09/04/2015 08:00:00 AM,78,49,29
09/04/2015 07:00:00 AM,46,32,14
09/04/2015 06:00:00 AM,25,9,16
09/04/2015 05:00:00 AM,6,3,3
09/04/2015 04:00:00 AM,1,1,0
09/04/2015 03:00:00 AM,2,2,0
09/04/2015 02:00:00 AM,1,0,1
09/04/2015 01:00:00 AM,0,0,0
09/04/2015 12:00:00 AM,8,3,5
09/03/2015 11:00:00 PM,5,2,3
09/03/2015 10:00:00 PM,14,7,7
09/03/2015 09:00:00 PM,13,10,3
09/03/2015 08:00:00 PM,22,14,8
09/03/2015 07:00:00 PM,44,27,17
09/03/2015 06:00:00 PM,96,68,28
09/03/2015 05:00:00 PM,147,106,41
09/03/2015 04:00:00 PM,103,70,33
09/03/2015 03:00:00 PM,53,27,26
09/03/2015 02:00:00 PM,35,25,10
09/03/2015 01:00:00 PM,37,27,10
09/03/2015 12:00:00 PM,30,13,17
09/03/2015 11:00:00 AM,31,16,15
09/03/2015 10:00:00 AM,31,21,10
09/03/2015 09:00:00 AM,50,29,21
09/03/2015 08:00:00 AM,94,61,33
09/03/2015 07:00:00 AM,62,35,27
09/03/2015 06:00:00 AM,37,23,14
09/03/2015 05:00:00 AM,8,5,3
09/03/2015 04:00:00 AM,0,0,0
09/03/2015 03:00:00 AM,1,1,0
09/03/2015 02:00:00 AM,1,0,1
09/03/2015 01:00:00 AM,0,0,0
09/03/2015 12:00:00 AM,4,4,0
09/02/2015 11:00:00 PM,3,2,1
09/02/2015 10:00:00 PM,11,8,3
09/02/2015 09:00:00 PM,2,0,2
09/02/2015 08:00:00 PM,15,12,3
09/02/2015 07:00:00 PM,23,16,7
09/02/2015 06:00:00 PM,57,30,27
09/02/2015 05:00:00 PM,146,104,42
09/02/2015 04:00:00 PM,94,65,29
09/02/2015 03:00:00 PM,52,31,21
09/02/2015 02:00:00 PM,36,23,13
09/02/2015 01:00:00 PM,31,19,12
09/02/2015 12:00:00 PM,27,11,16
09/02/2015 11:00:00 AM,24,14,10
09/02/2015 10:00:00 AM,26,18,8
09/02/2015 09:00:00 AM,55,34,21
09/02/2015 08:00:00 AM,105,71,34
09/02/2015 07:00:00 AM,74,56,18
09/02/2015 06:00:00 AM,33,16,17
09/02/2015 05:00:00 AM,9,7,2
09/02/2015 04:00:00 AM,1,1,0
09/02/2015 03:00:00 AM,0,0,0
09/02/2015 02:00:00 AM,1,0,1
09/02/2015 01:00:00 AM,0,0,0
09/02/2015 12:00:00 AM,1,1,0
09/01/2015 11:00:00 PM,3,2,1
09/01/2015 10:00:00 PM,4,4,0
09/01/2015 09:00:00 PM,6,5,1
09/01/2015 08:00:00 PM,12,7,5
09/01/2015 07:00:00 PM,16,12,4
09/01/2015 06:00:00 PM,41,20,21
09/01/2015 05:00:00 PM,122,75,47
09/01/2015 04:00:00 PM,70,48,22
09/01/2015 03:00:00 PM,46,33,13
09/01/2015 02:00:00 PM,27,22,5
09/01/2015 01:00:00 PM,31,17,14
09/01/2015 12:00:00 PM,25,14,11
09/01/2015 11:00:00 AM,23,13,10
09/01/2015 10:00:00 AM,25,13,12
09/01/2015 09:00:00 AM,37,21,16
09/01/2015 08:00:00 AM,100,71,29
09/01/2015 07:00:00 AM,63,48,15
09/01/2015 06:00:00 AM,30,23,7
09/01/2015 05:00:00 AM,10,7,3
09/01/2015 04:00:00 AM,1,1,0
09/01/2015 03:00:00 AM,0,0,0
09/01/2015 02:00:00 AM,1,0,1
09/01/2015 01:00:00 AM,0,0,0
09/01/2015 12:00:00 AM,3,3,0
08/31/2015 11:00:00 PM,11,10,1
08/31/2015 10:00:00 PM,6,4,2
08/31/2015 09:00:00 PM,11,5,6
08/31/2015 08:00:00 PM,8,3,5
08/31/2015 07:00:00 PM,20,15,5
08/31/2015 06:00:00 PM,47,29,18
08/31/2015 05:00:00 PM,100,67,33
08/31/2015 04:00:00 PM,77,56,21
08/31/2015 03:00:00 PM,42,29,13
08/31/2015 02:00:00 PM,24,16,8
08/31/2015 01:00:00 PM,23,16,7
08/31/2015 12:00:00 PM,41,28,13
08/31/2015 11:00:00 AM,24,15,9
08/31/2015 10:00:00 AM,15,6,9
08/31/2015 09:00:00 AM,46,32,14
08/31/2015 08:00:00 AM,94,56,38
08/31/2015 07:00:00 AM,60,37,23
08/31/2015 06:00:00 AM,22,14,8
08/31/2015 05:00:00 AM,8,4,4
08/31/2015 04:00:00 AM,2,2,0
08/31/2015 03:00:00 AM,0,0,0
08/31/2015 02:00:00 AM,1,0,1
08/31/2015 01:00:00 AM,2,2,0
08/31/2015 12:00:00 AM,4,2,2
08/30/2015 11:00:00 PM,6,6,0
08/30/2015 10:00:00 PM,2,0,2
08/30/2015 09:00:00 PM,5,3,2
08/30/2015 08:00:00 PM,5,5,0
08/30/2015 07:00:00 PM,9,7,2
08/30/2015 06:00:00 PM,8,3,5
08/30/2015 05:00:00 PM,10,5,5
08/30/2015 04:00:00 PM,46,7,39
08/30/2015 03:00:00 PM,16,6,10
08/30/2015 02:00:00 PM,11,7,4
08/30/2015 01:00:00 PM,64,62,2
08/30/2015 12:00:00 PM,32,28,4
08/30/2015 11:00:00 AM,16,14,2
08/30/2015 10:00:00 AM,18,12,6
08/30/2015 09:00:00 AM,0,0,0
08/30/2015 08:00:00 AM,8,7,1
08/30/2015 07:00:00 AM,1,1,0
08/30/2015 06:00:00 AM,1,0,1
08/30/2015 05:00:00 AM,2,2,0
08/30/2015 04:00:00 AM,0,0,0
08/30/2015 03:00:00 AM,1,1,0
08/30/2015 02:00:00 AM,1,1,0
08/30/2015 01:00:00 AM,0,0,0
08/30/2015 12:00:00 AM,3,3,0
08/29/2015 11:00:00 PM,0,0,0
08/29/2015 10:00:00 PM,5,2,3
08/29/2015 09:00:00 PM,1,0,1
08/29/2015 08:00:00 PM,4,3,1
08/29/2015 07:00:00 PM,4,1,3
08/29/2015 06:00:00 PM,7,6,1
08/29/2015 05:00:00 PM,12,8,4
08/29/2015 04:00:00 PM,16,8,8
08/29/2015 03:00:00 PM,16,10,6
08/29/2015 02:00:00 PM,10,6,4
08/29/2015 01:00:00 PM,13,8,5
08/29/2015 12:00:00 PM,11,9,2
08/29/2015 11:00:00 AM,9,6,3
08/29/2015 10:00:00 AM,12,7,5
08/29/2015 09:00:00 AM,8,5,3
08/29/2015 08:00:00 AM,4,3,1
08/29/2015 07:00:00 AM,3,2,1
08/29/2015 06:00:00 AM,2,1,1
08/29/2015 05:00:00 AM,3,1,2
08/29/2015 04:00:00 AM,1,1,0
08/29/2015 03:00:00 AM,0,0,0
08/29/2015 02:00:00 AM,3,3,0
08/29/2015 01:00:00 AM,2,1,1
08/29/2015 12:00:00 AM,5,4,1
08/28/2015 11:00:00 PM,7,3,4
08/28/2015 10:00:00 PM,8,3,5
08/28/2015 09:00:00 PM,10,6,4
08/28/2015 08:00:00 PM,10,7,3
08/28/2015 07:00:00 PM,13,7,6
08/28/2015 06:00:00 PM,40,24,16
08/28/2015 05:00:00 PM,87,56,31
08/28/2015 04:00:00 PM,79,49,30
08/28/2015 03:00:00 PM,66,45,21
08/28/2015 02:00:00 PM,40,31,9
08/28/2015 01:00:00 PM,18,11,7
08/28/2015 12:00:00 PM,27,16,11
08/28/2015 11:00:00 AM,26,16,10
08/28/2015 10:00:00 AM,35,23,12
08/28/2015 09:00:00 AM,39,18,21
08/28/2015 08:00:00 AM,74,54,20
08/28/2015 07:00:00 AM,49,27,22
08/28/2015 06:00:00 AM,25,14,11
08/28/2015 05:00:00 AM,5,3,2
08/28/2015 04:00:00 AM,0,0,0
08/28/2015 03:00:00 AM,0,0,0
08/28/2015 02:00:00 AM,0,0,0
08/28/2015 01:00:00 AM,2,2,0
08/28/2015 12:00:00 AM,4,4,0
08/27/2015 11:00:00 PM,2,1,1
08/27/2015 10:00:00 PM,5,3,2
08/27/2015 09:00:00 PM,9,8,1
08/27/2015 08:00:00 PM,22,17,5
08/27/2015 07:00:00 PM,26,14,12
08/27/2015 06:00:00 PM,70,44,26
08/27/2015 05:00:00 PM,146,103,43
08/27/2015 04:00:00 PM,108,80,28
08/27/2015 03:00:00 PM,61,37,24
08/27/2015 02:00:00 PM,31,19,12
08/27/2015 01:00:00 PM,36,19,17
08/27/2015 12:00:00 PM,37,18,19
08/27/2015 11:00:00 AM,26,15,11
08/27/2015 10:00:00 AM,27,19,8
08/27/2015 09:00:00 AM,69,41,28
08/27/2015 08:00:00 AM,112,78,34
08/27/2015 07:00:00 AM,84,54,30
08/27/2015 06:00:00 AM,43,31,12
08/27/2015 05:00:00 AM,7,3,4
08/27/2015 04:00:00 AM,1,0,1
08/27/2015 03:00:00 AM,0,0,0
08/27/2015 02:00:00 AM,0,0,0
08/27/2015 01:00:00 AM,1,0,1
08/27/2015 12:00:00 AM,2,2,0
08/26/2015 11:00:00 PM,7,3,4
08/26/2015 10:00:00 PM,8,6,2
08/26/2015 09:00:00 PM,7,6,1
08/26/2015 08:00:00 PM,19,16,3
08/26/2015 07:00:00 PM,27,13,14
08/26/2015 06:00:00 PM,61,37,24
08/26/2015 05:00:00 PM,138,90,48
08/26/2015 04:00:00 PM,99,67,32
08/26/2015 03:00:00 PM,51,37,14
08/26/2015 02:00:00 PM,45,27,18
08/26/2015 01:00:00 PM,27,13,14
08/26/2015 12:00:00 PM,37,27,10
08/26/2015 11:00:00 AM,26,19,7
08/26/2015 10:00:00 AM,38,21,17
08/26/2015 09:00:00 AM,61,40,21
08/26/2015 08:00:00 AM,144,100,44
08/26/2015 07:00:00 AM,76,56,20
08/26/2015 06:00:00 AM,41,24,17
08/26/2015 05:00:00 AM,12,7,5
08/26/2015 04:00:00 AM,0,0,0
08/26/2015 03:00:00 AM,0,0,0
08/26/2015 02:00:00 AM,0,0,0
08/26/2015 01:00:00 AM,0,0,0
08/26/2015 12:00:00 AM,3,3,0
08/25/2015 11:00:00 PM,4,2,2
08/25/2015 10:00:00 PM,11,5,6
08/25/2015 09:00:00 PM,11,8,3
08/25/2015 08:00:00 PM,20,11,9
08/25/2015 07:00:00 PM,35,25,10
08/25/2015 06:00:00 PM,72,48,24
08/25/2015 05:00:00 PM,172,115,57
08/25/2015 04:00:00 PM,124,85,39
08/25/2015 03:00:00 PM,65,49,16
08/25/2015 02:00:00 PM,39,26,13
08/25/2015 01:00:00 PM,32,18,14
08/25/2015 12:00:00 PM,34,21,13
08/25/2015 11:00:00 AM,32,18,14
08/25/2015 10:00:00 AM,34,29,5
08/25/2015 09:00:00 AM,57,36,21
08/25/2015 08:00:00 AM,137,98,39
08/25/2015 07:00:00 AM,104,65,39
08/25/2015 06:00:00 AM,35,23,12
08/25/2015 05:00:00 AM,11,6,5
08/25/2015 04:00:00 AM,1,0,1
08/25/2015 03:00:00 AM,0,0,0
08/25/2015 02:00:00 AM,2,1,1
08/25/2015 01:00:00 AM,0,0,0
08/25/2015 12:00:00 AM,4,4,0
08/24/2015 11:00:00 PM,4,2,2
08/24/2015 10:00:00 PM,11,6,5
08/24/2015 09:00:00 PM,12,7,5
08/24/2015 08:00:00 PM,13,9,4
08/24/2015 07:00:00 PM,30,16,14
08/24/2015 06:00:00 PM,79,48,31
08/24/2015 05:00:00 PM,153,107,46
08/24/2015 04:00:00 PM,113,75,38
08/24/2015 03:00:00 PM,55,41,14
08/24/2015 02:00:00 PM,45,29,16
08/24/2015 01:00:00 PM,29,17,12
08/24/2015 12:00:00 PM,25,14,11
08/24/2015 11:00:00 AM,44,26,18
08/24/2015 10:00:00 AM,20,13,7
08/24/2015 09:00:00 AM,56,34,22
08/24/2015 08:00:00 AM,133,92,41
08/24/2015 07:00:00 AM,75,45,30
08/24/2015 06:00:00 AM,37,25,12
08/24/2015 05:00:00 AM,12,5,7
08/24/2015 04:00:00 AM,0,0,0
08/24/2015 03:00:00 AM,0,0,0
08/24/2015 02:00:00 AM,1,1,0
08/24/2015 01:00:00 AM,0,0,0
08/24/2015 12:00:00 AM,3,2,1
08/23/2015 11:00:00 PM,3,2,1
08/23/2015 10:00:00 PM,5,4,1
08/23/2015 09:00:00 PM,7,5,2
08/23/2015 08:00:00 PM,9,7,2
08/23/2015 07:00:00 PM,15,8,7
08/23/2015 06:00:00 PM,13,5,8
08/23/2015 05:00:00 PM,23,13,10
08/23/2015 04:00:00 PM,29,14,15
08/23/2015 03:00:00 PM,12,9,3
08/23/2015 02:00:00 PM,21,16,5
08/23/2015 01:00:00 PM,16,11,5
08/23/2015 12:00:00 PM,23,16,7
08/23/2015 11:00:00 AM,10,7,3
08/23/2015 10:00:00 AM,20,11,9
08/23/2015 09:00:00 AM,22,14,8
08/23/2015 08:00:00 AM,8,6,2
08/23/2015 07:00:00 AM,7,5,2
08/23/2015 06:00:00 AM,2,2,0
08/23/2015 05:00:00 AM,1,0,1
08/23/2015 04:00:00 AM,0,0,0
08/23/2015 03:00:00 AM,1,1,0
08/23/2015 02:00:00 AM,2,1,1
08/23/2015 01:00:00 AM,2,2,0
08/23/2015 12:00:00 AM,4,3,1
08/22/2015 11:00:00 PM,11,6,5
08/22/2015 10:00:00 PM,7,4,3
08/22/2015 09:00:00 PM,9,4,5
08/22/2015 08:00:00 PM,6,3,3
08/22/2015 07:00:00 PM,21,13,8
08/22/2015 06:00:00 PM,26,16,10
08/22/2015 05:00:00 PM,17,10,7
08/22/2015 04:00:00 PM,23,15,8
08/22/2015 03:00:00 PM,19,12,7
08/22/2015 02:00:00 PM,18,13,5
08/22/2015 01:00:00 PM,25,14,11
08/22/2015 12:00:00 PM,22,6,16
08/22/2015 11:00:00 AM,10,6,4
08/22/2015 10:00:00 AM,16,8,8
08/22/2015 09:00:00 AM,25,18,7
08/22/2015 08:00:00 AM,11,7,4
08/22/2015 07:00:00 AM,4,2,2
08/22/2015 06:00:00 AM,3,2,1
08/22/2015 05:00:00 AM,4,3,1
08/22/2015 04:00:00 AM,0,0,0
08/22/2015 03:00:00 AM,2,1,1
08/22/2015 02:00:00 AM,0,0,0
08/22/2015 01:00:00 AM,6,5,1
08/22/2015 12:00:00 AM,10,8,2
08/21/2015 11:00:00 PM,9,3,6
08/21/2015 10:00:00 PM,11,2,9
08/21/2015 09:00:00 PM,12,8,4
08/21/2015 08:00:00 PM,10,6,4
08/21/2015 07:00:00 PM,24,14,10
08/21/2015 06:00:00 PM,54,34,20
08/21/2015 05:00:00 PM,139,102,37
08/21/2015 04:00:00 PM,111,75,36
08/21/2015 03:00:00 PM,72,49,23
08/21/2015 02:00:00 PM,35,26,9
08/21/2015 01:00:00 PM,29,18,11
08/21/2015 12:00:00 PM,36,14,22
08/21/2015 11:00:00 AM,45,20,25
08/21/2015 10:00:00 AM,20,11,9
08/21/2015 09:00:00 AM,66,33,33
08/21/2015 08:00:00 AM,91,61,30
08/21/2015 07:00:00 AM,77,57,20
08/21/2015 06:00:00 AM,32,19,13
08/21/2015 05:00:00 AM,3,1,2
08/21/2015 04:00:00 AM,1,0,1
08/21/2015 03:00:00 AM,3,1,2
08/21/2015 02:00:00 AM,1,1,0
08/21/2015 01:00:00 AM,2,1,1
08/21/2015 12:00:00 AM,6,2,4
08/20/2015 11:00:00 PM,5,3,2
08/20/2015 10:00:00 PM,4,4,0
08/20/2015 09:00:00 PM,11,9,2
08/20/2015 08:00:00 PM,24,17,7
08/20/2015 07:00:00 PM,37,28,9
08/20/2015 06:00:00 PM,80,49,31
08/20/2015 05:00:00 PM,171,116,55
08/20/2015 04:00:00 PM,100,81,19
08/20/2015 03:00:00 PM,60,37,23
08/20/2015 02:00:00 PM,27,16,11
08/20/2015 01:00:00 PM,36,21,15
08/20/2015 12:00:00 PM,39,22,17
08/20/2015 11:00:00 AM,38,26,12
08/20/2015 10:00:00 AM,25,14,11
08/20/2015 09:00:00 AM,52,38,14
08/20/2015 08:00:00 AM,116,83,33
08/20/2015 07:00:00 AM,73,46,27
08/20/2015 06:00:00 AM,38,23,15
08/20/2015 05:00:00 AM,15,8,7
08/20/2015 04:00:00 AM,1,0,1
08/20/2015 03:00:00 AM,0,0,0
08/20/2015 02:00:00 AM,2,1,1
08/20/2015 01:00:00 AM,0,0,0
08/20/2015 12:00:00 AM,4,4,0
08/19/2015 11:00:00 PM,9,4,5
08/19/2015 10:00:00 PM,16,10,6
08/19/2015 09:00:00 PM,33,8,25
08/19/2015 08:00:00 PM,24,15,9
08/19/2015 07:00:00 PM,42,34,8
08/19/2015 06:00:00 PM,90,67,23
08/19/2015 05:00:00 PM,173,139,34
08/19/2015 04:00:00 PM,127,92,35
08/19/2015 03:00:00 PM,70,43,27
08/19/2015 02:00:00 PM,36,22,14
08/19/2015 01:00:00 PM,31,21,10
08/19/2015 12:00:00 PM,33,19,14
08/19/2015 11:00:00 AM,27,17,10
08/19/2015 10:00:00 AM,35,23,12
08/19/2015 09:00:00 AM,68,47,21
08/19/2015 08:00:00 AM,134,100,34
08/19/2015 07:00:00 AM,78,56,22
08/19/2015 06:00:00 AM,47,33,14
08/19/2015 05:00:00 AM,14,6,8
08/19/2015 04:00:00 AM,0,0,0
08/19/2015 03:00:00 AM,1,1,0
08/19/2015 02:00:00 AM,1,1,0
08/19/2015 01:00:00 AM,2,2,0
08/19/2015 12:00:00 AM,2,1,1
08/18/2015 11:00:00 PM,5,4,1
08/18/2015 10:00:00 PM,6,2,4
08/18/2015 09:00:00 PM,12,6,6
08/18/2015 08:00:00 PM,25,22,3
08/18/2015 07:00:00 PM,32,20,12
08/18/2015 06:00:00 PM,68,41,27
08/18/2015 05:00:00 PM,186,127,59
08/18/2015 04:00:00 PM,116,79,37
08/18/2015 03:00:00 PM,68,44,24
08/18/2015 02:00:00 PM,46,27,19
08/18/2015 01:00:00 PM,33,18,15
08/18/2015 12:00:00 PM,24,13,11
08/18/2015 11:00:00 AM,42,27,15
08/18/2015 10:00:00 AM,29,17,12
08/18/2015 09:00:00 AM,73,44,29
08/18/2015 08:00:00 AM,119,82,37
08/18/2015 07:00:00 AM,98,61,37
08/18/2015 06:00:00 AM,38,25,13
08/18/2015 05:00:00 AM,14,6,8
08/18/2015 04:00:00 AM,0,0,0
08/18/2015 03:00:00 AM,1,1,0
08/18/2015 02:00:00 AM,2,1,1
08/18/2015 01:00:00 AM,0,0,0
08/18/2015 12:00:00 AM,4,3,1
08/17/2015 11:00:00 PM,7,4,3
08/17/2015 10:00:00 PM,5,2,3
08/17/2015 09:00:00 PM,10,9,1
08/17/2015 08:00:00 PM,11,8,3
08/17/2015 07:00:00 PM,30,19,11
08/17/2015 06:00:00 PM,71,48,23
08/17/2015 05:00:00 PM,148,91,57
08/17/2015 04:00:00 PM,110,73,37
08/17/2015 03:00:00 PM,71,50,21
08/17/2015 02:00:00 PM,36,23,13
08/17/2015 01:00:00 PM,30,15,15
08/17/2015 12:00:00 PM,28,18,10
08/17/2015 11:00:00 AM,27,16,11
08/17/2015 10:00:00 AM,31,23,8
08/17/2015 09:00:00 AM,70,49,21
08/17/2015 08:00:00 AM,114,71,43
08/17/2015 07:00:00 AM,72,51,21
08/17/2015 06:00:00 AM,34,19,15
08/17/2015 05:00:00 AM,6,3,3
08/17/2015 04:00:00 AM,1,0,1
08/17/2015 03:00:00 AM,1,1,0
08/17/2015 02:00:00 AM,2,2,0
08/17/2015 01:00:00 AM,1,1,0
08/17/2015 12:00:00 AM,1,0,1
08/16/2015 11:00:00 PM,4,4,0
08/16/2015 10:00:00 PM,6,2,4
08/16/2015 09:00:00 PM,6,3,3
08/16/2015 08:00:00 PM,12,6,6
08/16/2015 07:00:00 PM,9,8,1
08/16/2015 06:00:00 PM,14,8,6
08/16/2015 05:00:00 PM,32,13,19
08/16/2015 04:00:00 PM,60,11,49
08/16/2015 03:00:00 PM,28,20,8
08/16/2015 02:00:00 PM,29,16,13
08/16/2015 01:00:00 PM,84,73,11
08/16/2015 12:00:00 PM,41,36,5
08/16/2015 11:00:00 AM,30,29,1
08/16/2015 10:00:00 AM,13,9,4
08/16/2015 09:00:00 AM,10,6,4
08/16/2015 08:00:00 AM,11,7,4
08/16/2015 07:00:00 AM,3,1,2
08/16/2015 06:00:00 AM,3,2,1
08/16/2015 05:00:00 AM,3,3,0
08/16/2015 04:00:00 AM,1,1,0
08/16/2015 03:00:00 AM,1,1,0
08/16/2015 02:00:00 AM,2,2,0
08/16/2015 01:00:00 AM,1,1,0
08/16/2015 12:00:00 AM,6,5,1
08/15/2015 11:00:00 PM,5,3,2
08/15/2015 10:00:00 PM,9,6,3
08/15/2015 09:00:00 PM,10,6,4
08/15/2015 08:00:00 PM,15,8,7
08/15/2015 07:00:00 PM,16,8,8
08/15/2015 06:00:00 PM,9,5,4
08/15/2015 05:00:00 PM,14,8,6
08/15/2015 04:00:00 PM,37,22,15
08/15/2015 03:00:00 PM,33,14,19
08/15/2015 02:00:00 PM,28,16,12
08/15/2015 01:00:00 PM,29,20,9
08/15/2015 12:00:00 PM,14,11,3
08/15/2015 11:00:00 AM,19,13,6
08/15/2015 10:00:00 AM,12,5,7
08/15/2015 09:00:00 AM,7,5,2
08/15/2015 08:00:00 AM,20,17,3
08/15/2015 07:00:00 AM,7,5,2
08/15/2015 06:00:00 AM,4,2,2
08/15/2015 05:00:00 AM,1,1,0
08/15/2015 04:00:00 AM,1,0,1
08/15/2015 03:00:00 AM,1,1,0
08/15/2015 02:00:00 AM,0,0,0
08/15/2015 01:00:00 AM,0,0,0
08/15/2015 12:00:00 AM,4,4,0
08/14/2015 11:00:00 PM,4,0,4
08/14/2015 10:00:00 PM,9,3,6
08/14/2015 09:00:00 PM,6,4,2
08/14/2015 08:00:00 PM,11,9,2
08/14/2015 07:00:00 PM,20,15,5
08/14/2015 06:00:00 PM,34,24,10
08/14/2015 05:00:00 PM,53,36,17
08/14/2015 04:00:00 PM,56,38,18
08/14/2015 03:00:00 PM,33,24,9
08/14/2015 02:00:00 PM,21,13,8
08/14/2015 01:00:00 PM,25,13,12
08/14/2015 12:00:00 PM,33,20,13
08/14/2015 11:00:00 AM,27,22,5
08/14/2015 10:00:00 AM,16,11,5
08/14/2015 09:00:00 AM,40,27,13
08/14/2015 08:00:00 AM,79,54,25
08/14/2015 07:00:00 AM,47,38,9
08/14/2015 06:00:00 AM,21,11,10
08/14/2015 05:00:00 AM,3,1,2
08/14/2015 04:00:00 AM,1,1,0
08/14/2015 03:00:00 AM,0,0,0
08/14/2015 02:00:00 AM,2,1,1
08/14/2015 01:00:00 AM,3,1,2
08/14/2015 12:00:00 AM,3,2,1
08/13/2015 11:00:00 PM,9,6,3
08/13/2015 10:00:00 PM,7,4,3
08/13/2015 09:00:00 PM,17,14,3
08/13/2015 08:00:00 PM,19,13,6
08/13/2015 07:00:00 PM,27,17,10
08/13/2015 06:00:00 PM,82,51,31
08/13/2015 05:00:00 PM,173,108,65
08/13/2015 04:00:00 PM,100,67,33
08/13/2015 03:00:00 PM,50,37,13
08/13/2015 02:00:00 PM,36,23,13
08/13/2015 01:00:00 PM,46,32,14
08/13/2015 12:00:00 PM,36,17,19
08/13/2015 11:00:00 AM,28,19,9
08/13/2015 10:00:00 AM,33,20,13
08/13/2015 09:00:00 AM,57,36,21
08/13/2015 08:00:00 AM,131,91,40
08/13/2015 07:00:00 AM,86,54,32
08/13/2015 06:00:00 AM,40,21,19
08/13/2015 05:00:00 AM,10,4,6
08/13/2015 04:00:00 AM,0,0,0
08/13/2015 03:00:00 AM,0,0,0
08/13/2015 02:00:00 AM,3,2,1
08/13/2015 01:00:00 AM,2,2,0
08/13/2015 12:00:00 AM,5,3,2
08/12/2015 11:00:00 PM,5,2,3
08/12/2015 10:00:00 PM,9,4,5
08/12/2015 09:00:00 PM,14,11,3
08/12/2015 08:00:00 PM,14,12,2
08/12/2015 07:00:00 PM,20,9,11
08/12/2015 06:00:00 PM,63,38,25
08/12/2015 05:00:00 PM,172,112,60
08/12/2015 04:00:00 PM,126,78,48
08/12/2015 03:00:00 PM,68,41,27
08/12/2015 02:00:00 PM,24,14,10
08/12/2015 01:00:00 PM,28,15,13
08/12/2015 12:00:00 PM,45,32,13
08/12/2015 11:00:00 AM,29,17,12
08/12/2015 10:00:00 AM,35,28,7
08/12/2015 09:00:00 AM,60,40,20
08/12/2015 08:00:00 AM,121,81,40
08/12/2015 07:00:00 AM,95,68,27
08/12/2015 06:00:00 AM,36,20,16
08/12/2015 05:00:00 AM,13,5,8
08/12/2015 04:00:00 AM,1,0,1
08/12/2015 03:00:00 AM,1,1,0
08/12/2015 02:00:00 AM,1,0,1
08/12/2015 01:00:00 AM,0,0,0
08/12/2015 12:00:00 AM,5,5,0
08/11/2015 11:00:00 PM,6,1,5
08/11/2015 10:00:00 PM,15,6,9
08/11/2015 09:00:00 PM,12,7,5
08/11/2015 08:00:00 PM,17,15,2
08/11/2015 07:00:00 PM,38,26,12
08/11/2015 06:00:00 PM,82,48,34
08/11/2015 05:00:00 PM,181,121,60
08/11/2015 04:00:00 PM,113,87,26
08/11/2015 03:00:00 PM,67,48,19
08/11/2015 02:00:00 PM,32,23,9
08/11/2015 01:00:00 PM,44,28,16
08/11/2015 12:00:00 PM,40,27,13
08/11/2015 11:00:00 AM,36,22,14
08/11/2015 10:00:00 AM,27,18,9
08/11/2015 09:00:00 AM,63,36,27
08/11/2015 08:00:00 AM,144,95,49
08/11/2015 07:00:00 AM,92,62,30
08/11/2015 06:00:00 AM,42,25,17
08/11/2015 05:00:00 AM,11,4,7
08/11/2015 04:00:00 AM,0,0,0
08/11/2015 03:00:00 AM,1,1,0
08/11/2015 02:00:00 AM,1,1,0
08/11/2015 01:00:00 AM,3,2,1
08/11/2015 12:00:00 AM,3,3,0
08/10/2015 11:00:00 PM,4,3,1
08/10/2015 10:00:00 PM,5,1,4
08/10/2015 09:00:00 PM,11,6,5
08/10/2015 08:00:00 PM,10,4,6
08/10/2015 07:00:00 PM,36,26,10
08/10/2015 06:00:00 PM,78,55,23
08/10/2015 05:00:00 PM,142,98,44
08/10/2015 04:00:00 PM,102,68,34
08/10/2015 03:00:00 PM,57,45,12
08/10/2015 02:00:00 PM,25,15,10
08/10/2015 01:00:00 PM,24,12,12
08/10/2015 12:00:00 PM,23,16,7
08/10/2015 11:00:00 AM,37,23,14
08/10/2015 10:00:00 AM,31,18,13
08/10/2015 09:00:00 AM,42,27,15
08/10/2015 08:00:00 AM,112,62,50
08/10/2015 07:00:00 AM,77,53,24
08/10/2015 06:00:00 AM,44,28,16
08/10/2015 05:00:00 AM,14,3,11
08/10/2015 04:00:00 AM,4,1,3
08/10/2015 03:00:00 AM,0,0,0
08/10/2015 02:00:00 AM,0,0,0
08/10/2015 01:00:00 AM,0,0,0
08/10/2015 12:00:00 AM,0,0,0
08/09/2015 11:00:00 PM,3,1,2
08/09/2015 10:00:00 PM,10,6,4
08/09/2015 09:00:00 PM,6,3,3
08/09/2015 08:00:00 PM,5,1,4
08/09/2015 07:00:00 PM,12,4,8
08/09/2015 06:00:00 PM,21,6,15
08/09/2015 05:00:00 PM,16,8,8
08/09/2015 04:00:00 PM,31,20,11
08/09/2015 03:00:00 PM,19,10,9
08/09/2015 02:00:00 PM,17,14,3
08/09/2015 01:00:00 PM,35,17,18
08/09/2015 12:00:00 PM,28,24,4
08/09/2015 11:00:00 AM,21,12,9
08/09/2015 10:00:00 AM,15,12,3
08/09/2015 09:00:00 AM,7,2,5
08/09/2015 08:00:00 AM,6,6,0
08/09/2015 07:00:00 AM,5,3,2
08/09/2015 06:00:00 AM,11,10,1
08/09/2015 05:00:00 AM,2,1,1
08/09/2015 04:00:00 AM,1,0,1
08/09/2015 03:00:00 AM,1,1,0
08/09/2015 02:00:00 AM,1,1,0
08/09/2015 01:00:00 AM,4,2,2
08/09/2015 12:00:00 AM,4,0,4
08/08/2015 11:00:00 PM,14,6,8
08/08/2015 10:00:00 PM,13,6,7
08/08/2015 09:00:00 PM,10,3,7
08/08/2015 08:00:00 PM,15,11,4
08/08/2015 07:00:00 PM,9,5,4
08/08/2015 06:00:00 PM,18,13,5
08/08/2015 05:00:00 PM,24,17,7
08/08/2015 04:00:00 PM,31,19,12
08/08/2015 03:00:00 PM,28,16,12
08/08/2015 02:00:00 PM,12,11,1
08/08/2015 01:00:00 PM,27,17,10
08/08/2015 12:00:00 PM,22,13,9
08/08/2015 11:00:00 AM,17,12,5
08/08/2015 10:00:00 AM,32,23,9
08/08/2015 09:00:00 AM,15,9,6
08/08/2015 08:00:00 AM,18,17,1
08/08/2015 07:00:00 AM,2,0,2
08/08/2015 06:00:00 AM,4,3,1
08/08/2015 05:00:00 AM,3,1,2
08/08/2015 04:00:00 AM,1,0,1
08/08/2015 03:00:00 AM,0,0,0
08/08/2015 02:00:00 AM,1,0,1
08/08/2015 01:00:00 AM,12,1,11
08/08/2015 12:00:00 AM,13,6,7
08/07/2015 11:00:00 PM,15,5,10
08/07/2015 10:00:00 PM,15,5,10
08/07/2015 09:00:00 PM,16,7,9
08/07/2015 08:00:00 PM,19,13,6
08/07/2015 07:00:00 PM,33,22,11
08/07/2015 06:00:00 PM,61,43,18
08/07/2015 05:00:00 PM,134,86,48
08/07/2015 04:00:00 PM,101,62,39
08/07/2015 03:00:00 PM,80,50,30
08/07/2015 02:00:00 PM,46,30,16
08/07/2015 01:00:00 PM,37,17,20
08/07/2015 12:00:00 PM,41,33,8
08/07/2015 11:00:00 AM,31,19,12
08/07/2015 10:00:00 AM,31,21,10
08/07/2015 09:00:00 AM,36,25,11
08/07/2015 08:00:00 AM,108,66,42
08/07/2015 07:00:00 AM,61,41,20
08/07/2015 06:00:00 AM,30,18,12
08/07/2015 05:00:00 AM,6,3,3
08/07/2015 04:00:00 AM,0,0,0
08/07/2015 03:00:00 AM,0,0,0
08/07/2015 02:00:00 AM,1,1,0
08/07/2015 01:00:00 AM,1,0,1
08/07/2015 12:00:00 AM,7,4,3
08/06/2015 11:00:00 PM,6,3,3
08/06/2015 10:00:00 PM,9,2,7
08/06/2015 09:00:00 PM,13,7,6
08/06/2015 08:00:00 PM,25,13,12
08/06/2015 07:00:00 PM,35,23,12
08/06/2015 06:00:00 PM,79,55,24
08/06/2015 05:00:00 PM,163,110,53
08/06/2015 04:00:00 PM,101,71,30
08/06/2015 03:00:00 PM,57,46,11
08/06/2015 02:00:00 PM,33,23,10
08/06/2015 01:00:00 PM,43,34,9
08/06/2015 12:00:00 PM,29,19,10
08/06/2015 11:00:00 AM,33,21,12
08/06/2015 10:00:00 AM,29,19,10
08/06/2015 09:00:00 AM,52,31,21
08/06/2015 08:00:00 AM,131,84,47
08/06/2015 07:00:00 AM,86,56,30
08/06/2015 06:00:00 AM,30,15,15
08/06/2015 05:00:00 AM,15,6,9
08/06/2015 04:00:00 AM,0,0,0
08/06/2015 03:00:00 AM,1,1,0
08/06/2015 02:00:00 AM,0,0,0
08/06/2015 01:00:00 AM,0,0,0
08/06/2015 12:00:00 AM,9,8,1
08/05/2015 11:00:00 PM,11,5,6
08/05/2015 10:00:00 PM,11,6,5
08/05/2015 09:00:00 PM,9,7,2
08/05/2015 08:00:00 PM,14,10,4
08/05/2015 07:00:00 PM,19,13,6
08/05/2015 06:00:00 PM,66,42,24
08/05/2015 05:00:00 PM,177,107,70
08/05/2015 04:00:00 PM,109,72,37
08/05/2015 03:00:00 PM,65,44,21
08/05/2015 02:00:00 PM,44,31,13
08/05/2015 01:00:00 PM,31,22,9
08/05/2015 12:00:00 PM,30,23,7
08/05/2015 11:00:00 AM,34,27,7
08/05/2015 10:00:00 AM,29,20,9
08/05/2015 09:00:00 AM,59,38,21
08/05/2015 08:00:00 AM,135,89,46
08/05/2015 07:00:00 AM,78,55,23
08/05/2015 06:00:00 AM,39,27,12
08/05/2015 05:00:00 AM,8,4,4
08/05/2015 04:00:00 AM,0,0,0
08/05/2015 03:00:00 AM,0,0,0
08/05/2015 02:00:00 AM,1,1,0
08/05/2015 01:00:00 AM,1,0,1
08/05/2015 12:00:00 AM,3,3,0
08/04/2015 11:00:00 PM,3,2,1
08/04/2015 10:00:00 PM,10,8,2
08/04/2015 09:00:00 PM,9,7,2
08/04/2015 08:00:00 PM,19,14,5
08/04/2015 07:00:00 PM,18,10,8
08/04/2015 06:00:00 PM,73,45,28
08/04/2015 05:00:00 PM,170,109,61
08/04/2015 04:00:00 PM,114,89,25
08/04/2015 03:00:00 PM,59,43,16
08/04/2015 02:00:00 PM,23,11,12
08/04/2015 01:00:00 PM,29,21,8
08/04/2015 12:00:00 PM,34,23,11
08/04/2015 11:00:00 AM,24,14,10
08/04/2015 10:00:00 AM,24,15,9
08/04/2015 09:00:00 AM,53,34,19
08/04/2015 08:00:00 AM,123,75,48
08/04/2015 07:00:00 AM,104,70,34
08/04/2015 06:00:00 AM,40,29,11
08/04/2015 05:00:00 AM,8,4,4
08/04/2015 04:00:00 AM,0,0,0
08/04/2015 03:00:00 AM,1,1,0
08/04/2015 02:00:00 AM,0,0,0
08/04/2015 01:00:00 AM,2,2,0
08/04/2015 12:00:00 AM,7,7,0
08/03/2015 11:00:00 PM,5,4,1
08/03/2015 10:00:00 PM,12,7,5
08/03/2015 09:00:00 PM,14,9,5
08/03/2015 08:00:00 PM,17,10,7
08/03/2015 07:00:00 PM,22,13,9
08/03/2015 06:00:00 PM,79,56,23
08/03/2015 05:00:00 PM,158,100,58
08/03/2015 04:00:00 PM,96,72,24
08/03/2015 03:00:00 PM,62,43,19
08/03/2015 02:00:00 PM,31,26,5
08/03/2015 01:00:00 PM,29,19,10
08/03/2015 12:00:00 PM,23,15,8
08/03/2015 11:00:00 AM,31,16,15
08/03/2015 10:00:00 AM,31,23,8
08/03/2015 09:00:00 AM,50,28,22
08/03/2015 08:00:00 AM,106,67,39
08/03/2015 07:00:00 AM,76,50,26
08/03/2015 06:00:00 AM,36,24,12
08/03/2015 05:00:00 AM,9,3,6
08/03/2015 04:00:00 AM,0,0,0
08/03/2015 03:00:00 AM,0,0,0
08/03/2015 02:00:00 AM,1,1,0
08/03/2015 01:00:00 AM,0,0,0
08/03/2015 12:00:00 AM,1,1,0
08/02/2015 11:00:00 PM,5,4,1
08/02/2015 10:00:00 PM,3,1,2
08/02/2015 09:00:00 PM,11,9,2
08/02/2015 08:00:00 PM,11,8,3
08/02/2015 07:00:00 PM,10,5,5
08/02/2015 06:00:00 PM,18,9,9
08/02/2015 05:00:00 PM,27,15,12
08/02/2015 04:00:00 PM,31,24,7
08/02/2015 03:00:00 PM,27,17,10
08/02/2015 02:00:00 PM,22,11,11
08/02/2015 01:00:00 PM,20,14,6
08/02/2015 12:00:00 PM,22,19,3
08/02/2015 11:00:00 AM,15,14,1
08/02/2015 10:00:00 AM,16,8,8
08/02/2015 09:00:00 AM,7,3,4
08/02/2015 08:00:00 AM,4,2,2
08/02/2015 07:00:00 AM,2,2,0
08/02/2015 06:00:00 AM,1,1,0
08/02/2015 05:00:00 AM,3,2,1
08/02/2015 04:00:00 AM,0,0,0
08/02/2015 03:00:00 AM,0,0,0
08/02/2015 02:00:00 AM,2,1,1
08/02/2015 01:00:00 AM,1,0,1
08/02/2015 12:00:00 AM,6,3,3
08/01/2015 11:00:00 PM,5,1,4
08/01/2015 10:00:00 PM,9,4,5
08/01/2015 09:00:00 PM,36,3,33
08/01/2015 08:00:00 PM,13,7,6
08/01/2015 07:00:00 PM,5,3,2
08/01/2015 06:00:00 PM,42,36,6
08/01/2015 05:00:00 PM,33,22,11
08/01/2015 04:00:00 PM,14,8,6
08/01/2015 03:00:00 PM,29,17,12
08/01/2015 02:00:00 PM,31,22,9
08/01/2015 01:00:00 PM,27,22,5
08/01/2015 12:00:00 PM,33,21,12
08/01/2015 11:00:00 AM,26,21,5
08/01/2015 10:00:00 AM,7,6,1
08/01/2015 09:00:00 AM,17,8,9
08/01/2015 08:00:00 AM,20,13,7
08/01/2015 07:00:00 AM,5,2,3
08/01/2015 06:00:00 AM,3,1,2
08/01/2015 05:00:00 AM,1,0,1
08/01/2015 04:00:00 AM,2,1,1
08/01/2015 03:00:00 AM,0,0,0
08/01/2015 02:00:00 AM,0,0,0
08/01/2015 01:00:00 AM,2,2,0
08/01/2015 12:00:00 AM,1,1,0
07/31/2015 11:00:00 PM,9,6,3
07/31/2015 10:00:00 PM,21,14,7
07/31/2015 09:00:00 PM,9,6,3
07/31/2015 08:00:00 PM,12,7,5
07/31/2015 07:00:00 PM,29,15,14
07/31/2015 06:00:00 PM,49,35,14
07/31/2015 05:00:00 PM,145,95,50
07/31/2015 04:00:00 PM,102,75,27
07/31/2015 03:00:00 PM,67,51,16
07/31/2015 02:00:00 PM,44,30,14
07/31/2015 01:00:00 PM,37,27,10
07/31/2015 12:00:00 PM,38,21,17
07/31/2015 11:00:00 AM,46,34,12
07/31/2015 10:00:00 AM,38,18,20
07/31/2015 09:00:00 AM,61,44,17
07/31/2015 08:00:00 AM,108,71,37
07/31/2015 07:00:00 AM,68,46,22
07/31/2015 06:00:00 AM,34,22,12
07/31/2015 05:00:00 AM,7,2,5
07/31/2015 04:00:00 AM,0,0,0
07/31/2015 03:00:00 AM,0,0,0
07/31/2015 02:00:00 AM,0,0,0
07/31/2015 01:00:00 AM,2,1,1
07/31/2015 12:00:00 AM,4,4,0
07/30/2015 11:00:00 PM,2,1,1
07/30/2015 10:00:00 PM,23,10,13
07/30/2015 09:00:00 PM,17,12,5
07/30/2015 08:00:00 PM,11,6,5
07/30/2015 07:00:00 PM,49,37,12
07/30/2015 06:00:00 PM,78,53,25
07/30/2015 05:00:00 PM,118,80,38
07/30/2015 04:00:00 PM,95,77,18
07/30/2015 03:00:00 PM,50,36,14
07/30/2015 02:00:00 PM,31,15,16
07/30/2015 01:00:00 PM,33,19,14
07/30/2015 12:00:00 PM,26,13,13
07/30/2015 11:00:00 AM,22,16,6
07/30/2015 10:00:00 AM,39,35,4
07/30/2015 09:00:00 AM,47,26,21
07/30/2015 08:00:00 AM,136,89,47
07/30/2015 07:00:00 AM,86,60,26
07/30/2015 06:00:00 AM,43,26,17
07/30/2015 05:00:00 AM,10,4,6
07/30/2015 04:00:00 AM,1,1,0
07/30/2015 03:00:00 AM,0,0,0
07/30/2015 02:00:00 AM,0,0,0
07/30/2015 01:00:00 AM,1,1,0
07/30/2015 12:00:00 AM,5,1,4
07/29/2015 11:00:00 PM,6,5,1
07/29/2015 10:00:00 PM,5,3,2
07/29/2015 09:00:00 PM,13,9,4
07/29/2015 08:00:00 PM,17,10,7
07/29/2015 07:00:00 PM,31,22,9
07/29/2015 06:00:00 PM,63,38,25
07/29/2015 05:00:00 PM,155,102,53
07/29/2015 04:00:00 PM,123,88,35
07/29/2015 03:00:00 PM,62,45,17
07/29/2015 02:00:00 PM,33,19,14
07/29/2015 01:00:00 PM,35,24,11
07/29/2015 12:00:00 PM,59,44,15
07/29/2015 11:00:00 AM,40,29,11
07/29/2015 10:00:00 AM,36,25,11
07/29/2015 09:00:00 AM,62,32,30
07/29/2015 08:00:00 AM,142,96,46
07/29/2015 07:00:00 AM,90,59,31
07/29/2015 06:00:00 AM,43,31,12
07/29/2015 05:00:00 AM,13,6,7
07/29/2015 04:00:00 AM,0,0,0
07/29/2015 03:00:00 AM,2,2,0
07/29/2015 02:00:00 AM,0,0,0
07/29/2015 01:00:00 AM,1,0,1
07/29/2015 12:00:00 AM,8,6,2
07/28/2015 11:00:00 PM,5,0,5
07/28/2015 10:00:00 PM,15,3,12
07/28/2015 09:00:00 PM,19,7,12
07/28/2015 08:00:00 PM,12,7,5
07/28/2015 07:00:00 PM,32,22,10
07/28/2015 06:00:00 PM,87,69,18
07/28/2015 05:00:00 PM,163,104,59
07/28/2015 04:00:00 PM,137,103,34
07/28/2015 03:00:00 PM,62,39,23
07/28/2015 02:00:00 PM,27,16,11
07/28/2015 01:00:00 PM,30,21,9
07/28/2015 12:00:00 PM,46,31,15
07/28/2015 11:00:00 AM,46,26,20
07/28/2015 10:00:00 AM,31,17,14
07/28/2015 09:00:00 AM,59,36,23
07/28/2015 08:00:00 AM,133,93,40
07/28/2015 07:00:00 AM,103,64,39
07/28/2015 06:00:00 AM,50,36,14
07/28/2015 05:00:00 AM,9,5,4
07/28/2015 04:00:00 AM,1,1,0
07/28/2015 03:00:00 AM,0,0,0
07/28/2015 02:00:00 AM,1,1,0
07/28/2015 01:00:00 AM,1,1,0
07/28/2015 12:00:00 AM,2,2,0
07/27/2015 11:00:00 PM,6,2,4
07/27/2015 10:00:00 PM,11,7,4
07/27/2015 09:00:00 PM,19,15,4
07/27/2015 08:00:00 PM,17,9,8
07/27/2015 07:00:00 PM,23,16,7
07/27/2015 06:00:00 PM,75,46,29
07/27/2015 05:00:00 PM,129,87,42
07/27/2015 04:00:00 PM,93,74,19
07/27/2015 03:00:00 PM,63,50,13
07/27/2015 02:00:00 PM,45,26,19
07/27/2015 01:00:00 PM,38,28,10
07/27/2015 12:00:00 PM,30,16,14
07/27/2015 11:00:00 AM,23,15,8
07/27/2015 10:00:00 AM,26,17,9
07/27/2015 09:00:00 AM,48,31,17
07/27/2015 08:00:00 AM,122,76,46
07/27/2015 07:00:00 AM,55,35,20
07/27/2015 06:00:00 AM,36,21,15
07/27/2015 05:00:00 AM,12,3,9
07/27/2015 04:00:00 AM,1,1,0
07/27/2015 03:00:00 AM,1,1,0
07/27/2015 02:00:00 AM,0,0,0
07/27/2015 01:00:00 AM,2,1,1
07/27/2015 12:00:00 AM,0,0,0
07/26/2015 11:00:00 PM,3,1,2
07/26/2015 10:00:00 PM,4,2,2
07/26/2015 09:00:00 PM,7,4,3
07/26/2015 08:00:00 PM,5,1,4
07/26/2015 07:00:00 PM,9,5,4
07/26/2015 06:00:00 PM,6,6,0
07/26/2015 05:00:00 PM,7,3,4
07/26/2015 04:00:00 PM,7,3,4
07/26/2015 03:00:00 PM,13,8,5
07/26/2015 02:00:00 PM,18,7,11
07/26/2015 01:00:00 PM,21,11,10
07/26/2015 12:00:00 PM,14,9,5
07/26/2015 11:00:00 AM,8,6,2
07/26/2015 10:00:00 AM,17,14,3
07/26/2015 09:00:00 AM,14,12,2
07/26/2015 08:00:00 AM,7,5,2
07/26/2015 07:00:00 AM,3,2,1
07/26/2015 06:00:00 AM,2,0,2
07/26/2015 05:00:00 AM,4,1,3
07/26/2015 04:00:00 AM,1,1,0
07/26/2015 03:00:00 AM,0,0,0
07/26/2015 02:00:00 AM,1,1,0
07/26/2015 01:00:00 AM,0,0,0
07/26/2015 12:00:00 AM,7,5,2
07/25/2015 11:00:00 PM,7,6,1
07/25/2015 10:00:00 PM,8,4,4
07/25/2015 09:00:00 PM,13,5,8
07/25/2015 08:00:00 PM,15,5,10
07/25/2015 07:00:00 PM,7,4,3
07/25/2015 06:00:00 PM,6,1,5
07/25/2015 05:00:00 PM,7,6,1
07/25/2015 04:00:00 PM,18,8,10
07/25/2015 03:00:00 PM,23,13,10
07/25/2015 02:00:00 PM,23,11,12
07/25/2015 01:00:00 PM,28,17,11
07/25/2015 12:00:00 PM,26,19,7
07/25/2015 11:00:00 AM,8,7,1
07/25/2015 10:00:00 AM,19,11,8
07/25/2015 09:00:00 AM,8,7,1
07/25/2015 08:00:00 AM,20,18,2
07/25/2015 07:00:00 AM,7,3,4
07/25/2015 06:00:00 AM,2,2,0
07/25/2015 05:00:00 AM,1,0,1
07/25/2015 04:00:00 AM,0,0,0
07/25/2015 03:00:00 AM,1,1,0
07/25/2015 02:00:00 AM,2,2,0
07/25/2015 01:00:00 AM,2,2,0
07/25/2015 12:00:00 AM,6,5,1
07/24/2015 11:00:00 PM,4,2,2
07/24/2015 10:00:00 PM,15,9,6
07/24/2015 09:00:00 PM,10,6,4
07/24/2015 08:00:00 PM,16,13,3
07/24/2015 07:00:00 PM,32,22,10
07/24/2015 06:00:00 PM,55,44,11
07/24/2015 05:00:00 PM,132,88,44
07/24/2015 04:00:00 PM,107,77,30
07/24/2015 03:00:00 PM,62,46,16
07/24/2015 02:00:00 PM,29,19,10
07/24/2015 01:00:00 PM,29,19,10
07/24/2015 12:00:00 PM,39,23,16
07/24/2015 11:00:00 AM,18,12,6
07/24/2015 10:00:00 AM,37,23,14
07/24/2015 09:00:00 AM,44,28,16
07/24/2015 08:00:00 AM,96,68,28
07/24/2015 07:00:00 AM,69,45,24
07/24/2015 06:00:00 AM,35,20,15
07/24/2015 05:00:00 AM,8,4,4
07/24/2015 04:00:00 AM,0,0,0
07/24/2015 03:00:00 AM,0,0,0
07/24/2015 02:00:00 AM,2,2,0
07/24/2015 01:00:00 AM,2,0,2
07/24/2015 12:00:00 AM,1,1,0
07/23/2015 11:00:00 PM,5,3,2
07/23/2015 10:00:00 PM,20,7,13
07/23/2015 09:00:00 PM,12,7,5
07/23/2015 08:00:00 PM,20,10,10
07/23/2015 07:00:00 PM,35,21,14
07/23/2015 06:00:00 PM,77,54,23
07/23/2015 05:00:00 PM,164,109,55
07/23/2015 04:00:00 PM,101,72,29
07/23/2015 03:00:00 PM,54,42,12
07/23/2015 02:00:00 PM,29,17,12
07/23/2015 01:00:00 PM,26,20,6
07/23/2015 12:00:00 PM,30,16,14
07/23/2015 11:00:00 AM,49,22,27
07/23/2015 10:00:00 AM,37,29,8
07/23/2015 09:00:00 AM,48,26,22
07/23/2015 08:00:00 AM,109,76,33
07/23/2015 07:00:00 AM,75,51,24
07/23/2015 06:00:00 AM,35,23,12
07/23/2015 05:00:00 AM,12,6,6
07/23/2015 04:00:00 AM,0,0,0
07/23/2015 03:00:00 AM,0,0,0
07/23/2015 02:00:00 AM,1,0,1
07/23/2015 01:00:00 AM,1,0,1
07/23/2015 12:00:00 AM,4,3,1
07/22/2015 11:00:00 PM,6,3,3
07/22/2015 10:00:00 PM,10,6,4
07/22/2015 09:00:00 PM,18,10,8
07/22/2015 08:00:00 PM,21,10,11
07/22/2015 07:00:00 PM,47,22,25
07/22/2015 06:00:00 PM,67,47,20
07/22/2015 05:00:00 PM,160,120,40
07/22/2015 04:00:00 PM,115,81,34
07/22/2015 03:00:00 PM,61,39,22
07/22/2015 02:00:00 PM,40,22,18
07/22/2015 01:00:00 PM,32,17,15
07/22/2015 12:00:00 PM,41,28,13
07/22/2015 11:00:00 AM,27,13,14
07/22/2015 10:00:00 AM,31,20,11
07/22/2015 09:00:00 AM,52,31,21
07/22/2015 08:00:00 AM,129,83,46
07/22/2015 07:00:00 AM,92,68,24
07/22/2015 06:00:00 AM,42,31,11
07/22/2015 05:00:00 AM,11,5,6
07/22/2015 04:00:00 AM,0,0,0
07/22/2015 03:00:00 AM,1,1,0
07/22/2015 02:00:00 AM,0,0,0
07/22/2015 01:00:00 AM,1,0,1
07/22/2015 12:00:00 AM,3,3,0
07/21/2015 11:00:00 PM,2,1,1
07/21/2015 10:00:00 PM,8,3,5
07/21/2015 09:00:00 PM,10,8,2
07/21/2015 08:00:00 PM,21,14,7
07/21/2015 07:00:00 PM,28,19,9
07/21/2015 06:00:00 PM,65,46,19
07/21/2015 05:00:00 PM,132,79,53
07/21/2015 04:00:00 PM,93,65,28
07/21/2015 03:00:00 PM,42,27,15
07/21/2015 02:00:00 PM,39,21,18
07/21/2015 01:00:00 PM,39,24,15
07/21/2015 12:00:00 PM,30,23,7
07/21/2015 11:00:00 AM,28,20,8
07/21/2015 10:00:00 AM,35,26,9
07/21/2015 09:00:00 AM,69,45,24
07/21/2015 08:00:00 AM,108,82,26
07/21/2015 07:00:00 AM,88,64,24
07/21/2015 06:00:00 AM,48,35,13
07/21/2015 05:00:00 AM,13,5,8
07/21/2015 04:00:00 AM,0,0,0
07/21/2015 03:00:00 AM,3,3,0
07/21/2015 02:00:00 AM,1,1,0
07/21/2015 01:00:00 AM,1,1,0
07/21/2015 12:00:00 AM,0,0,0
07/20/2015 11:00:00 PM,4,3,1
07/20/2015 10:00:00 PM,7,4,3
07/20/2015 09:00:00 PM,16,13,3
07/20/2015 08:00:00 PM,22,9,13
07/20/2015 07:00:00 PM,30,20,10
07/20/2015 06:00:00 PM,73,48,25
07/20/2015 05:00:00 PM,145,101,44
07/20/2015 04:00:00 PM,106,82,24
07/20/2015 03:00:00 PM,57,38,19
07/20/2015 02:00:00 PM,33,24,9
07/20/2015 01:00:00 PM,26,17,9
07/20/2015 12:00:00 PM,21,10,11
07/20/2015 11:00:00 AM,31,21,10
07/20/2015 10:00:00 AM,29,19,10
07/20/2015 09:00:00 AM,52,33,19
07/20/2015 08:00:00 AM,121,80,41
07/20/2015 07:00:00 AM,76,45,31
07/20/2015 06:00:00 AM,34,22,12
07/20/2015 05:00:00 AM,11,3,8
07/20/2015 04:00:00 AM,1,1,0
07/20/2015 03:00:00 AM,1,1,0
07/20/2015 02:00:00 AM,1,1,0
07/20/2015 01:00:00 AM,2,2,0
07/20/2015 12:00:00 AM,6,3,3
07/19/2015 11:00:00 PM,5,4,1
07/19/2015 10:00:00 PM,7,3,4
07/19/2015 09:00:00 PM,13,5,8
07/19/2015 08:00:00 PM,17,9,8
07/19/2015 07:00:00 PM,10,6,4
07/19/2015 06:00:00 PM,19,16,3
07/19/2015 05:00:00 PM,23,11,12
07/19/2015 04:00:00 PM,20,11,9
07/19/2015 03:00:00 PM,25,13,12
07/19/2015 02:00:00 PM,24,19,5
07/19/2015 01:00:00 PM,18,13,5
07/19/2015 12:00:00 PM,15,13,2
07/19/2015 11:00:00 AM,21,13,8
07/19/2015 10:00:00 AM,19,12,7
07/19/2015 09:00:00 AM,13,5,8
07/19/2015 08:00:00 AM,12,9,3
07/19/2015 07:00:00 AM,3,2,1
07/19/2015 06:00:00 AM,3,2,1
07/19/2015 05:00:00 AM,2,1,1
07/19/2015 04:00:00 AM,0,0,0
07/19/2015 03:00:00 AM,3,3,0
07/19/2015 02:00:00 AM,0,0,0
07/19/2015 01:00:00 AM,1,0,1
07/19/2015 12:00:00 AM,5,3,2
07/18/2015 11:00:00 PM,9,7,2
07/18/2015 10:00:00 PM,14,7,7
07/18/2015 09:00:00 PM,24,7,17
07/18/2015 08:00:00 PM,10,4,6
07/18/2015 07:00:00 PM,22,12,10
07/18/2015 06:00:00 PM,44,35,9
07/18/2015 05:00:00 PM,28,24,4
07/18/2015 04:00:00 PM,18,11,7
07/18/2015 03:00:00 PM,37,26,11
07/18/2015 02:00:00 PM,32,16,16
07/18/2015 01:00:00 PM,33,20,13
07/18/2015 12:00:00 PM,25,14,11
07/18/2015 11:00:00 AM,22,16,6
07/18/2015 10:00:00 AM,20,15,5
07/18/2015 09:00:00 AM,20,9,11
07/18/2015 08:00:00 AM,22,19,3
07/18/2015 07:00:00 AM,9,5,4
07/18/2015 06:00:00 AM,7,4,3
07/18/2015 05:00:00 AM,1,0,1
07/18/2015 04:00:00 AM,1,1,0
07/18/2015 03:00:00 AM,0,0,0
07/18/2015 02:00:00 AM,1,1,0
07/18/2015 01:00:00 AM,1,1,0
07/18/2015 12:00:00 AM,4,3,1
07/17/2015 11:00:00 PM,11,9,2
07/17/2015 10:00:00 PM,20,5,15
07/17/2015 09:00:00 PM,5,3,2
07/17/2015 08:00:00 PM,17,13,4
07/17/2015 07:00:00 PM,31,26,5
07/17/2015 06:00:00 PM,63,43,20
07/17/2015 05:00:00 PM,123,85,38
07/17/2015 04:00:00 PM,93,60,33
07/17/2015 03:00:00 PM,67,49,18
07/17/2015 02:00:00 PM,45,30,15
07/17/2015 01:00:00 PM,45,30,15
07/17/2015 12:00:00 PM,35,24,11
07/17/2015 11:00:00 AM,27,18,9
07/17/2015 10:00:00 AM,23,14,9
07/17/2015 09:00:00 AM,53,32,21
07/17/2015 08:00:00 AM,103,76,27
07/17/2015 07:00:00 AM,66,45,21
07/17/2015 06:00:00 AM,44,26,18
07/17/2015 05:00:00 AM,10,6,4
07/17/2015 04:00:00 AM,0,0,0
07/17/2015 03:00:00 AM,0,0,0
07/17/2015 02:00:00 AM,1,1,0
07/17/2015 01:00:00 AM,3,2,1
07/17/2015 12:00:00 AM,3,2,1
07/16/2015 11:00:00 PM,8,7,1
07/16/2015 10:00:00 PM,13,8,5
07/16/2015 09:00:00 PM,12,10,2
07/16/2015 08:00:00 PM,23,15,8
07/16/2015 07:00:00 PM,26,16,10
07/16/2015 06:00:00 PM,62,38,24
07/16/2015 05:00:00 PM,154,101,53
07/16/2015 04:00:00 PM,101,72,29
07/16/2015 03:00:00 PM,65,35,30
07/16/2015 02:00:00 PM,46,33,13
07/16/2015 01:00:00 PM,48,39,9
07/16/2015 12:00:00 PM,49,30,19
07/16/2015 11:00:00 AM,27,20,7
07/16/2015 10:00:00 AM,37,21,16
07/16/2015 09:00:00 AM,49,32,17
07/16/2015 08:00:00 AM,120,83,37
07/16/2015 07:00:00 AM,92,50,42
07/16/2015 06:00:00 AM,39,26,13
07/16/2015 05:00:00 AM,11,8,3
07/16/2015 04:00:00 AM,0,0,0
07/16/2015 03:00:00 AM,0,0,0
07/16/2015 02:00:00 AM,2,1,1
07/16/2015 01:00:00 AM,3,2,1
07/16/2015 12:00:00 AM,3,2,1
07/15/2015 11:00:00 PM,10,3,7
07/15/2015 10:00:00 PM,5,5,0
07/15/2015 09:00:00 PM,10,4,6
07/15/2015 08:00:00 PM,23,17,6
07/15/2015 07:00:00 PM,47,29,18
07/15/2015 06:00:00 PM,80,53,27
07/15/2015 05:00:00 PM,163,118,45
07/15/2015 04:00:00 PM,130,86,44
07/15/2015 03:00:00 PM,57,40,17
07/15/2015 02:00:00 PM,37,21,16
07/15/2015 01:00:00 PM,43,27,16
07/15/2015 12:00:00 PM,29,17,12
07/15/2015 11:00:00 AM,38,27,11
07/15/2015 10:00:00 AM,33,24,9
07/15/2015 09:00:00 AM,61,39,22
07/15/2015 08:00:00 AM,116,76,40
07/15/2015 07:00:00 AM,102,64,38
07/15/2015 06:00:00 AM,44,30,14
07/15/2015 05:00:00 AM,13,7,6
07/15/2015 04:00:00 AM,2,1,1
07/15/2015 03:00:00 AM,1,1,0
07/15/2015 02:00:00 AM,3,2,1
07/15/2015 01:00:00 AM,1,0,1
07/15/2015 12:00:00 AM,2,1,1
07/14/2015 11:00:00 PM,2,2,0
07/14/2015 10:00:00 PM,4,2,2
07/14/2015 09:00:00 PM,15,9,6
07/14/2015 08:00:00 PM,22,13,9
07/14/2015 07:00:00 PM,24,13,11
07/14/2015 06:00:00 PM,73,45,28
07/14/2015 05:00:00 PM,165,117,48
07/14/2015 04:00:00 PM,109,78,31
07/14/2015 03:00:00 PM,52,38,14
07/14/2015 02:00:00 PM,49,30,19
07/14/2015 01:00:00 PM,23,14,9
07/14/2015 12:00:00 PM,28,15,13
07/14/2015 11:00:00 AM,32,14,18
07/14/2015 10:00:00 AM,37,25,12
07/14/2015 09:00:00 AM,63,43,20
07/14/2015 08:00:00 AM,135,93,42
07/14/2015 07:00:00 AM,100,73,27
07/14/2015 06:00:00 AM,32,22,10
07/14/2015 05:00:00 AM,12,7,5
07/14/2015 04:00:00 AM,0,0,0
07/14/2015 03:00:00 AM,2,2,0
07/14/2015 02:00:00 AM,1,1,0
07/14/2015 01:00:00 AM,0,0,0
07/14/2015 12:00:00 AM,3,2,1
07/13/2015 11:00:00 PM,2,2,0
07/13/2015 10:00:00 PM,6,5,1
07/13/2015 09:00:00 PM,10,10,0
07/13/2015 08:00:00 PM,11,4,7
07/13/2015 07:00:00 PM,17,15,2
07/13/2015 06:00:00 PM,56,39,17
07/13/2015 05:00:00 PM,129,84,45
07/13/2015 04:00:00 PM,92,65,27
07/13/2015 03:00:00 PM,51,37,14
07/13/2015 02:00:00 PM,24,12,12
07/13/2015 01:00:00 PM,33,23,10
07/13/2015 12:00:00 PM,25,18,7
07/13/2015 11:00:00 AM,34,18,16
07/13/2015 10:00:00 AM,32,20,12
07/13/2015 09:00:00 AM,38,27,11
07/13/2015 08:00:00 AM,110,69,41
07/13/2015 07:00:00 AM,76,48,28
07/13/2015 06:00:00 AM,34,20,14
07/13/2015 05:00:00 AM,13,3,10
07/13/2015 04:00:00 AM,2,1,1
07/13/2015 03:00:00 AM,0,0,0
07/13/2015 02:00:00 AM,0,0,0
07/13/2015 01:00:00 AM,0,0,0
07/13/2015 12:00:00 AM,0,0,0
07/12/2015 11:00:00 PM,2,2,0
07/12/2015 10:00:00 PM,4,2,2
07/12/2015 09:00:00 PM,9,7,2
07/12/2015 08:00:00 PM,13,5,8
07/12/2015 07:00:00 PM,16,11,5
07/12/2015 06:00:00 PM,13,7,6
07/12/2015 05:00:00 PM,24,14,10
07/12/2015 04:00:00 PM,21,13,8
07/12/2015 03:00:00 PM,23,19,4
07/12/2015 02:00:00 PM,14,6,8
07/12/2015 01:00:00 PM,24,17,7
07/12/2015 12:00:00 PM,34,29,5
07/12/2015 11:00:00 AM,18,14,4
07/12/2015 10:00:00 AM,19,9,10
07/12/2015 09:00:00 AM,15,12,3
07/12/2015 08:00:00 AM,12,9,3
07/12/2015 07:00:00 AM,3,3,0
07/12/2015 06:00:00 AM,4,3,1
07/12/2015 05:00:00 AM,0,0,0
07/12/2015 04:00:00 AM,0,0,0
07/12/2015 03:00:00 AM,1,1,0
07/12/2015 02:00:00 AM,0,0,0
07/12/2015 01:00:00 AM,2,0,2
07/12/2015 12:00:00 AM,3,1,2
07/11/2015 11:00:00 PM,10,5,5
07/11/2015 10:00:00 PM,19,7,12
07/11/2015 09:00:00 PM,11,9,2
07/11/2015 08:00:00 PM,10,9,1
07/11/2015 07:00:00 PM,20,16,4
07/11/2015 06:00:00 PM,18,11,7
07/11/2015 05:00:00 PM,25,16,9
07/11/2015 04:00:00 PM,24,16,8
07/11/2015 03:00:00 PM,14,12,2
07/11/2015 02:00:00 PM,32,26,6
07/11/2015 01:00:00 PM,25,10,15
07/11/2015 12:00:00 PM,18,9,9
07/11/2015 11:00:00 AM,15,14,1
07/11/2015 10:00:00 AM,19,9,10
07/11/2015 09:00:00 AM,19,10,9
07/11/2015 08:00:00 AM,18,17,1
07/11/2015 07:00:00 AM,7,4,3
07/11/2015 06:00:00 AM,3,3,0
07/11/2015 05:00:00 AM,5,2,3
07/11/2015 04:00:00 AM,1,1,0
07/11/2015 03:00:00 AM,1,1,0
07/11/2015 02:00:00 AM,0,0,0
07/11/2015 01:00:00 AM,3,3,0
07/11/2015 12:00:00 AM,4,3,1
07/10/2015 11:00:00 PM,10,6,4
07/10/2015 10:00:00 PM,17,6,11
07/10/2015 09:00:00 PM,17,10,7
07/10/2015 08:00:00 PM,18,11,7
07/10/2015 07:00:00 PM,28,20,8
07/10/2015 06:00:00 PM,56,35,21
07/10/2015 05:00:00 PM,129,85,44
07/10/2015 04:00:00 PM,99,65,34
07/10/2015 03:00:00 PM,74,60,14
07/10/2015 02:00:00 PM,48,37,11
07/10/2015 01:00:00 PM,42,28,14
07/10/2015 12:00:00 PM,35,16,19
07/10/2015 11:00:00 AM,37,21,16
07/10/2015 10:00:00 AM,35,26,9
07/10/2015 09:00:00 AM,46,34,12
07/10/2015 08:00:00 AM,108,73,35
07/10/2015 07:00:00 AM,78,60,18
07/10/2015 06:00:00 AM,35,22,13
07/10/2015 05:00:00 AM,9,3,6
07/10/2015 04:00:00 AM,0,0,0
07/10/2015 03:00:00 AM,0,0,0
07/10/2015 02:00:00 AM,2,0,2
07/10/2015 01:00:00 AM,1,1,0
07/10/2015 12:00:00 AM,1,1,0
07/09/2015 11:00:00 PM,8,6,2
07/09/2015 10:00:00 PM,22,12,10
07/09/2015 09:00:00 PM,14,9,5
07/09/2015 08:00:00 PM,32,20,12
07/09/2015 07:00:00 PM,35,24,11
07/09/2015 06:00:00 PM,87,64,23
07/09/2015 05:00:00 PM,166,99,67
07/09/2015 04:00:00 PM,111,74,37
07/09/2015 03:00:00 PM,62,50,12
07/09/2015 02:00:00 PM,31,22,9
07/09/2015 01:00:00 PM,45,26,19
07/09/2015 12:00:00 PM,34,17,17
07/09/2015 11:00:00 AM,34,18,16
07/09/2015 10:00:00 AM,32,21,11
07/09/2015 09:00:00 AM,71,43,28
07/09/2015 08:00:00 AM,119,85,34
07/09/2015 07:00:00 AM,82,65,17
07/09/2015 06:00:00 AM,42,26,16
07/09/2015 05:00:00 AM,15,6,9
07/09/2015 04:00:00 AM,1,1,0
07/09/2015 03:00:00 AM,0,0,0
07/09/2015 02:00:00 AM,0,0,0
07/09/2015 01:00:00 AM,2,1,1
07/09/2015 12:00:00 AM,3,2,1
07/08/2015 11:00:00 PM,5,1,4
07/08/2015 10:00:00 PM,9,9,0
07/08/2015 09:00:00 PM,11,6,5
07/08/2015 08:00:00 PM,24,15,9
07/08/2015 07:00:00 PM,29,15,14
07/08/2015 06:00:00 PM,75,56,19
07/08/2015 05:00:00 PM,160,107,53
07/08/2015 04:00:00 PM,120,80,40
07/08/2015 03:00:00 PM,62,41,21
07/08/2015 02:00:00 PM,38,24,14
07/08/2015 01:00:00 PM,37,20,17
07/08/2015 12:00:00 PM,34,26,8
07/08/2015 11:00:00 AM,32,19,13
07/08/2015 10:00:00 AM,35,17,18
07/08/2015 09:00:00 AM,59,38,21
07/08/2015 08:00:00 AM,149,103,46
07/08/2015 07:00:00 AM,109,75,34
07/08/2015 06:00:00 AM,51,30,21
07/08/2015 05:00:00 AM,12,6,6
07/08/2015 04:00:00 AM,1,0,1
07/08/2015 03:00:00 AM,0,0,0
07/08/2015 02:00:00 AM,0,0,0
07/08/2015 01:00:00 AM,0,0,0
07/08/2015 12:00:00 AM,3,3,0
07/07/2015 11:00:00 PM,6,2,4
07/07/2015 10:00:00 PM,6,3,3
07/07/2015 09:00:00 PM,15,7,8
07/07/2015 08:00:00 PM,18,9,9
07/07/2015 07:00:00 PM,34,19,15
07/07/2015 06:00:00 PM,88,59,29
07/07/2015 05:00:00 PM,170,126,44
07/07/2015 04:00:00 PM,129,97,32
07/07/2015 03:00:00 PM,65,43,22
07/07/2015 02:00:00 PM,35,25,10
07/07/2015 01:00:00 PM,29,19,10
07/07/2015 12:00:00 PM,34,20,14
07/07/2015 11:00:00 AM,42,25,17
07/07/2015 10:00:00 AM,37,22,15
07/07/2015 09:00:00 AM,63,39,24
07/07/2015 08:00:00 AM,138,90,48
07/07/2015 07:00:00 AM,87,60,27
07/07/2015 06:00:00 AM,50,33,17
07/07/2015 05:00:00 AM,13,5,8
07/07/2015 04:00:00 AM,0,0,0
07/07/2015 03:00:00 AM,0,0,0
07/07/2015 02:00:00 AM,2,1,1
07/07/2015 01:00:00 AM,2,1,1
07/07/2015 12:00:00 AM,2,1,1
07/06/2015 11:00:00 PM,1,0,1
07/06/2015 10:00:00 PM,11,6,5
07/06/2015 09:00:00 PM,23,13,10
07/06/2015 08:00:00 PM,15,13,2
07/06/2015 07:00:00 PM,25,12,13
07/06/2015 06:00:00 PM,69,55,14
07/06/2015 05:00:00 PM,141,95,46
07/06/2015 04:00:00 PM,84,60,24
07/06/2015 03:00:00 PM,66,51,15
07/06/2015 02:00:00 PM,26,15,11
07/06/2015 01:00:00 PM,26,17,9
07/06/2015 12:00:00 PM,29,23,6
07/06/2015 11:00:00 AM,25,14,11
07/06/2015 10:00:00 AM,31,24,7
07/06/2015 09:00:00 AM,64,40,24
07/06/2015 08:00:00 AM,110,72,38
07/06/2015 07:00:00 AM,73,55,18
07/06/2015 06:00:00 AM,35,23,12
07/06/2015 05:00:00 AM,10,3,7
07/06/2015 04:00:00 AM,0,0,0
07/06/2015 03:00:00 AM,0,0,0
07/06/2015 02:00:00 AM,3,3,0
07/06/2015 01:00:00 AM,0,0,0
07/06/2015 12:00:00 AM,3,3,0
07/05/2015 11:00:00 PM,1,1,0
07/05/2015 10:00:00 PM,1,1,0
07/05/2015 09:00:00 PM,8,4,4
07/05/2015 08:00:00 PM,6,3,3
07/05/2015 07:00:00 PM,12,7,5
07/05/2015 06:00:00 PM,6,3,3
07/05/2015 05:00:00 PM,20,17,3
07/05/2015 04:00:00 PM,8,3,5
07/05/2015 03:00:00 PM,20,13,7
07/05/2015 02:00:00 PM,17,10,7
07/05/2015 01:00:00 PM,15,13,2
07/05/2015 12:00:00 PM,14,6,8
07/05/2015 11:00:00 AM,20,11,9
07/05/2015 10:00:00 AM,12,6,6
07/05/2015 09:00:00 AM,18,13,5
07/05/2015 08:00:00 AM,8,5,3
07/05/2015 07:00:00 AM,4,2,2
07/05/2015 06:00:00 AM,5,4,1
07/05/2015 05:00:00 AM,0,0,0
07/05/2015 04:00:00 AM,1,1,0
07/05/2015 03:00:00 AM,0,0,0
07/05/2015 02:00:00 AM,0,0,0
07/05/2015 01:00:00 AM,2,2,0
07/05/2015 12:00:00 AM,6,6,0
07/04/2015 11:00:00 PM,20,18,2
07/04/2015 10:00:00 PM,5,4,1
07/04/2015 09:00:00 PM,8,6,2
07/04/2015 08:00:00 PM,5,4,1
07/04/2015 07:00:00 PM,6,5,1
07/04/2015 06:00:00 PM,15,14,1
07/04/2015 05:00:00 PM,14,4,10
07/04/2015 04:00:00 PM,14,8,6
07/04/2015 03:00:00 PM,19,12,7
07/04/2015 02:00:00 PM,15,7,8
07/04/2015 01:00:00 PM,15,8,7
07/04/2015 12:00:00 PM,11,8,3
07/04/2015 11:00:00 AM,19,10,9
07/04/2015 10:00:00 AM,10,8,2
07/04/2015 09:00:00 AM,7,6,1
07/04/2015 08:00:00 AM,14,9,5
07/04/2015 07:00:00 AM,4,1,3
07/04/2015 06:00:00 AM,3,3,0
07/04/2015 05:00:00 AM,3,1,2
07/04/2015 04:00:00 AM,0,0,0
07/04/2015 03:00:00 AM,3,2,1
07/04/2015 02:00:00 AM,3,2,1
07/04/2015 01:00:00 AM,1,0,1
07/04/2015 12:00:00 AM,8,7,1
07/03/2015 11:00:00 PM,10,8,2
07/03/2015 10:00:00 PM,18,7,11
07/03/2015 09:00:00 PM,9,6,3
07/03/2015 08:00:00 PM,10,5,5
07/03/2015 07:00:00 PM,20,16,4
07/03/2015 06:00:00 PM,23,19,4
07/03/2015 05:00:00 PM,33,25,8
07/03/2015 04:00:00 PM,28,18,10
07/03/2015 03:00:00 PM,22,10,12
07/03/2015 02:00:00 PM,16,11,5
07/03/2015 01:00:00 PM,22,14,8
07/03/2015 12:00:00 PM,35,25,10
07/03/2015 11:00:00 AM,42,28,14
07/03/2015 10:00:00 AM,17,13,4
07/03/2015 09:00:00 AM,21,13,8
07/03/2015 08:00:00 AM,22,15,7
07/03/2015 07:00:00 AM,16,11,5
07/03/2015 06:00:00 AM,8,4,4
07/03/2015 05:00:00 AM,4,0,4
07/03/2015 04:00:00 AM,2,2,0
07/03/2015 03:00:00 AM,0,0,0
07/03/2015 02:00:00 AM,1,1,0
07/03/2015 01:00:00 AM,1,1,0
07/03/2015 12:00:00 AM,1,1,0
07/02/2015 11:00:00 PM,3,0,3
07/02/2015 10:00:00 PM,15,13,2
07/02/2015 09:00:00 PM,12,6,6
07/02/2015 08:00:00 PM,32,21,11
07/02/2015 07:00:00 PM,36,28,8
07/02/2015 06:00:00 PM,62,44,18
07/02/2015 05:00:00 PM,118,81,37
07/02/2015 04:00:00 PM,113,76,37
07/02/2015 03:00:00 PM,60,51,9
07/02/2015 02:00:00 PM,48,35,13
07/02/2015 01:00:00 PM,39,27,12
07/02/2015 12:00:00 PM,32,19,13
07/02/2015 11:00:00 AM,37,22,15
07/02/2015 10:00:00 AM,32,20,12
07/02/2015 09:00:00 AM,48,27,21
07/02/2015 08:00:00 AM,122,86,36
07/02/2015 07:00:00 AM,91,59,32
07/02/2015 06:00:00 AM,32,19,13
07/02/2015 05:00:00 AM,9,3,6
07/02/2015 04:00:00 AM,0,0,0
07/02/2015 03:00:00 AM,0,0,0
07/02/2015 02:00:00 AM,0,0,0
07/02/2015 01:00:00 AM,1,1,0
07/02/2015 12:00:00 AM,1,1,0
07/01/2015 11:00:00 PM,5,3,2
07/01/2015 10:00:00 PM,5,2,3
07/01/2015 09:00:00 PM,17,10,7
07/01/2015 08:00:00 PM,18,10,8
07/01/2015 07:00:00 PM,47,34,13
07/01/2015 06:00:00 PM,70,47,23
07/01/2015 05:00:00 PM,149,99,50
07/01/2015 04:00:00 PM,121,78,43
07/01/2015 03:00:00 PM,65,49,16
07/01/2015 02:00:00 PM,35,21,14
07/01/2015 01:00:00 PM,40,22,18
07/01/2015 12:00:00 PM,38,21,17
07/01/2015 11:00:00 AM,26,18,8
07/01/2015 10:00:00 AM,34,29,5
07/01/2015 09:00:00 AM,52,33,19
07/01/2015 08:00:00 AM,133,93,40
07/01/2015 07:00:00 AM,99,62,37
07/01/2015 06:00:00 AM,39,25,14
07/01/2015 05:00:00 AM,12,6,6
07/01/2015 04:00:00 AM,2,2,0
07/01/2015 03:00:00 AM,0,0,0
07/01/2015 02:00:00 AM,0,0,0
07/01/2015 01:00:00 AM,1,1,0
07/01/2015 12:00:00 AM,4,4,0
06/30/2015 11:00:00 PM,3,0,3
06/30/2015 10:00:00 PM,9,3,6
06/30/2015 09:00:00 PM,13,8,5
06/30/2015 08:00:00 PM,28,17,11
06/30/2015 07:00:00 PM,25,15,10
06/30/2015 06:00:00 PM,86,50,36
06/30/2015 05:00:00 PM,149,98,51
06/30/2015 04:00:00 PM,105,83,22
06/30/2015 03:00:00 PM,58,42,16
06/30/2015 02:00:00 PM,31,20,11
06/30/2015 01:00:00 PM,27,17,10
06/30/2015 12:00:00 PM,23,10,13
06/30/2015 11:00:00 AM,33,22,11
06/30/2015 10:00:00 AM,27,18,9
06/30/2015 09:00:00 AM,66,42,24
06/30/2015 08:00:00 AM,117,83,34
06/30/2015 07:00:00 AM,97,62,35
06/30/2015 06:00:00 AM,42,25,17
06/30/2015 05:00:00 AM,12,6,6
06/30/2015 04:00:00 AM,0,0,0
06/30/2015 03:00:00 AM,0,0,0
06/30/2015 02:00:00 AM,1,1,0
06/30/2015 01:00:00 AM,0,0,0
06/30/2015 12:00:00 AM,4,3,1
06/29/2015 11:00:00 PM,5,5,0
06/29/2015 10:00:00 PM,9,7,2
06/29/2015 09:00:00 PM,10,8,2
06/29/2015 08:00:00 PM,13,5,8
06/29/2015 07:00:00 PM,26,21,5
06/29/2015 06:00:00 PM,78,53,25
06/29/2015 05:00:00 PM,144,95,49
06/29/2015 04:00:00 PM,91,68,23
06/29/2015 03:00:00 PM,48,29,19
06/29/2015 02:00:00 PM,23,12,11
06/29/2015 01:00:00 PM,21,12,9
06/29/2015 12:00:00 PM,32,19,13
06/29/2015 11:00:00 AM,34,17,17
06/29/2015 10:00:00 AM,31,19,12
06/29/2015 09:00:00 AM,53,40,13
06/29/2015 08:00:00 AM,113,86,27
06/29/2015 07:00:00 AM,65,47,18
06/29/2015 06:00:00 AM,37,19,18
06/29/2015 05:00:00 AM,12,5,7
06/29/2015 04:00:00 AM,1,1,0
06/29/2015 03:00:00 AM,3,2,1
06/29/2015 02:00:00 AM,0,0,0
06/29/2015 01:00:00 AM,1,1,0
06/29/2015 12:00:00 AM,1,1,0
06/28/2015 11:00:00 PM,6,4,2
06/28/2015 10:00:00 PM,8,2,6
06/28/2015 09:00:00 PM,7,4,3
06/28/2015 08:00:00 PM,19,14,5
06/28/2015 07:00:00 PM,14,10,4
06/28/2015 06:00:00 PM,9,8,1
06/28/2015 05:00:00 PM,19,12,7
06/28/2015 04:00:00 PM,20,17,3
06/28/2015 03:00:00 PM,19,18,1
06/28/2015 02:00:00 PM,19,14,5
06/28/2015 01:00:00 PM,17,7,10
06/28/2015 12:00:00 PM,8,2,6
06/28/2015 11:00:00 AM,21,8,13
06/28/2015 10:00:00 AM,19,10,9
06/28/2015 09:00:00 AM,9,6,3
06/28/2015 08:00:00 AM,5,2,3
06/28/2015 07:00:00 AM,6,6,0
06/28/2015 06:00:00 AM,2,2,0
06/28/2015 05:00:00 AM,2,0,2
06/28/2015 04:00:00 AM,0,0,0
06/28/2015 03:00:00 AM,3,2,1
06/28/2015 02:00:00 AM,0,0,0
06/28/2015 01:00:00 AM,0,0,0
06/28/2015 12:00:00 AM,8,5,3
06/27/2015 11:00:00 PM,12,5,7
06/27/2015 10:00:00 PM,7,4,3
06/27/2015 09:00:00 PM,10,8,2
06/27/2015 08:00:00 PM,6,0,6
06/27/2015 07:00:00 PM,11,8,3
06/27/2015 06:00:00 PM,12,10,2
06/27/2015 05:00:00 PM,17,11,6
06/27/2015 04:00:00 PM,24,8,16
06/27/2015 03:00:00 PM,22,11,11
06/27/2015 02:00:00 PM,12,6,6
06/27/2015 01:00:00 PM,32,19,13
06/27/2015 12:00:00 PM,25,21,4
06/27/2015 11:00:00 AM,36,27,9
06/27/2015 10:00:00 AM,33,24,9
06/27/2015 09:00:00 AM,22,14,8
06/27/2015 08:00:00 AM,17,15,2
06/27/2015 07:00:00 AM,8,6,2
06/27/2015 06:00:00 AM,10,8,2
06/27/2015 05:00:00 AM,3,1,2
06/27/2015 04:00:00 AM,1,0,1
06/27/2015 03:00:00 AM,1,1,0
06/27/2015 02:00:00 AM,0,0,0
06/27/2015 01:00:00 AM,1,1,0
06/27/2015 12:00:00 AM,4,3,1
06/26/2015 11:00:00 PM,2,2,0
06/26/2015 10:00:00 PM,7,5,2
06/26/2015 09:00:00 PM,9,6,3
06/26/2015 08:00:00 PM,7,4,3
06/26/2015 07:00:00 PM,27,16,11
06/26/2015 06:00:00 PM,44,28,16
06/26/2015 05:00:00 PM,106,66,40
06/26/2015 04:00:00 PM,115,78,37
06/26/2015 03:00:00 PM,67,48,19
06/26/2015 02:00:00 PM,32,23,9
06/26/2015 01:00:00 PM,24,18,6
06/26/2015 12:00:00 PM,40,28,12
06/26/2015 11:00:00 AM,40,15,25
06/26/2015 10:00:00 AM,33,23,10
06/26/2015 09:00:00 AM,45,29,16
06/26/2015 08:00:00 AM,112,74,38
06/26/2015 07:00:00 AM,66,43,23
06/26/2015 06:00:00 AM,36,20,16
06/26/2015 05:00:00 AM,11,5,6
06/26/2015 04:00:00 AM,0,0,0
06/26/2015 03:00:00 AM,2,2,0
06/26/2015 02:00:00 AM,0,0,0
06/26/2015 01:00:00 AM,2,2,0
06/26/2015 12:00:00 AM,2,1,1
06/25/2015 11:00:00 PM,4,2,2
06/25/2015 10:00:00 PM,17,9,8
06/25/2015 09:00:00 PM,4,4,0
06/25/2015 08:00:00 PM,21,16,5
06/25/2015 07:00:00 PM,37,28,9
06/25/2015 06:00:00 PM,67,38,29
06/25/2015 05:00:00 PM,153,103,50
06/25/2015 04:00:00 PM,101,67,34
06/25/2015 03:00:00 PM,66,51,15
06/25/2015 02:00:00 PM,32,17,15
06/25/2015 01:00:00 PM,30,16,14
06/25/2015 12:00:00 PM,30,18,12
06/25/2015 11:00:00 AM,40,24,16
06/25/2015 10:00:00 AM,21,14,7
06/25/2015 09:00:00 AM,50,34,16
06/25/2015 08:00:00 AM,125,87,38
06/25/2015 07:00:00 AM,94,61,33
06/25/2015 06:00:00 AM,31,16,15
06/25/2015 05:00:00 AM,18,11,7
06/25/2015 04:00:00 AM,1,1,0
06/25/2015 03:00:00 AM,1,1,0
06/25/2015 02:00:00 AM,1,1,0
06/25/2015 01:00:00 AM,1,1,0
06/25/2015 12:00:00 AM,2,1,1
06/24/2015 11:00:00 PM,9,3,6
06/24/2015 10:00:00 PM,13,6,7
06/24/2015 09:00:00 PM,17,10,7
06/24/2015 08:00:00 PM,17,6,11
06/24/2015 07:00:00 PM,33,23,10
06/24/2015 06:00:00 PM,78,42,36
06/24/2015 05:00:00 PM,135,92,43
06/24/2015 04:00:00 PM,106,79,27
06/24/2015 03:00:00 PM,56,43,13
06/24/2015 02:00:00 PM,34,24,10
06/24/2015 01:00:00 PM,26,13,13
06/24/2015 12:00:00 PM,36,18,18
06/24/2015 11:00:00 AM,33,25,8
06/24/2015 10:00:00 AM,40,27,13
06/24/2015 09:00:00 AM,38,27,11
06/24/2015 08:00:00 AM,154,114,40
06/24/2015 07:00:00 AM,91,61,30
06/24/2015 06:00:00 AM,55,36,19
06/24/2015 05:00:00 AM,9,4,5
06/24/2015 04:00:00 AM,4,2,2
06/24/2015 03:00:00 AM,0,0,0
06/24/2015 02:00:00 AM,1,1,0
06/24/2015 01:00:00 AM,2,0,2
06/24/2015 12:00:00 AM,1,1,0
06/23/2015 11:00:00 PM,2,2,0
06/23/2015 10:00:00 PM,9,5,4
06/23/2015 09:00:00 PM,5,2,3
06/23/2015 08:00:00 PM,12,8,4
06/23/2015 07:00:00 PM,28,18,10
06/23/2015 06:00:00 PM,80,54,26
06/23/2015 05:00:00 PM,183,127,56
06/23/2015 04:00:00 PM,120,85,35
06/23/2015 03:00:00 PM,70,50,20
06/23/2015 02:00:00 PM,33,21,12
06/23/2015 01:00:00 PM,29,21,8
06/23/2015 12:00:00 PM,25,17,8
06/23/2015 11:00:00 AM,37,24,13
06/23/2015 10:00:00 AM,29,22,7
06/23/2015 09:00:00 AM,69,54,15
06/23/2015 08:00:00 AM,144,87,57
06/23/2015 07:00:00 AM,88,63,25
06/23/2015 06:00:00 AM,60,36,24
06/23/2015 05:00:00 AM,13,9,4
06/23/2015 04:00:00 AM,1,1,0
06/23/2015 03:00:00 AM,0,0,0
06/23/2015 02:00:00 AM,2,2,0
06/23/2015 01:00:00 AM,0,0,0
06/23/2015 12:00:00 AM,6,5,1
06/22/2015 11:00:00 PM,3,2,1
06/22/2015 10:00:00 PM,9,7,2
06/22/2015 09:00:00 PM,10,5,5
06/22/2015 08:00:00 PM,23,20,3
06/22/2015 07:00:00 PM,26,18,8
06/22/2015 06:00:00 PM,63,43,20
06/22/2015 05:00:00 PM,156,95,61
06/22/2015 04:00:00 PM,101,64,37
06/22/2015 03:00:00 PM,57,38,19
06/22/2015 02:00:00 PM,33,19,14
06/22/2015 01:00:00 PM,34,24,10
06/22/2015 12:00:00 PM,29,19,10
06/22/2015 11:00:00 AM,30,19,11
06/22/2015 10:00:00 AM,25,18,7
06/22/2015 09:00:00 AM,42,28,14
06/22/2015 08:00:00 AM,117,87,30
06/22/2015 07:00:00 AM,80,56,24
06/22/2015 06:00:00 AM,38,24,14
06/22/2015 05:00:00 AM,8,4,4
06/22/2015 04:00:00 AM,0,0,0
06/22/2015 03:00:00 AM,1,1,0
06/22/2015 02:00:00 AM,2,0,2
06/22/2015 01:00:00 AM,0,0,0
06/22/2015 12:00:00 AM,0,0,0
06/21/2015 11:00:00 PM,2,2,0
06/21/2015 10:00:00 PM,3,3,0
06/21/2015 09:00:00 PM,4,1,3
06/21/2015 08:00:00 PM,11,6,5
06/21/2015 07:00:00 PM,9,6,3
06/21/2015 06:00:00 PM,13,9,4
06/21/2015 05:00:00 PM,26,18,8
06/21/2015 04:00:00 PM,14,4,10
06/21/2015 03:00:00 PM,19,10,9
06/21/2015 02:00:00 PM,18,11,7
06/21/2015 01:00:00 PM,21,13,8
06/21/2015 12:00:00 PM,30,22,8
06/21/2015 11:00:00 AM,19,15,4
06/21/2015 10:00:00 AM,22,16,6
06/21/2015 09:00:00 AM,10,8,2
06/21/2015 08:00:00 AM,8,5,3
06/21/2015 07:00:00 AM,4,4,0
06/21/2015 06:00:00 AM,4,3,1
06/21/2015 05:00:00 AM,3,1,2
06/21/2015 04:00:00 AM,0,0,0
06/21/2015 03:00:00 AM,0,0,0
06/21/2015 02:00:00 AM,0,0,0
06/21/2015 01:00:00 AM,1,1,0
06/21/2015 12:00:00 AM,7,4,3
06/20/2015 11:00:00 PM,10,8,2
06/20/2015 10:00:00 PM,10,4,6
06/20/2015 09:00:00 PM,13,9,4
06/20/2015 08:00:00 PM,21,7,14
06/20/2015 07:00:00 PM,20,14,6
06/20/2015 06:00:00 PM,30,24,6
06/20/2015 05:00:00 PM,15,11,4
06/20/2015 04:00:00 PM,28,19,9
06/20/2015 03:00:00 PM,75,29,46
06/20/2015 02:00:00 PM,28,17,11
06/20/2015 01:00:00 PM,35,11,24
06/20/2015 12:00:00 PM,63,50,13
06/20/2015 11:00:00 AM,51,43,8
06/20/2015 10:00:00 AM,18,9,9
06/20/2015 09:00:00 AM,15,15,0
06/20/2015 08:00:00 AM,14,8,6
06/20/2015 07:00:00 AM,9,4,5
06/20/2015 06:00:00 AM,2,1,1
06/20/2015 05:00:00 AM,1,1,0
06/20/2015 04:00:00 AM,1,0,1
06/20/2015 03:00:00 AM,1,1,0
06/20/2015 02:00:00 AM,1,1,0
06/20/2015 01:00:00 AM,1,1,0
06/20/2015 12:00:00 AM,5,3,2
06/19/2015 11:00:00 PM,14,11,3
06/19/2015 10:00:00 PM,17,8,9
06/19/2015 09:00:00 PM,10,7,3
06/19/2015 08:00:00 PM,18,10,8
06/19/2015 07:00:00 PM,27,19,8
06/19/2015 06:00:00 PM,65,42,23
06/19/2015 05:00:00 PM,101,69,32
06/19/2015 04:00:00 PM,93,61,32
06/19/2015 03:00:00 PM,56,41,15
06/19/2015 02:00:00 PM,37,20,17
06/19/2015 01:00:00 PM,45,34,11
06/19/2015 12:00:00 PM,31,18,13
06/19/2015 11:00:00 AM,27,15,12
06/19/2015 10:00:00 AM,32,28,4
06/19/2015 09:00:00 AM,54,37,17
06/19/2015 08:00:00 AM,99,74,25
06/19/2015 07:00:00 AM,57,39,18
06/19/2015 06:00:00 AM,30,14,16
06/19/2015 05:00:00 AM,9,5,4
06/19/2015 04:00:00 AM,0,0,0
06/19/2015 03:00:00 AM,1,1,0
06/19/2015 02:00:00 AM,1,0,1
06/19/2015 01:00:00 AM,3,2,1
06/19/2015 12:00:00 AM,4,4,0
06/18/2015 11:00:00 PM,15,7,8
06/18/2015 10:00:00 PM,20,7,13
06/18/2015 09:00:00 PM,12,8,4
06/18/2015 08:00:00 PM,15,10,5
06/18/2015 07:00:00 PM,27,20,7
06/18/2015 06:00:00 PM,74,51,23
06/18/2015 05:00:00 PM,159,103,56
06/18/2015 04:00:00 PM,112,84,28
06/18/2015 03:00:00 PM,63,47,16
06/18/2015 02:00:00 PM,27,14,13
06/18/2015 01:00:00 PM,35,21,14
06/18/2015 12:00:00 PM,19,11,8
06/18/2015 11:00:00 AM,21,18,3
06/18/2015 10:00:00 AM,0,0,0
06/18/2015 09:00:00 AM,0,0,0
06/18/2015 08:00:00 AM,0,0,0
06/18/2015 07:00:00 AM,0,0,0
06/18/2015 06:00:00 AM,0,0,0
06/18/2015 05:00:00 AM,0,0,0
06/18/2015 04:00:00 AM,0,0,0
06/18/2015 03:00:00 AM,0,0,0
06/18/2015 02:00:00 AM,0,0,0
06/18/2015 01:00:00 AM,0,0,0
06/18/2015 12:00:00 AM,0,0,0
06/17/2015 11:00:00 PM,0,0,0
06/17/2015 10:00:00 PM,0,0,0
06/17/2015 09:00:00 PM,0,0,0
06/17/2015 08:00:00 PM,0,0,0
06/17/2015 07:00:00 PM,0,0,0
06/17/2015 06:00:00 PM,0,0,0
06/17/2015 05:00:00 PM,0,0,0
06/17/2015 04:00:00 PM,0,0,0
06/17/2015 03:00:00 PM,0,0,0
06/17/2015 02:00:00 PM,0,0,0
06/17/2015 01:00:00 PM,0,0,0
06/17/2015 12:00:00 PM,0,0,0
06/17/2015 11:00:00 AM,0,0,0
06/17/2015 10:00:00 AM,0,0,0
06/17/2015 09:00:00 AM,0,0,0
06/17/2015 08:00:00 AM,0,0,0
06/17/2015 07:00:00 AM,0,0,0
06/17/2015 06:00:00 AM,0,0,0
06/17/2015 05:00:00 AM,0,0,0
06/17/2015 04:00:00 AM,0,0,0
06/17/2015 03:00:00 AM,0,0,0
06/17/2015 02:00:00 AM,0,0,0
06/17/2015 01:00:00 AM,0,0,0
06/17/2015 12:00:00 AM,0,0,0
06/16/2015 11:00:00 PM,0,0,0
06/16/2015 10:00:00 PM,0,0,0
06/16/2015 09:00:00 PM,0,0,0
06/16/2015 08:00:00 PM,0,0,0
06/16/2015 07:00:00 PM,0,0,0
06/16/2015 06:00:00 PM,0,0,0
06/16/2015 05:00:00 PM,0,0,0
06/16/2015 04:00:00 PM,0,0,0
06/16/2015 03:00:00 PM,0,0,0
06/16/2015 02:00:00 PM,0,0,0
06/16/2015 01:00:00 PM,0,0,0
06/16/2015 12:00:00 PM,0,0,0
06/16/2015 11:00:00 AM,0,0,0
06/16/2015 10:00:00 AM,0,0,0
06/16/2015 09:00:00 AM,0,0,0
06/16/2015 08:00:00 AM,0,0,0
06/16/2015 07:00:00 AM,0,0,0
06/16/2015 06:00:00 AM,0,0,0
06/16/2015 05:00:00 AM,0,0,0
06/16/2015 04:00:00 AM,0,0,0
06/16/2015 03:00:00 AM,0,0,0
06/16/2015 02:00:00 AM,0,0,0
06/16/2015 01:00:00 AM,0,0,0
06/16/2015 12:00:00 AM,0,0,0
06/15/2015 11:00:00 PM,0,0,0
06/15/2015 10:00:00 PM,0,0,0
06/15/2015 09:00:00 PM,0,0,0
06/15/2015 08:00:00 PM,0,0,0
06/15/2015 07:00:00 PM,0,0,0
06/15/2015 06:00:00 PM,0,0,0
06/15/2015 05:00:00 PM,0,0,0
06/15/2015 04:00:00 PM,0,0,0
06/15/2015 03:00:00 PM,0,0,0
06/15/2015 02:00:00 PM,0,0,0
06/15/2015 01:00:00 PM,0,0,0
06/15/2015 12:00:00 PM,0,0,0
06/15/2015 11:00:00 AM,0,0,0
06/15/2015 10:00:00 AM,0,0,0
06/15/2015 09:00:00 AM,0,0,0
06/15/2015 08:00:00 AM,0,0,0
06/15/2015 07:00:00 AM,0,0,0
06/15/2015 06:00:00 AM,0,0,0
06/15/2015 05:00:00 AM,0,0,0
06/15/2015 04:00:00 AM,0,0,0
06/15/2015 03:00:00 AM,0,0,0
06/15/2015 02:00:00 AM,0,0,0
06/15/2015 01:00:00 AM,0,0,0
06/15/2015 12:00:00 AM,0,0,0
06/14/2015 11:00:00 PM,0,0,0
06/14/2015 10:00:00 PM,0,0,0
06/14/2015 09:00:00 PM,0,0,0
06/14/2015 08:00:00 PM,0,0,0
06/14/2015 07:00:00 PM,0,0,0
06/14/2015 06:00:00 PM,0,0,0
06/14/2015 05:00:00 PM,0,0,0
06/14/2015 04:00:00 PM,0,0,0
06/14/2015 03:00:00 PM,0,0,0
06/14/2015 02:00:00 PM,0,0,0
06/14/2015 01:00:00 PM,0,0,0
06/14/2015 12:00:00 PM,0,0,0
06/14/2015 11:00:00 AM,0,0,0
06/14/2015 10:00:00 AM,0,0,0
06/14/2015 09:00:00 AM,0,0,0
06/14/2015 08:00:00 AM,0,0,0
06/14/2015 07:00:00 AM,0,0,0
06/14/2015 06:00:00 AM,0,0,0
06/14/2015 05:00:00 AM,0,0,0
06/14/2015 04:00:00 AM,0,0,0
06/14/2015 03:00:00 AM,0,0,0
06/14/2015 02:00:00 AM,0,0,0
06/14/2015 01:00:00 AM,0,0,0
06/14/2015 12:00:00 AM,0,0,0
06/13/2015 11:00:00 PM,0,0,0
06/13/2015 10:00:00 PM,0,0,0
06/13/2015 09:00:00 PM,0,0,0
06/13/2015 08:00:00 PM,0,0,0
06/13/2015 07:00:00 PM,0,0,0
06/13/2015 06:00:00 PM,0,0,0
06/13/2015 05:00:00 PM,0,0,0
06/13/2015 04:00:00 PM,0,0,0
06/13/2015 03:00:00 PM,0,0,0
06/13/2015 02:00:00 PM,0,0,0
06/13/2015 01:00:00 PM,0,0,0
06/13/2015 12:00:00 PM,0,0,0
06/13/2015 11:00:00 AM,0,0,0
06/13/2015 10:00:00 AM,0,0,0
06/13/2015 09:00:00 AM,0,0,0
06/13/2015 08:00:00 AM,0,0,0
06/13/2015 07:00:00 AM,0,0,0
06/13/2015 06:00:00 AM,0,0,0
06/13/2015 05:00:00 AM,0,0,0
06/13/2015 04:00:00 AM,0,0,0
06/13/2015 03:00:00 AM,0,0,0
06/13/2015 02:00:00 AM,0,0,0
06/13/2015 01:00:00 AM,0,0,0
06/13/2015 12:00:00 AM,0,0,0
06/12/2015 11:00:00 PM,0,0,0
06/12/2015 10:00:00 PM,0,0,0
06/12/2015 09:00:00 PM,0,0,0
06/12/2015 08:00:00 PM,0,0,0
06/12/2015 07:00:00 PM,0,0,0
06/12/2015 06:00:00 PM,0,0,0
06/12/2015 05:00:00 PM,0,0,0
06/12/2015 04:00:00 PM,0,0,0
06/12/2015 03:00:00 PM,0,0,0
06/12/2015 02:00:00 PM,0,0,0
06/12/2015 01:00:00 PM,0,0,0
06/12/2015 12:00:00 PM,0,0,0
06/12/2015 11:00:00 AM,0,0,0
06/12/2015 10:00:00 AM,0,0,0
06/12/2015 09:00:00 AM,0,0,0
06/12/2015 08:00:00 AM,0,0,0
06/12/2015 07:00:00 AM,0,0,0
06/12/2015 06:00:00 AM,0,0,0
06/12/2015 05:00:00 AM,0,0,0
06/12/2015 04:00:00 AM,0,0,0
06/12/2015 03:00:00 AM,0,0,0
06/12/2015 02:00:00 AM,0,0,0
06/12/2015 01:00:00 AM,0,0,0
06/12/2015 12:00:00 AM,0,0,0
06/11/2015 11:00:00 PM,0,0,0
06/11/2015 10:00:00 PM,12,9,3
06/11/2015 09:00:00 PM,12,12,0
06/11/2015 08:00:00 PM,12,7,5
06/11/2015 07:00:00 PM,28,18,10
06/11/2015 06:00:00 PM,65,40,25
06/11/2015 05:00:00 PM,171,110,61
06/11/2015 04:00:00 PM,101,70,31
06/11/2015 03:00:00 PM,57,46,11
06/11/2015 02:00:00 PM,28,21,7
06/11/2015 01:00:00 PM,38,26,12
06/11/2015 12:00:00 PM,42,29,13
06/11/2015 11:00:00 AM,29,16,13
06/11/2015 10:00:00 AM,32,25,7
06/11/2015 09:00:00 AM,54,37,17
06/11/2015 08:00:00 AM,114,73,41
06/11/2015 07:00:00 AM,77,57,20
06/11/2015 06:00:00 AM,42,25,17
06/11/2015 05:00:00 AM,15,9,6
06/11/2015 04:00:00 AM,1,1,0
06/11/2015 03:00:00 AM,0,0,0
06/11/2015 02:00:00 AM,1,1,0
06/11/2015 01:00:00 AM,0,0,0
06/11/2015 12:00:00 AM,4,3,1
06/10/2015 11:00:00 PM,4,2,2
06/10/2015 10:00:00 PM,7,6,1
06/10/2015 09:00:00 PM,15,8,7
06/10/2015 08:00:00 PM,17,17,0
06/10/2015 07:00:00 PM,23,16,7
06/10/2015 06:00:00 PM,75,53,22
06/10/2015 05:00:00 PM,154,99,55
06/10/2015 04:00:00 PM,126,99,27
06/10/2015 03:00:00 PM,58,42,16
06/10/2015 02:00:00 PM,49,31,18
06/10/2015 01:00:00 PM,40,30,10
06/10/2015 12:00:00 PM,22,13,9
06/10/2015 11:00:00 AM,31,22,9
06/10/2015 10:00:00 AM,24,12,12
06/10/2015 09:00:00 AM,47,40,7
06/10/2015 08:00:00 AM,135,94,41
06/10/2015 07:00:00 AM,94,69,25
06/10/2015 06:00:00 AM,41,24,17
06/10/2015 05:00:00 AM,17,8,9
06/10/2015 04:00:00 AM,3,2,1
06/10/2015 03:00:00 AM,0,0,0
06/10/2015 02:00:00 AM,1,1,0
06/10/2015 01:00:00 AM,1,0,1
06/10/2015 12:00:00 AM,4,4,0
06/09/2015 11:00:00 PM,2,0,2
06/09/2015 10:00:00 PM,4,2,2
06/09/2015 09:00:00 PM,10,7,3
06/09/2015 08:00:00 PM,16,11,5
06/09/2015 07:00:00 PM,28,19,9
06/09/2015 06:00:00 PM,56,30,26
06/09/2015 05:00:00 PM,169,106,63
06/09/2015 04:00:00 PM,105,72,33
06/09/2015 03:00:00 PM,64,53,11
06/09/2015 02:00:00 PM,40,31,9
06/09/2015 01:00:00 PM,26,15,11
06/09/2015 12:00:00 PM,32,14,18
06/09/2015 11:00:00 AM,26,18,8
06/09/2015 10:00:00 AM,29,23,6
06/09/2015 09:00:00 AM,62,40,22
06/09/2015 08:00:00 AM,131,96,35
06/09/2015 07:00:00 AM,104,76,28
06/09/2015 06:00:00 AM,52,22,30
06/09/2015 05:00:00 AM,16,11,5
06/09/2015 04:00:00 AM,1,0,1
06/09/2015 03:00:00 AM,0,0,0
06/09/2015 02:00:00 AM,1,1,0
06/09/2015 01:00:00 AM,2,2,0
06/09/2015 12:00:00 AM,4,3,1
06/08/2015 11:00:00 PM,3,2,1
06/08/2015 10:00:00 PM,3,3,0
06/08/2015 09:00:00 PM,13,8,5
06/08/2015 08:00:00 PM,23,15,8
06/08/2015 07:00:00 PM,26,18,8
06/08/2015 06:00:00 PM,49,31,18
06/08/2015 05:00:00 PM,158,100,58
06/08/2015 04:00:00 PM,98,72,26
06/08/2015 03:00:00 PM,68,53,15
06/08/2015 02:00:00 PM,23,12,11
06/08/2015 01:00:00 PM,35,20,15
06/08/2015 12:00:00 PM,27,17,10
06/08/2015 11:00:00 AM,24,16,8
06/08/2015 10:00:00 AM,28,21,7
06/08/2015 09:00:00 AM,61,42,19
06/08/2015 08:00:00 AM,135,102,33
06/08/2015 07:00:00 AM,80,59,21
06/08/2015 06:00:00 AM,43,21,22
06/08/2015 05:00:00 AM,14,8,6
06/08/2015 04:00:00 AM,7,1,6
06/08/2015 03:00:00 AM,1,1,0
06/08/2015 02:00:00 AM,1,0,1
06/08/2015 01:00:00 AM,0,0,0
06/08/2015 12:00:00 AM,2,2,0
06/07/2015 11:00:00 PM,0,0,0
06/07/2015 10:00:00 PM,2,1,1
06/07/2015 09:00:00 PM,9,5,4
06/07/2015 08:00:00 PM,7,5,2
06/07/2015 07:00:00 PM,18,10,8
06/07/2015 06:00:00 PM,9,6,3
06/07/2015 05:00:00 PM,22,10,12
06/07/2015 04:00:00 PM,26,19,7
06/07/2015 03:00:00 PM,23,13,10
06/07/2015 02:00:00 PM,24,12,12
06/07/2015 01:00:00 PM,8,6,2
06/07/2015 12:00:00 PM,28,21,7
06/07/2015 11:00:00 AM,19,14,5
06/07/2015 10:00:00 AM,25,19,6
06/07/2015 09:00:00 AM,20,12,8
06/07/2015 08:00:00 AM,5,5,0
06/07/2015 07:00:00 AM,11,5,6
06/07/2015 06:00:00 AM,7,6,1
06/07/2015 05:00:00 AM,2,0,2
06/07/2015 04:00:00 AM,0,0,0
06/07/2015 03:00:00 AM,1,1,0
06/07/2015 02:00:00 AM,4,4,0
06/07/2015 01:00:00 AM,4,1,3
06/07/2015 12:00:00 AM,1,1,0
06/06/2015 11:00:00 PM,10,6,4
06/06/2015 10:00:00 PM,12,9,3
06/06/2015 09:00:00 PM,11,10,1
06/06/2015 08:00:00 PM,5,0,5
06/06/2015 07:00:00 PM,10,6,4
06/06/2015 06:00:00 PM,30,16,14
06/06/2015 05:00:00 PM,26,21,5
06/06/2015 04:00:00 PM,23,16,7
06/06/2015 03:00:00 PM,34,25,9
06/06/2015 02:00:00 PM,42,31,11
06/06/2015 01:00:00 PM,38,28,10
06/06/2015 12:00:00 PM,19,13,6
06/06/2015 11:00:00 AM,22,12,10
06/06/2015 10:00:00 AM,18,13,5
06/06/2015 09:00:00 AM,10,8,2
06/06/2015 08:00:00 AM,3,2,1
06/06/2015 07:00:00 AM,3,2,1
06/06/2015 06:00:00 AM,4,2,2
06/06/2015 05:00:00 AM,2,0,2
06/06/2015 04:00:00 AM,1,1,0
06/06/2015 03:00:00 AM,1,1,0
06/06/2015 02:00:00 AM,1,1,0
06/06/2015 01:00:00 AM,3,1,2
06/06/2015 12:00:00 AM,3,3,0
06/05/2015 11:00:00 PM,9,7,2
06/05/2015 10:00:00 PM,15,5,10
06/05/2015 09:00:00 PM,10,2,8
06/05/2015 08:00:00 PM,8,6,2
06/05/2015 07:00:00 PM,27,22,5
06/05/2015 06:00:00 PM,60,48,12
06/05/2015 05:00:00 PM,135,91,44
06/05/2015 04:00:00 PM,94,65,29
06/05/2015 03:00:00 PM,81,52,29
06/05/2015 02:00:00 PM,62,41,21
06/05/2015 01:00:00 PM,51,35,16
06/05/2015 12:00:00 PM,35,20,15
06/05/2015 11:00:00 AM,41,21,20
06/05/2015 10:00:00 AM,30,18,12
06/05/2015 09:00:00 AM,55,40,15
06/05/2015 08:00:00 AM,128,89,39
06/05/2015 07:00:00 AM,68,47,21
06/05/2015 06:00:00 AM,47,28,19
06/05/2015 05:00:00 AM,11,6,5
06/05/2015 04:00:00 AM,0,0,0
06/05/2015 03:00:00 AM,1,1,0
06/05/2015 02:00:00 AM,1,0,1
06/05/2015 01:00:00 AM,2,2,0
06/05/2015 12:00:00 AM,3,3,0
06/04/2015 11:00:00 PM,9,4,5
06/04/2015 10:00:00 PM,25,8,17
06/04/2015 09:00:00 PM,16,9,7
06/04/2015 08:00:00 PM,42,22,20
06/04/2015 07:00:00 PM,40,23,17
06/04/2015 06:00:00 PM,97,69,28
06/04/2015 05:00:00 PM,166,117,49
06/04/2015 04:00:00 PM,96,75,21
06/04/2015 03:00:00 PM,70,53,17
06/04/2015 02:00:00 PM,26,19,7
06/04/2015 01:00:00 PM,32,22,10
06/04/2015 12:00:00 PM,19,10,9
06/04/2015 11:00:00 AM,32,17,15
06/04/2015 10:00:00 AM,33,20,13
06/04/2015 09:00:00 AM,49,30,19
06/04/2015 08:00:00 AM,116,74,42
06/04/2015 07:00:00 AM,94,68,26
06/04/2015 06:00:00 AM,37,22,15
06/04/2015 05:00:00 AM,15,9,6
06/04/2015 04:00:00 AM,0,0,0
06/04/2015 03:00:00 AM,0,0,0
06/04/2015 02:00:00 AM,0,0,0
06/04/2015 01:00:00 AM,0,0,0
06/04/2015 12:00:00 AM,2,2,0
06/03/2015 11:00:00 PM,3,1,2
06/03/2015 10:00:00 PM,12,9,3
06/03/2015 09:00:00 PM,13,10,3
06/03/2015 08:00:00 PM,25,16,9
06/03/2015 07:00:00 PM,31,24,7
06/03/2015 06:00:00 PM,71,46,25
06/03/2015 05:00:00 PM,143,94,49
06/03/2015 04:00:00 PM,98,72,26
06/03/2015 03:00:00 PM,55,40,15
06/03/2015 02:00:00 PM,25,15,10
06/03/2015 01:00:00 PM,31,21,10
06/03/2015 12:00:00 PM,34,27,7
06/03/2015 11:00:00 AM,32,20,12
06/03/2015 10:00:00 AM,45,31,14
06/03/2015 09:00:00 AM,48,30,18
06/03/2015 08:00:00 AM,104,72,32
06/03/2015 07:00:00 AM,60,43,17
06/03/2015 06:00:00 AM,45,25,20
06/03/2015 05:00:00 AM,7,4,3
06/03/2015 04:00:00 AM,2,1,1
06/03/2015 03:00:00 AM,0,0,0
06/03/2015 02:00:00 AM,1,1,0
06/03/2015 01:00:00 AM,2,1,1
06/03/2015 12:00:00 AM,4,4,0
06/02/2015 11:00:00 PM,5,1,4
06/02/2015 10:00:00 PM,9,5,4
06/02/2015 09:00:00 PM,12,7,5
06/02/2015 08:00:00 PM,14,6,8
06/02/2015 07:00:00 PM,21,13,8
06/02/2015 06:00:00 PM,72,47,25
06/02/2015 05:00:00 PM,131,88,43
06/02/2015 04:00:00 PM,76,63,13
06/02/2015 03:00:00 PM,49,36,13
06/02/2015 02:00:00 PM,29,17,12
06/02/2015 01:00:00 PM,17,11,6
06/02/2015 12:00:00 PM,17,12,5
06/02/2015 11:00:00 AM,14,5,9
06/02/2015 10:00:00 AM,18,12,6
06/02/2015 09:00:00 AM,48,35,13
06/02/2015 08:00:00 AM,108,80,28
06/02/2015 07:00:00 AM,60,42,18
06/02/2015 06:00:00 AM,37,19,18
06/02/2015 05:00:00 AM,11,6,5
06/02/2015 04:00:00 AM,3,1,2
06/02/2015 03:00:00 AM,0,0,0
06/02/2015 02:00:00 AM,1,1,0
06/02/2015 01:00:00 AM,1,1,0
06/02/2015 12:00:00 AM,2,1,1
06/01/2015 11:00:00 PM,0,0,0
06/01/2015 10:00:00 PM,12,7,5
06/01/2015 09:00:00 PM,11,8,3
06/01/2015 08:00:00 PM,9,4,5
06/01/2015 07:00:00 PM,22,13,9
06/01/2015 06:00:00 PM,51,40,11
06/01/2015 05:00:00 PM,121,79,42
06/01/2015 04:00:00 PM,76,52,24
06/01/2015 03:00:00 PM,41,25,16
06/01/2015 02:00:00 PM,31,15,16
06/01/2015 01:00:00 PM,17,8,9
06/01/2015 12:00:00 PM,20,10,10
06/01/2015 11:00:00 AM,14,8,6
06/01/2015 10:00:00 AM,14,11,3
06/01/2015 09:00:00 AM,34,18,16
06/01/2015 08:00:00 AM,82,57,25
06/01/2015 07:00:00 AM,57,37,20
06/01/2015 06:00:00 AM,38,24,14
06/01/2015 05:00:00 AM,14,5,9
06/01/2015 04:00:00 AM,0,0,0
06/01/2015 03:00:00 AM,0,0,0
06/01/2015 02:00:00 AM,0,0,0
06/01/2015 01:00:00 AM,1,1,0
06/01/2015 12:00:00 AM,3,2,1
05/31/2015 11:00:00 PM,7,6,1
05/31/2015 10:00:00 PM,5,2,3
05/31/2015 09:00:00 PM,4,3,1
05/31/2015 08:00:00 PM,7,5,2
05/31/2015 07:00:00 PM,17,13,4
05/31/2015 06:00:00 PM,13,6,7
05/31/2015 05:00:00 PM,19,10,9
05/31/2015 04:00:00 PM,58,11,47
05/31/2015 03:00:00 PM,20,11,9
05/31/2015 02:00:00 PM,20,11,9
05/31/2015 01:00:00 PM,69,61,8
05/31/2015 12:00:00 PM,55,53,2
05/31/2015 11:00:00 AM,30,26,4
05/31/2015 10:00:00 AM,12,9,3
05/31/2015 09:00:00 AM,11,8,3
05/31/2015 08:00:00 AM,5,4,1
05/31/2015 07:00:00 AM,6,5,1
05/31/2015 06:00:00 AM,4,4,0
05/31/2015 05:00:00 AM,5,2,3
05/31/2015 04:00:00 AM,0,0,0
05/31/2015 03:00:00 AM,4,4,0
05/31/2015 02:00:00 AM,0,0,0
05/31/2015 01:00:00 AM,4,4,0
05/31/2015 12:00:00 AM,6,5,1
05/30/2015 11:00:00 PM,9,3,6
05/30/2015 10:00:00 PM,19,6,13
05/30/2015 09:00:00 PM,4,3,1
05/30/2015 08:00:00 PM,16,12,4
05/30/2015 07:00:00 PM,18,11,7
05/30/2015 06:00:00 PM,22,15,7
05/30/2015 05:00:00 PM,28,19,9
05/30/2015 04:00:00 PM,43,26,17
05/30/2015 03:00:00 PM,33,22,11
05/30/2015 02:00:00 PM,31,20,11
05/30/2015 01:00:00 PM,31,24,7
05/30/2015 12:00:00 PM,17,15,2
05/30/2015 11:00:00 AM,28,20,8
05/30/2015 10:00:00 AM,18,14,4
05/30/2015 09:00:00 AM,16,12,4
05/30/2015 08:00:00 AM,13,9,4
05/30/2015 07:00:00 AM,7,7,0
05/30/2015 06:00:00 AM,6,4,2
05/30/2015 05:00:00 AM,6,5,1
05/30/2015 04:00:00 AM,0,0,0
05/30/2015 03:00:00 AM,1,0,1
05/30/2015 02:00:00 AM,0,0,0
05/30/2015 01:00:00 AM,5,4,1
05/30/2015 12:00:00 AM,7,5,2
05/29/2015 11:00:00 PM,4,1,3
05/29/2015 10:00:00 PM,11,5,6
05/29/2015 09:00:00 PM,11,8,3
05/29/2015 08:00:00 PM,17,13,4
05/29/2015 07:00:00 PM,31,17,14
05/29/2015 06:00:00 PM,66,43,23
05/29/2015 05:00:00 PM,150,101,49
05/29/2015 04:00:00 PM,133,89,44
05/29/2015 03:00:00 PM,67,48,19
05/29/2015 02:00:00 PM,39,28,11
05/29/2015 01:00:00 PM,54,32,22
05/29/2015 12:00:00 PM,33,21,12
05/29/2015 11:00:00 AM,35,16,19
05/29/2015 10:00:00 AM,27,21,6
05/29/2015 09:00:00 AM,64,43,21
05/29/2015 08:00:00 AM,144,104,40
05/29/2015 07:00:00 AM,89,67,22
05/29/2015 06:00:00 AM,57,35,22
05/29/2015 05:00:00 AM,16,8,8
05/29/2015 04:00:00 AM,0,0,0
05/29/2015 03:00:00 AM,2,2,0
05/29/2015 02:00:00 AM,0,0,0
05/29/2015 01:00:00 AM,0,0,0
05/29/2015 12:00:00 AM,4,2,2
05/28/2015 11:00:00 PM,5,3,2
05/28/2015 10:00:00 PM,20,10,10
05/28/2015 09:00:00 PM,15,12,3
05/28/2015 08:00:00 PM,16,8,8
05/28/2015 07:00:00 PM,23,14,9
05/28/2015 06:00:00 PM,88,59,29
05/28/2015 05:00:00 PM,169,104,65
05/28/2015 04:00:00 PM,149,113,36
05/28/2015 03:00:00 PM,56,38,18
05/28/2015 02:00:00 PM,44,30,14
05/28/2015 01:00:00 PM,39,25,14
05/28/2015 12:00:00 PM,43,22,21
05/28/2015 11:00:00 AM,35,26,9
05/28/2015 10:00:00 AM,40,26,14
05/28/2015 09:00:00 AM,61,38,23
05/28/2015 08:00:00 AM,135,84,51
05/28/2015 07:00:00 AM,99,67,32
05/28/2015 06:00:00 AM,39,24,15
05/28/2015 05:00:00 AM,16,12,4
05/28/2015 04:00:00 AM,1,1,0
05/28/2015 03:00:00 AM,0,0,0
05/28/2015 02:00:00 AM,2,2,0
05/28/2015 01:00:00 AM,1,1,0
05/28/2015 12:00:00 AM,2,2,0
05/27/2015 11:00:00 PM,5,3,2
05/27/2015 10:00:00 PM,12,6,6
05/27/2015 09:00:00 PM,44,7,37
05/27/2015 08:00:00 PM,11,7,4
05/27/2015 07:00:00 PM,36,23,13
05/27/2015 06:00:00 PM,118,100,18
05/27/2015 05:00:00 PM,229,173,56
05/27/2015 04:00:00 PM,98,70,28
05/27/2015 03:00:00 PM,60,43,17
05/27/2015 02:00:00 PM,36,24,12
05/27/2015 01:00:00 PM,23,12,11
05/27/2015 12:00:00 PM,38,18,20
05/27/2015 11:00:00 AM,37,24,13
05/27/2015 10:00:00 AM,30,19,11
05/27/2015 09:00:00 AM,51,38,13
05/27/2015 08:00:00 AM,127,84,43
05/27/2015 07:00:00 AM,96,68,28
05/27/2015 06:00:00 AM,54,36,18
05/27/2015 05:00:00 AM,14,11,3
05/27/2015 04:00:00 AM,2,2,0
05/27/2015 03:00:00 AM,1,1,0
05/27/2015 02:00:00 AM,0,0,0
05/27/2015 01:00:00 AM,3,3,0
05/27/2015 12:00:00 AM,4,3,1
05/26/2015 11:00:00 PM,3,2,1
05/26/2015 10:00:00 PM,5,4,1
05/26/2015 09:00:00 PM,8,6,2
05/26/2015 08:00:00 PM,15,13,2
05/26/2015 07:00:00 PM,29,21,8
05/26/2015 06:00:00 PM,58,35,23
05/26/2015 05:00:00 PM,145,95,50
05/26/2015 04:00:00 PM,112,80,32
05/26/2015 03:00:00 PM,40,23,17
05/26/2015 02:00:00 PM,42,19,23
05/26/2015 01:00:00 PM,28,23,5
05/26/2015 12:00:00 PM,29,13,16
05/26/2015 11:00:00 AM,17,11,6
05/26/2015 10:00:00 AM,29,17,12
05/26/2015 09:00:00 AM,52,34,18
05/26/2015 08:00:00 AM,131,89,42
05/26/2015 07:00:00 AM,84,59,25
05/26/2015 06:00:00 AM,43,20,23
05/26/2015 05:00:00 AM,10,7,3
05/26/2015 04:00:00 AM,0,0,0
05/26/2015 03:00:00 AM,0,0,0
05/26/2015 02:00:00 AM,1,1,0
05/26/2015 01:00:00 AM,0,0,0
05/26/2015 12:00:00 AM,4,4,0
05/25/2015 11:00:00 PM,2,1,1
05/25/2015 10:00:00 PM,6,5,1
05/25/2015 09:00:00 PM,8,8,0
05/25/2015 08:00:00 PM,9,6,3
05/25/2015 07:00:00 PM,10,6,4
05/25/2015 06:00:00 PM,16,9,7
05/25/2015 05:00:00 PM,19,11,8
05/25/2015 04:00:00 PM,23,16,7
05/25/2015 03:00:00 PM,17,9,8
05/25/2015 02:00:00 PM,23,11,12
05/25/2015 01:00:00 PM,15,8,7
05/25/2015 12:00:00 PM,13,11,2
05/25/2015 11:00:00 AM,19,17,2
05/25/2015 10:00:00 AM,11,8,3
05/25/2015 09:00:00 AM,16,11,5
05/25/2015 08:00:00 AM,11,9,2
05/25/2015 07:00:00 AM,5,4,1
05/25/2015 06:00:00 AM,4,2,2
05/25/2015 05:00:00 AM,3,1,2
05/25/2015 04:00:00 AM,2,2,0
05/25/2015 03:00:00 AM,1,1,0
05/25/2015 02:00:00 AM,3,3,0
05/25/2015 01:00:00 AM,6,2,4
05/25/2015 12:00:00 AM,2,1,1
05/24/2015 11:00:00 PM,4,2,2
05/24/2015 10:00:00 PM,7,5,2
05/24/2015 09:00:00 PM,7,5,2
05/24/2015 08:00:00 PM,9,8,1
05/24/2015 07:00:00 PM,8,7,1
05/24/2015 06:00:00 PM,17,14,3
05/24/2015 05:00:00 PM,22,17,5
05/24/2015 04:00:00 PM,13,3,10
05/24/2015 03:00:00 PM,24,12,12
05/24/2015 02:00:00 PM,21,12,9
05/24/2015 01:00:00 PM,18,8,10
05/24/2015 12:00:00 PM,19,13,6
05/24/2015 11:00:00 AM,8,6,2
05/24/2015 10:00:00 AM,6,3,3
05/24/2015 09:00:00 AM,13,10,3
05/24/2015 08:00:00 AM,3,1,2
05/24/2015 07:00:00 AM,6,4,2
05/24/2015 06:00:00 AM,4,2,2
05/24/2015 05:00:00 AM,3,1,2
05/24/2015 04:00:00 AM,2,2,0
05/24/2015 03:00:00 AM,0,0,0
05/24/2015 02:00:00 AM,2,1,1
05/24/2015 01:00:00 AM,0,0,0
05/24/2015 12:00:00 AM,3,2,1
05/23/2015 11:00:00 PM,6,4,2
05/23/2015 10:00:00 PM,8,2,6
05/23/2015 09:00:00 PM,27,7,20
05/23/2015 08:00:00 PM,6,5,1
05/23/2015 07:00:00 PM,21,10,11
05/23/2015 06:00:00 PM,25,24,1
05/23/2015 05:00:00 PM,27,19,8
05/23/2015 04:00:00 PM,16,12,4
05/23/2015 03:00:00 PM,11,6,5
05/23/2015 02:00:00 PM,29,17,12
05/23/2015 01:00:00 PM,22,16,6
05/23/2015 12:00:00 PM,11,7,4
05/23/2015 11:00:00 AM,11,5,6
05/23/2015 10:00:00 AM,10,8,2
05/23/2015 09:00:00 AM,5,4,1
05/23/2015 08:00:00 AM,12,10,2
05/23/2015 07:00:00 AM,2,1,1
05/23/2015 06:00:00 AM,3,3,0
05/23/2015 05:00:00 AM,3,0,3
05/23/2015 04:00:00 AM,1,1,0
05/23/2015 03:00:00 AM,3,3,0
05/23/2015 02:00:00 AM,0,0,0
05/23/2015 01:00:00 AM,1,1,0
05/23/2015 12:00:00 AM,4,4,0
05/22/2015 11:00:00 PM,12,11,1
05/22/2015 10:00:00 PM,8,7,1
05/22/2015 09:00:00 PM,12,7,5
05/22/2015 08:00:00 PM,17,13,4
05/22/2015 07:00:00 PM,24,14,10
05/22/2015 06:00:00 PM,43,25,18
05/22/2015 05:00:00 PM,91,63,28
05/22/2015 04:00:00 PM,82,58,24
05/22/2015 03:00:00 PM,68,48,20
05/22/2015 02:00:00 PM,44,27,17
05/22/2015 01:00:00 PM,33,20,13
05/22/2015 12:00:00 PM,46,27,19
05/22/2015 11:00:00 AM,29,19,10
05/22/2015 10:00:00 AM,19,15,4
05/22/2015 09:00:00 AM,53,38,15
05/22/2015 08:00:00 AM,103,64,39
05/22/2015 07:00:00 AM,80,59,21
05/22/2015 06:00:00 AM,43,22,21
05/22/2015 05:00:00 AM,6,4,2
05/22/2015 04:00:00 AM,0,0,0
05/22/2015 03:00:00 AM,0,0,0
05/22/2015 02:00:00 AM,0,0,0
05/22/2015 01:00:00 AM,0,0,0
05/22/2015 12:00:00 AM,1,0,1
05/21/2015 11:00:00 PM,9,8,1
05/21/2015 10:00:00 PM,10,8,2
05/21/2015 09:00:00 PM,15,14,1
05/21/2015 08:00:00 PM,19,14,5
05/21/2015 07:00:00 PM,26,13,13
05/21/2015 06:00:00 PM,88,64,24
05/21/2015 05:00:00 PM,140,94,46
05/21/2015 04:00:00 PM,102,74,28
05/21/2015 03:00:00 PM,67,48,19
05/21/2015 02:00:00 PM,36,27,9
05/21/2015 01:00:00 PM,37,28,9
05/21/2015 12:00:00 PM,29,21,8
05/21/2015 11:00:00 AM,37,22,15
05/21/2015 10:00:00 AM,27,17,10
05/21/2015 09:00:00 AM,45,30,15
05/21/2015 08:00:00 AM,115,77,38
05/21/2015 07:00:00 AM,97,76,21
05/21/2015 06:00:00 AM,46,22,24
05/21/2015 05:00:00 AM,7,3,4
05/21/2015 04:00:00 AM,0,0,0
05/21/2015 03:00:00 AM,1,1,0
05/21/2015 02:00:00 AM,1,1,0
05/21/2015 01:00:00 AM,2,1,1
05/21/2015 12:00:00 AM,1,0,1
05/20/2015 11:00:00 PM,4,4,0
05/20/2015 10:00:00 PM,10,6,4
05/20/2015 09:00:00 PM,16,12,4
05/20/2015 08:00:00 PM,26,17,9
05/20/2015 07:00:00 PM,30,18,12
05/20/2015 06:00:00 PM,66,41,25
05/20/2015 05:00:00 PM,161,113,48
05/20/2015 04:00:00 PM,109,72,37
05/20/2015 03:00:00 PM,60,40,20
05/20/2015 02:00:00 PM,22,16,6
05/20/2015 01:00:00 PM,31,17,14
05/20/2015 12:00:00 PM,36,22,14
05/20/2015 11:00:00 AM,22,13,9
05/20/2015 10:00:00 AM,25,22,3
05/20/2015 09:00:00 AM,54,37,17
05/20/2015 08:00:00 AM,126,89,37
05/20/2015 07:00:00 AM,88,67,21
05/20/2015 06:00:00 AM,54,28,26
05/20/2015 05:00:00 AM,16,9,7
05/20/2015 04:00:00 AM,1,1,0
05/20/2015 03:00:00 AM,0,0,0
05/20/2015 02:00:00 AM,2,2,0
05/20/2015 01:00:00 AM,1,1,0
05/20/2015 12:00:00 AM,4,4,0
05/19/2015 11:00:00 PM,4,4,0
05/19/2015 10:00:00 PM,6,4,2
05/19/2015 09:00:00 PM,15,9,6
05/19/2015 08:00:00 PM,15,14,1
05/19/2015 07:00:00 PM,38,28,10
05/19/2015 06:00:00 PM,75,41,34
05/19/2015 05:00:00 PM,191,119,72
05/19/2015 04:00:00 PM,117,76,41
05/19/2015 03:00:00 PM,64,50,14
05/19/2015 02:00:00 PM,26,17,9
05/19/2015 01:00:00 PM,34,23,11
05/19/2015 12:00:00 PM,37,27,10
05/19/2015 11:00:00 AM,26,15,11
05/19/2015 10:00:00 AM,36,20,16
05/19/2015 09:00:00 AM,56,38,18
05/19/2015 08:00:00 AM,143,100,43
05/19/2015 07:00:00 AM,115,85,30
05/19/2015 06:00:00 AM,55,29,26
05/19/2015 05:00:00 AM,6,3,3
05/19/2015 04:00:00 AM,2,1,1
05/19/2015 03:00:00 AM,0,0,0
05/19/2015 02:00:00 AM,0,0,0
05/19/2015 01:00:00 AM,2,0,2
05/19/2015 12:00:00 AM,3,1,2
05/18/2015 11:00:00 PM,2,1,1
05/18/2015 10:00:00 PM,10,8,2
05/18/2015 09:00:00 PM,11,9,2
05/18/2015 08:00:00 PM,16,7,9
05/18/2015 07:00:00 PM,38,27,11
05/18/2015 06:00:00 PM,80,53,27
05/18/2015 05:00:00 PM,156,102,54
05/18/2015 04:00:00 PM,102,77,25
05/18/2015 03:00:00 PM,90,56,34
05/18/2015 02:00:00 PM,30,17,13
05/18/2015 01:00:00 PM,30,21,9
05/18/2015 12:00:00 PM,29,15,14
05/18/2015 11:00:00 AM,26,15,11
05/18/2015 10:00:00 AM,32,25,7
05/18/2015 09:00:00 AM,59,37,22
05/18/2015 08:00:00 AM,118,71,47
05/18/2015 07:00:00 AM,100,73,27
05/18/2015 06:00:00 AM,59,35,24
05/18/2015 05:00:00 AM,9,3,6
05/18/2015 04:00:00 AM,0,0,0
05/18/2015 03:00:00 AM,2,2,0
05/18/2015 02:00:00 AM,1,1,0
05/18/2015 01:00:00 AM,2,1,1
05/18/2015 12:00:00 AM,2,0,2
05/17/2015 11:00:00 PM,2,2,0
05/17/2015 10:00:00 PM,3,2,1
05/17/2015 09:00:00 PM,11,9,2
05/17/2015 08:00:00 PM,8,5,3
05/17/2015 07:00:00 PM,8,6,2
05/17/2015 06:00:00 PM,12,3,9
05/17/2015 05:00:00 PM,22,10,12
05/17/2015 04:00:00 PM,27,14,13
05/17/2015 03:00:00 PM,28,21,7
05/17/2015 02:00:00 PM,23,12,11
05/17/2015 01:00:00 PM,24,12,12
05/17/2015 12:00:00 PM,35,27,8
05/17/2015 11:00:00 AM,19,15,4
05/17/2015 10:00:00 AM,25,19,6
05/17/2015 09:00:00 AM,13,9,4
05/17/2015 08:00:00 AM,9,7,2
05/17/2015 07:00:00 AM,4,3,1
05/17/2015 06:00:00 AM,6,3,3
05/17/2015 05:00:00 AM,3,0,3
05/17/2015 04:00:00 AM,0,0,0
05/17/2015 03:00:00 AM,3,3,0
05/17/2015 02:00:00 AM,2,0,2
05/17/2015 01:00:00 AM,0,0,0
05/17/2015 12:00:00 AM,3,0,3
05/16/2015 11:00:00 PM,3,1,2
05/16/2015 10:00:00 PM,9,6,3
05/16/2015 09:00:00 PM,11,6,5
05/16/2015 08:00:00 PM,13,9,4
05/16/2015 07:00:00 PM,8,5,3
05/16/2015 06:00:00 PM,23,18,5
05/16/2015 05:00:00 PM,19,13,6
05/16/2015 04:00:00 PM,18,10,8
05/16/2015 03:00:00 PM,23,16,7
05/16/2015 02:00:00 PM,20,10,10
05/16/2015 01:00:00 PM,27,19,8
05/16/2015 12:00:00 PM,26,13,13
05/16/2015 11:00:00 AM,20,16,4
05/16/2015 10:00:00 AM,7,5,2
05/16/2015 09:00:00 AM,15,12,3
05/16/2015 08:00:00 AM,15,12,3
05/16/2015 07:00:00 AM,10,10,0
05/16/2015 06:00:00 AM,4,3,1
05/16/2015 05:00:00 AM,3,0,3
05/16/2015 04:00:00 AM,0,0,0
05/16/2015 03:00:00 AM,1,1,0
05/16/2015 02:00:00 AM,3,1,2
05/16/2015 01:00:00 AM,1,1,0
05/16/2015 12:00:00 AM,6,4,2
05/15/2015 11:00:00 PM,9,6,3
05/15/2015 10:00:00 PM,7,5,2
05/15/2015 09:00:00 PM,18,12,6
05/15/2015 08:00:00 PM,21,12,9
05/15/2015 07:00:00 PM,33,21,12
05/15/2015 06:00:00 PM,81,71,10
05/15/2015 05:00:00 PM,159,109,50
05/15/2015 04:00:00 PM,136,86,50
05/15/2015 03:00:00 PM,66,44,22
05/15/2015 02:00:00 PM,63,44,19
05/15/2015 01:00:00 PM,47,29,18
05/15/2015 12:00:00 PM,36,23,13
05/15/2015 11:00:00 AM,33,22,11
05/15/2015 10:00:00 AM,34,22,12
05/15/2015 09:00:00 AM,76,48,28
05/15/2015 08:00:00 AM,258,176,82
05/15/2015 07:00:00 AM,140,103,37
05/15/2015 06:00:00 AM,42,18,24
05/15/2015 05:00:00 AM,5,1,4
05/15/2015 04:00:00 AM,2,2,0
05/15/2015 03:00:00 AM,1,1,0
05/15/2015 02:00:00 AM,0,0,0
05/15/2015 01:00:00 AM,0,0,0
05/15/2015 12:00:00 AM,1,0,1
05/14/2015 11:00:00 PM,5,3,2
05/14/2015 10:00:00 PM,28,4,24
05/14/2015 09:00:00 PM,13,12,1
05/14/2015 08:00:00 PM,18,9,9
05/14/2015 07:00:00 PM,32,23,9
05/14/2015 06:00:00 PM,80,55,25
05/14/2015 05:00:00 PM,160,92,68
05/14/2015 04:00:00 PM,103,83,20
05/14/2015 03:00:00 PM,46,37,9
05/14/2015 02:00:00 PM,32,21,11
05/14/2015 01:00:00 PM,32,20,12
05/14/2015 12:00:00 PM,25,15,10
05/14/2015 11:00:00 AM,30,21,9
05/14/2015 10:00:00 AM,25,16,9
05/14/2015 09:00:00 AM,42,30,12
05/14/2015 08:00:00 AM,100,67,33
05/14/2015 07:00:00 AM,85,68,17
05/14/2015 06:00:00 AM,40,17,23
05/14/2015 05:00:00 AM,9,6,3
05/14/2015 04:00:00 AM,2,1,1
05/14/2015 03:00:00 AM,0,0,0
05/14/2015 02:00:00 AM,0,0,0
05/14/2015 01:00:00 AM,1,1,0
05/14/2015 12:00:00 AM,2,1,1
05/13/2015 11:00:00 PM,0,0,0
05/13/2015 10:00:00 PM,11,6,5
05/13/2015 09:00:00 PM,15,10,5
05/13/2015 08:00:00 PM,12,7,5
05/13/2015 07:00:00 PM,19,12,7
05/13/2015 06:00:00 PM,43,25,18
05/13/2015 05:00:00 PM,103,65,38
05/13/2015 04:00:00 PM,54,39,15
05/13/2015 03:00:00 PM,39,26,13
05/13/2015 02:00:00 PM,25,19,6
05/13/2015 01:00:00 PM,19,7,12
05/13/2015 12:00:00 PM,23,11,12
05/13/2015 11:00:00 AM,22,13,9
05/13/2015 10:00:00 AM,25,21,4
05/13/2015 09:00:00 AM,41,26,15
05/13/2015 08:00:00 AM,94,63,31
05/13/2015 07:00:00 AM,62,48,14
05/13/2015 06:00:00 AM,37,17,20
05/13/2015 05:00:00 AM,6,4,2
05/13/2015 04:00:00 AM,1,1,0
05/13/2015 03:00:00 AM,0,0,0
05/13/2015 02:00:00 AM,0,0,0
05/13/2015 01:00:00 AM,0,0,0
05/13/2015 12:00:00 AM,2,2,0
05/12/2015 11:00:00 PM,1,0,1
05/12/2015 10:00:00 PM,4,3,1
05/12/2015 09:00:00 PM,4,2,2
05/12/2015 08:00:00 PM,14,9,5
05/12/2015 07:00:00 PM,30,17,13
05/12/2015 06:00:00 PM,70,45,25
05/12/2015 05:00:00 PM,158,103,55
05/12/2015 04:00:00 PM,93,64,29
05/12/2015 03:00:00 PM,38,29,9
05/12/2015 02:00:00 PM,30,22,8
05/12/2015 01:00:00 PM,26,15,11
05/12/2015 12:00:00 PM,24,12,12
05/12/2015 11:00:00 AM,34,18,16
05/12/2015 10:00:00 AM,18,15,3
05/12/2015 09:00:00 AM,41,31,10
05/12/2015 08:00:00 AM,117,80,37
05/12/2015 07:00:00 AM,90,58,32
05/12/2015 06:00:00 AM,38,18,20
05/12/2015 05:00:00 AM,5,4,1
05/12/2015 04:00:00 AM,1,1,0
05/12/2015 03:00:00 AM,3,3,0
05/12/2015 02:00:00 AM,0,0,0
05/12/2015 01:00:00 AM,1,1,0
05/12/2015 12:00:00 AM,3,2,1
05/11/2015 11:00:00 PM,1,0,1
05/11/2015 10:00:00 PM,4,2,2
05/11/2015 09:00:00 PM,7,4,3
05/11/2015 08:00:00 PM,17,8,9
05/11/2015 07:00:00 PM,32,24,8
05/11/2015 06:00:00 PM,53,35,18
05/11/2015 05:00:00 PM,136,87,49
05/11/2015 04:00:00 PM,102,86,16
05/11/2015 03:00:00 PM,39,28,11
05/11/2015 02:00:00 PM,23,17,6
05/11/2015 01:00:00 PM,16,10,6
05/11/2015 12:00:00 PM,22,11,11
05/11/2015 11:00:00 AM,26,19,7
05/11/2015 10:00:00 AM,19,11,8
05/11/2015 09:00:00 AM,51,37,14
05/11/2015 08:00:00 AM,128,89,39
05/11/2015 07:00:00 AM,83,61,22
05/11/2015 06:00:00 AM,43,26,17
05/11/2015 05:00:00 AM,9,6,3
05/11/2015 04:00:00 AM,0,0,0
05/11/2015 03:00:00 AM,1,0,1
05/11/2015 02:00:00 AM,1,0,1
05/11/2015 01:00:00 AM,4,2,2
05/11/2015 12:00:00 AM,1,1,0
05/10/2015 11:00:00 PM,1,1,0
05/10/2015 10:00:00 PM,7,5,2
05/10/2015 09:00:00 PM,4,3,1
05/10/2015 08:00:00 PM,9,4,5
05/10/2015 07:00:00 PM,10,4,6
05/10/2015 06:00:00 PM,11,5,6
05/10/2015 05:00:00 PM,18,10,8
05/10/2015 04:00:00 PM,35,18,17
05/10/2015 03:00:00 PM,18,10,8
05/10/2015 02:00:00 PM,18,15,3
05/10/2015 01:00:00 PM,15,10,5
05/10/2015 12:00:00 PM,18,14,4
05/10/2015 11:00:00 AM,17,12,5
05/10/2015 10:00:00 AM,20,13,7
05/10/2015 09:00:00 AM,14,5,9
05/10/2015 08:00:00 AM,3,1,2
05/10/2015 07:00:00 AM,8,5,3
05/10/2015 06:00:00 AM,3,2,1
05/10/2015 05:00:00 AM,2,0,2
05/10/2015 04:00:00 AM,0,0,0
05/10/2015 03:00:00 AM,1,1,0
05/10/2015 02:00:00 AM,2,0,2
05/10/2015 01:00:00 AM,2,2,0
05/10/2015 12:00:00 AM,2,0,2
05/09/2015 11:00:00 PM,8,5,3
05/09/2015 10:00:00 PM,7,4,3
05/09/2015 09:00:00 PM,15,8,7
05/09/2015 08:00:00 PM,12,10,2
05/09/2015 07:00:00 PM,11,4,7
05/09/2015 06:00:00 PM,22,13,9
05/09/2015 05:00:00 PM,24,19,5
05/09/2015 04:00:00 PM,29,21,8
05/09/2015 03:00:00 PM,28,11,17
05/09/2015 02:00:00 PM,26,19,7
05/09/2015 01:00:00 PM,41,29,12
05/09/2015 12:00:00 PM,21,14,7
05/09/2015 11:00:00 AM,24,18,6
05/09/2015 10:00:00 AM,14,8,6
05/09/2015 09:00:00 AM,12,7,5
05/09/2015 08:00:00 AM,22,19,3
05/09/2015 07:00:00 AM,7,6,1
05/09/2015 06:00:00 AM,5,3,2
05/09/2015 05:00:00 AM,3,0,3
05/09/2015 04:00:00 AM,0,0,0
05/09/2015 03:00:00 AM,1,1,0
05/09/2015 02:00:00 AM,3,1,2
05/09/2015 01:00:00 AM,3,3,0
05/09/2015 12:00:00 AM,4,2,2
05/08/2015 11:00:00 PM,8,3,5
05/08/2015 10:00:00 PM,8,7,1
05/08/2015 09:00:00 PM,9,4,5
05/08/2015 08:00:00 PM,13,7,6
05/08/2015 07:00:00 PM,19,16,3
05/08/2015 06:00:00 PM,55,45,10
05/08/2015 05:00:00 PM,148,100,48
05/08/2015 04:00:00 PM,109,77,32
05/08/2015 03:00:00 PM,62,46,16
05/08/2015 02:00:00 PM,32,25,7
05/08/2015 01:00:00 PM,46,31,15
05/08/2015 12:00:00 PM,49,27,22
05/08/2015 11:00:00 AM,39,27,12
05/08/2015 10:00:00 AM,28,17,11
05/08/2015 09:00:00 AM,54,42,12
05/08/2015 08:00:00 AM,155,112,43
05/08/2015 07:00:00 AM,86,60,26
05/08/2015 06:00:00 AM,46,23,23
05/08/2015 05:00:00 AM,10,5,5
05/08/2015 04:00:00 AM,1,1,0
05/08/2015 03:00:00 AM,0,0,0
05/08/2015 02:00:00 AM,0,0,0
05/08/2015 01:00:00 AM,4,0,4
05/08/2015 12:00:00 AM,7,3,4
05/07/2015 11:00:00 PM,10,4,6
05/07/2015 10:00:00 PM,12,5,7
05/07/2015 09:00:00 PM,17,10,7
05/07/2015 08:00:00 PM,40,13,27
05/07/2015 07:00:00 PM,41,23,18
05/07/2015 06:00:00 PM,101,69,32
05/07/2015 05:00:00 PM,187,126,61
05/07/2015 04:00:00 PM,117,93,24
05/07/2015 03:00:00 PM,51,37,14
05/07/2015 02:00:00 PM,42,24,18
05/07/2015 01:00:00 PM,39,24,15
05/07/2015 12:00:00 PM,25,16,9
05/07/2015 11:00:00 AM,35,22,13
05/07/2015 10:00:00 AM,32,20,12
05/07/2015 09:00:00 AM,66,54,12
05/07/2015 08:00:00 AM,162,115,47
05/07/2015 07:00:00 AM,106,75,31
05/07/2015 06:00:00 AM,62,25,37
05/07/2015 05:00:00 AM,11,8,3
05/07/2015 04:00:00 AM,0,0,0
05/07/2015 03:00:00 AM,0,0,0
05/07/2015 02:00:00 AM,0,0,0
05/07/2015 01:00:00 AM,0,0,0
05/07/2015 12:00:00 AM,1,1,0
05/06/2015 11:00:00 PM,3,3,0
05/06/2015 10:00:00 PM,10,6,4
05/06/2015 09:00:00 PM,10,7,3
05/06/2015 08:00:00 PM,22,13,9
05/06/2015 07:00:00 PM,31,22,9
05/06/2015 06:00:00 PM,63,36,27
05/06/2015 05:00:00 PM,138,100,38
05/06/2015 04:00:00 PM,105,70,35
05/06/2015 03:00:00 PM,47,31,16
05/06/2015 02:00:00 PM,30,19,11
05/06/2015 01:00:00 PM,33,27,6
05/06/2015 12:00:00 PM,28,17,11
05/06/2015 11:00:00 AM,23,13,10
05/06/2015 10:00:00 AM,22,17,5
05/06/2015 09:00:00 AM,44,26,18
05/06/2015 08:00:00 AM,135,99,36
05/06/2015 07:00:00 AM,95,68,27
05/06/2015 06:00:00 AM,39,22,17
05/06/2015 05:00:00 AM,8,5,3
05/06/2015 04:00:00 AM,0,0,0
05/06/2015 03:00:00 AM,1,1,0
05/06/2015 02:00:00 AM,0,0,0
05/06/2015 01:00:00 AM,2,2,0
05/06/2015 12:00:00 AM,1,1,0
05/05/2015 11:00:00 PM,6,5,1
05/05/2015 10:00:00 PM,3,3,0
05/05/2015 09:00:00 PM,7,4,3
05/05/2015 08:00:00 PM,16,11,5
05/05/2015 07:00:00 PM,11,6,5
05/05/2015 06:00:00 PM,29,16,13
05/05/2015 05:00:00 PM,100,57,43
05/05/2015 04:00:00 PM,45,36,9
05/05/2015 03:00:00 PM,46,30,16
05/05/2015 02:00:00 PM,25,13,12
05/05/2015 01:00:00 PM,20,14,6
05/05/2015 12:00:00 PM,23,13,10
05/05/2015 11:00:00 AM,17,9,8
05/05/2015 10:00:00 AM,24,15,9
05/05/2015 09:00:00 AM,40,27,13
05/05/2015 08:00:00 AM,104,78,26
05/05/2015 07:00:00 AM,62,44,18
05/05/2015 06:00:00 AM,31,17,14
05/05/2015 05:00:00 AM,2,1,1
05/05/2015 04:00:00 AM,0,0,0
05/05/2015 03:00:00 AM,0,0,0
05/05/2015 02:00:00 AM,0,0,0
05/05/2015 01:00:00 AM,1,0,1
05/05/2015 12:00:00 AM,2,1,1
05/04/2015 11:00:00 PM,5,1,4
05/04/2015 10:00:00 PM,1,1,0
05/04/2015 09:00:00 PM,12,8,4
05/04/2015 08:00:00 PM,14,12,2
05/04/2015 07:00:00 PM,22,14,8
05/04/2015 06:00:00 PM,63,40,23
05/04/2015 05:00:00 PM,154,104,50
05/04/2015 04:00:00 PM,87,60,27
05/04/2015 03:00:00 PM,63,50,13
05/04/2015 02:00:00 PM,37,23,14
05/04/2015 01:00:00 PM,22,12,10
05/04/2015 12:00:00 PM,34,16,18
05/04/2015 11:00:00 AM,27,19,8
05/04/2015 10:00:00 AM,28,18,10
05/04/2015 09:00:00 AM,57,39,18
05/04/2015 08:00:00 AM,134,93,41
05/04/2015 07:00:00 AM,100,76,24
05/04/2015 06:00:00 AM,60,38,22
05/04/2015 05:00:00 AM,7,3,4
05/04/2015 04:00:00 AM,1,0,1
05/04/2015 03:00:00 AM,0,0,0
05/04/2015 02:00:00 AM,0,0,0
05/04/2015 01:00:00 AM,3,3,0
05/04/2015 12:00:00 AM,2,2,0
05/03/2015 11:00:00 PM,3,2,1
05/03/2015 10:00:00 PM,7,3,4
05/03/2015 09:00:00 PM,6,5,1
05/03/2015 08:00:00 PM,7,5,2
05/03/2015 07:00:00 PM,10,8,2
05/03/2015 06:00:00 PM,11,6,5
05/03/2015 05:00:00 PM,31,21,10
05/03/2015 04:00:00 PM,17,14,3
05/03/2015 03:00:00 PM,23,14,9
05/03/2015 02:00:00 PM,33,23,10
05/03/2015 01:00:00 PM,17,14,3
05/03/2015 12:00:00 PM,25,18,7
05/03/2015 11:00:00 AM,14,11,3
05/03/2015 10:00:00 AM,11,10,1
05/03/2015 09:00:00 AM,15,12,3
05/03/2015 08:00:00 AM,21,19,2
05/03/2015 07:00:00 AM,5,5,0
05/03/2015 06:00:00 AM,6,4,2
05/03/2015 05:00:00 AM,1,0,1
05/03/2015 04:00:00 AM,2,2,0
05/03/2015 03:00:00 AM,0,0,0
05/03/2015 02:00:00 AM,0,0,0
05/03/2015 01:00:00 AM,1,1,0
05/03/2015 12:00:00 AM,2,1,1
05/02/2015 11:00:00 PM,2,1,1
05/02/2015 10:00:00 PM,7,5,2
05/02/2015 09:00:00 PM,5,1,4
05/02/2015 08:00:00 PM,11,9,2
05/02/2015 07:00:00 PM,11,6,5
05/02/2015 06:00:00 PM,34,21,13
05/02/2015 05:00:00 PM,15,13,2
05/02/2015 04:00:00 PM,20,10,10
05/02/2015 03:00:00 PM,34,19,15
05/02/2015 02:00:00 PM,32,26,6
05/02/2015 01:00:00 PM,20,14,6
05/02/2015 12:00:00 PM,18,11,7
05/02/2015 11:00:00 AM,19,15,4
05/02/2015 10:00:00 AM,24,14,10
05/02/2015 09:00:00 AM,7,7,0
05/02/2015 08:00:00 AM,23,18,5
05/02/2015 07:00:00 AM,7,3,4
05/02/2015 06:00:00 AM,7,6,1
05/02/2015 05:00:00 AM,2,0,2
05/02/2015 04:00:00 AM,1,1,0
05/02/2015 03:00:00 AM,1,1,0
05/02/2015 02:00:00 AM,0,0,0
05/02/2015 01:00:00 AM,4,3,1
05/02/2015 12:00:00 AM,3,2,1
05/01/2015 11:00:00 PM,3,3,0
05/01/2015 10:00:00 PM,10,9,1
05/01/2015 09:00:00 PM,15,11,4
05/01/2015 08:00:00 PM,11,4,7
05/01/2015 07:00:00 PM,23,15,8
05/01/2015 06:00:00 PM,53,32,21
05/01/2015 05:00:00 PM,111,75,36
05/01/2015 04:00:00 PM,97,66,31
05/01/2015 03:00:00 PM,89,60,29
05/01/2015 02:00:00 PM,40,29,11
05/01/2015 01:00:00 PM,37,31,6
05/01/2015 12:00:00 PM,41,23,18
05/01/2015 11:00:00 AM,26,17,9
05/01/2015 10:00:00 AM,19,12,7
05/01/2015 09:00:00 AM,59,45,14
05/01/2015 08:00:00 AM,118,83,35
05/01/2015 07:00:00 AM,114,85,29
05/01/2015 06:00:00 AM,46,25,21
05/01/2015 05:00:00 AM,12,6,6
05/01/2015 04:00:00 AM,1,1,0
05/01/2015 03:00:00 AM,0,0,0
05/01/2015 02:00:00 AM,0,0,0
05/01/2015 01:00:00 AM,0,0,0
05/01/2015 12:00:00 AM,3,1,2
04/30/2015 11:00:00 PM,7,4,3
04/30/2015 10:00:00 PM,11,9,2
04/30/2015 09:00:00 PM,12,10,2
04/30/2015 08:00:00 PM,13,10,3
04/30/2015 07:00:00 PM,30,16,14
04/30/2015 06:00:00 PM,61,38,23
04/30/2015 05:00:00 PM,112,79,33
04/30/2015 04:00:00 PM,92,73,19
04/30/2015 03:00:00 PM,50,34,16
04/30/2015 02:00:00 PM,36,25,11
04/30/2015 01:00:00 PM,25,15,10
04/30/2015 12:00:00 PM,29,17,12
04/30/2015 11:00:00 AM,31,19,12
04/30/2015 10:00:00 AM,22,18,4
04/30/2015 09:00:00 AM,61,40,21
04/30/2015 08:00:00 AM,91,58,33
04/30/2015 07:00:00 AM,74,56,18
04/30/2015 06:00:00 AM,42,24,18
04/30/2015 05:00:00 AM,14,10,4
04/30/2015 04:00:00 AM,0,0,0
04/30/2015 03:00:00 AM,0,0,0
04/30/2015 02:00:00 AM,0,0,0
04/30/2015 01:00:00 AM,0,0,0
04/30/2015 12:00:00 AM,2,2,0
04/29/2015 11:00:00 PM,5,3,2
04/29/2015 10:00:00 PM,6,5,1
04/29/2015 09:00:00 PM,13,11,2
04/29/2015 08:00:00 PM,11,6,5
04/29/2015 07:00:00 PM,41,26,15
04/29/2015 06:00:00 PM,58,37,21
04/29/2015 05:00:00 PM,123,74,49
04/29/2015 04:00:00 PM,75,62,13
04/29/2015 03:00:00 PM,34,23,11
04/29/2015 02:00:00 PM,25,20,5
04/29/2015 01:00:00 PM,24,16,8
04/29/2015 12:00:00 PM,26,11,15
04/29/2015 11:00:00 AM,20,12,8
04/29/2015 10:00:00 AM,20,14,6
04/29/2015 09:00:00 AM,63,45,18
04/29/2015 08:00:00 AM,87,62,25
04/29/2015 07:00:00 AM,53,43,10
04/29/2015 06:00:00 AM,32,18,14
04/29/2015 05:00:00 AM,8,5,3
04/29/2015 04:00:00 AM,0,0,0
04/29/2015 03:00:00 AM,1,1,0
04/29/2015 02:00:00 AM,0,0,0
04/29/2015 01:00:00 AM,1,1,0
04/29/2015 12:00:00 AM,2,2,0
04/28/2015 11:00:00 PM,1,1,0
04/28/2015 10:00:00 PM,5,4,1
04/28/2015 09:00:00 PM,4,3,1
04/28/2015 08:00:00 PM,12,9,3
04/28/2015 07:00:00 PM,9,7,2
04/28/2015 06:00:00 PM,49,29,20
04/28/2015 05:00:00 PM,83,56,27
04/28/2015 04:00:00 PM,61,46,15
04/28/2015 03:00:00 PM,36,26,10
04/28/2015 02:00:00 PM,26,22,4
04/28/2015 01:00:00 PM,16,11,5
04/28/2015 12:00:00 PM,21,9,12
04/28/2015 11:00:00 AM,22,14,8
04/28/2015 10:00:00 AM,27,19,8
04/28/2015 09:00:00 AM,46,31,15
04/28/2015 08:00:00 AM,96,68,28
04/28/2015 07:00:00 AM,64,41,23
04/28/2015 06:00:00 AM,35,20,15
04/28/2015 05:00:00 AM,4,4,0
04/28/2015 04:00:00 AM,0,0,0
04/28/2015 03:00:00 AM,1,1,0
04/28/2015 02:00:00 AM,0,0,0
04/28/2015 01:00:00 AM,1,1,0
04/28/2015 12:00:00 AM,1,0,1
04/27/2015 11:00:00 PM,2,1,1
04/27/2015 10:00:00 PM,3,3,0
04/27/2015 09:00:00 PM,10,5,5
04/27/2015 08:00:00 PM,17,14,3
04/27/2015 07:00:00 PM,20,13,7
04/27/2015 06:00:00 PM,46,24,22
04/27/2015 05:00:00 PM,139,97,42
04/27/2015 04:00:00 PM,92,70,22
04/27/2015 03:00:00 PM,46,25,21
04/27/2015 02:00:00 PM,20,13,7
04/27/2015 01:00:00 PM,23,16,7
04/27/2015 12:00:00 PM,29,17,12
04/27/2015 11:00:00 AM,21,11,10
04/27/2015 10:00:00 AM,15,13,2
04/27/2015 09:00:00 AM,53,40,13
04/27/2015 08:00:00 AM,105,74,31
04/27/2015 07:00:00 AM,60,43,17
04/27/2015 06:00:00 AM,32,22,10
04/27/2015 05:00:00 AM,8,6,2
04/27/2015 04:00:00 AM,0,0,0
04/27/2015 03:00:00 AM,2,1,1
04/27/2015 02:00:00 AM,1,1,0
04/27/2015 01:00:00 AM,0,0,0
04/27/2015 12:00:00 AM,1,1,0
04/26/2015 11:00:00 PM,1,0,1
04/26/2015 10:00:00 PM,12,3,9
04/26/2015 09:00:00 PM,3,2,1
04/26/2015 08:00:00 PM,23,5,18
04/26/2015 07:00:00 PM,9,8,1
04/26/2015 06:00:00 PM,19,10,9
04/26/2015 05:00:00 PM,31,17,14
04/26/2015 04:00:00 PM,35,28,7
04/26/2015 03:00:00 PM,22,19,3
04/26/2015 02:00:00 PM,21,11,10
04/26/2015 01:00:00 PM,11,7,4
04/26/2015 12:00:00 PM,14,10,4
04/26/2015 11:00:00 AM,9,5,4
04/26/2015 10:00:00 AM,12,9,3
04/26/2015 09:00:00 AM,8,5,3
04/26/2015 08:00:00 AM,6,6,0
04/26/2015 07:00:00 AM,4,4,0
04/26/2015 06:00:00 AM,2,1,1
04/26/2015 05:00:00 AM,3,0,3
04/26/2015 04:00:00 AM,0,0,0
04/26/2015 03:00:00 AM,2,1,1
04/26/2015 02:00:00 AM,1,0,1
04/26/2015 01:00:00 AM,0,0,0
04/26/2015 12:00:00 AM,3,2,1
04/25/2015 11:00:00 PM,2,1,1
04/25/2015 10:00:00 PM,10,7,3
04/25/2015 09:00:00 PM,9,4,5
04/25/2015 08:00:00 PM,14,8,6
04/25/2015 07:00:00 PM,5,1,4
04/25/2015 06:00:00 PM,17,6,11
04/25/2015 05:00:00 PM,27,18,9
04/25/2015 04:00:00 PM,17,11,6
04/25/2015 03:00:00 PM,23,12,11
04/25/2015 02:00:00 PM,28,22,6
04/25/2015 01:00:00 PM,29,20,9
04/25/2015 12:00:00 PM,11,8,3
04/25/2015 11:00:00 AM,13,8,5
04/25/2015 10:00:00 AM,16,11,5
04/25/2015 09:00:00 AM,13,9,4
04/25/2015 08:00:00 AM,8,5,3
04/25/2015 07:00:00 AM,5,4,1
04/25/2015 06:00:00 AM,2,2,0
04/25/2015 05:00:00 AM,3,0,3
04/25/2015 04:00:00 AM,0,0,0
04/25/2015 03:00:00 AM,0,0,0
04/25/2015 02:00:00 AM,2,1,1
04/25/2015 01:00:00 AM,0,0,0
04/25/2015 12:00:00 AM,0,0,0
04/24/2015 11:00:00 PM,6,0,6
04/24/2015 10:00:00 PM,11,8,3
04/24/2015 09:00:00 PM,6,2,4
04/24/2015 08:00:00 PM,2,1,1
04/24/2015 07:00:00 PM,20,13,7
04/24/2015 06:00:00 PM,43,24,19
04/24/2015 05:00:00 PM,85,60,25
04/24/2015 04:00:00 PM,53,42,11
04/24/2015 03:00:00 PM,39,28,11
04/24/2015 02:00:00 PM,26,15,11
04/24/2015 01:00:00 PM,24,14,10
04/24/2015 12:00:00 PM,17,8,9
04/24/2015 11:00:00 AM,15,12,3
04/24/2015 10:00:00 AM,24,17,7
04/24/2015 09:00:00 AM,38,27,11
04/24/2015 08:00:00 AM,72,52,20
04/24/2015 07:00:00 AM,31,22,9
04/24/2015 06:00:00 AM,33,19,14
04/24/2015 05:00:00 AM,6,4,2
04/24/2015 04:00:00 AM,1,1,0
04/24/2015 03:00:00 AM,0,0,0
04/24/2015 02:00:00 AM,0,0,0
04/24/2015 01:00:00 AM,0,0,0
04/24/2015 12:00:00 AM,0,0,0
04/23/2015 11:00:00 PM,3,1,2
04/23/2015 10:00:00 PM,3,3,0
04/23/2015 09:00:00 PM,8,6,2
04/23/2015 08:00:00 PM,6,1,5
04/23/2015 07:00:00 PM,10,7,3
04/23/2015 06:00:00 PM,48,40,8
04/23/2015 05:00:00 PM,85,59,26
04/23/2015 04:00:00 PM,58,38,20
04/23/2015 03:00:00 PM,33,26,7
04/23/2015 02:00:00 PM,17,10,7
04/23/2015 01:00:00 PM,18,12,6
04/23/2015 12:00:00 PM,19,12,7
04/23/2015 11:00:00 AM,22,15,7
04/23/2015 10:00:00 AM,25,14,11
04/23/2015 09:00:00 AM,50,30,20
04/23/2015 08:00:00 AM,85,64,21
04/23/2015 07:00:00 AM,53,31,22
04/23/2015 06:00:00 AM,31,15,16
04/23/2015 05:00:00 AM,7,6,1
04/23/2015 04:00:00 AM,0,0,0
04/23/2015 03:00:00 AM,0,0,0
04/23/2015 02:00:00 AM,0,0,0
04/23/2015 01:00:00 AM,0,0,0
04/23/2015 12:00:00 AM,1,0,1
04/22/2015 11:00:00 PM,5,3,2
04/22/2015 10:00:00 PM,2,1,1
04/22/2015 09:00:00 PM,13,6,7
04/22/2015 08:00:00 PM,24,18,6
04/22/2015 07:00:00 PM,21,10,11
04/22/2015 06:00:00 PM,59,42,17
04/22/2015 05:00:00 PM,106,73,33
04/22/2015 04:00:00 PM,88,69,19
04/22/2015 03:00:00 PM,44,31,13
04/22/2015 02:00:00 PM,31,21,10
04/22/2015 01:00:00 PM,25,20,5
04/22/2015 12:00:00 PM,30,17,13
04/22/2015 11:00:00 AM,31,20,11
04/22/2015 10:00:00 AM,24,19,5
04/22/2015 09:00:00 AM,45,30,15
04/22/2015 08:00:00 AM,88,61,27
04/22/2015 07:00:00 AM,60,43,17
04/22/2015 06:00:00 AM,24,11,13
04/22/2015 05:00:00 AM,5,3,2
04/22/2015 04:00:00 AM,0,0,0
04/22/2015 03:00:00 AM,1,1,0
04/22/2015 02:00:00 AM,0,0,0
04/22/2015 01:00:00 AM,0,0,0
04/22/2015 12:00:00 AM,0,0,0
04/21/2015 11:00:00 PM,1,0,1
04/21/2015 10:00:00 PM,1,1,0
04/21/2015 09:00:00 PM,8,4,4
04/21/2015 08:00:00 PM,5,2,3
04/21/2015 07:00:00 PM,9,6,3
04/21/2015 06:00:00 PM,77,48,29
04/21/2015 05:00:00 PM,145,103,42
04/21/2015 04:00:00 PM,132,77,55
04/21/2015 03:00:00 PM,53,36,17
04/21/2015 02:00:00 PM,31,17,14
04/21/2015 01:00:00 PM,35,21,14
04/21/2015 12:00:00 PM,40,25,15
04/21/2015 11:00:00 AM,41,26,15
04/21/2015 10:00:00 AM,36,24,12
04/21/2015 09:00:00 AM,71,48,23
04/21/2015 08:00:00 AM,163,130,33
04/21/2015 07:00:00 AM,89,58,31
04/21/2015 06:00:00 AM,39,20,19
04/21/2015 05:00:00 AM,9,4,5
04/21/2015 04:00:00 AM,0,0,0
04/21/2015 03:00:00 AM,1,1,0
04/21/2015 02:00:00 AM,0,0,0
04/21/2015 01:00:00 AM,6,1,5
04/21/2015 12:00:00 AM,4,1,3
04/20/2015 11:00:00 PM,16,2,14
04/20/2015 10:00:00 PM,7,1,6
04/20/2015 09:00:00 PM,15,13,2
04/20/2015 08:00:00 PM,32,24,8
04/20/2015 07:00:00 PM,33,18,15
04/20/2015 06:00:00 PM,93,61,32
04/20/2015 05:00:00 PM,184,130,54
04/20/2015 04:00:00 PM,105,79,26
04/20/2015 03:00:00 PM,83,49,34
04/20/2015 02:00:00 PM,45,29,16
04/20/2015 01:00:00 PM,47,29,18
04/20/2015 12:00:00 PM,49,26,23
04/20/2015 11:00:00 AM,27,18,9
04/20/2015 10:00:00 AM,41,27,14
04/20/2015 09:00:00 AM,74,55,19
04/20/2015 08:00:00 AM,146,112,34
04/20/2015 07:00:00 AM,83,52,31
04/20/2015 06:00:00 AM,35,22,13
04/20/2015 05:00:00 AM,13,6,7
04/20/2015 04:00:00 AM,0,0,0
04/20/2015 03:00:00 AM,0,0,0
04/20/2015 02:00:00 AM,2,2,0
04/20/2015 01:00:00 AM,0,0,0
04/20/2015 12:00:00 AM,3,3,0
04/19/2015 11:00:00 PM,5,4,1
04/19/2015 10:00:00 PM,5,5,0
04/19/2015 09:00:00 PM,7,4,3
04/19/2015 08:00:00 PM,12,8,4
04/19/2015 07:00:00 PM,27,15,12
04/19/2015 06:00:00 PM,22,14,8
04/19/2015 05:00:00 PM,41,20,21
04/19/2015 04:00:00 PM,23,12,11
04/19/2015 03:00:00 PM,27,13,14
04/19/2015 02:00:00 PM,32,15,17
04/19/2015 01:00:00 PM,24,14,10
04/19/2015 12:00:00 PM,38,29,9
04/19/2015 11:00:00 AM,26,23,3
04/19/2015 10:00:00 AM,20,13,7
04/19/2015 09:00:00 AM,25,16,9
04/19/2015 08:00:00 AM,9,8,1
04/19/2015 07:00:00 AM,8,7,1
04/19/2015 06:00:00 AM,4,2,2
04/19/2015 05:00:00 AM,1,0,1
04/19/2015 04:00:00 AM,1,1,0
04/19/2015 03:00:00 AM,1,1,0
04/19/2015 02:00:00 AM,0,0,0
04/19/2015 01:00:00 AM,0,0,0
04/19/2015 12:00:00 AM,5,4,1
04/18/2015 11:00:00 PM,7,6,1
04/18/2015 10:00:00 PM,14,2,12
04/18/2015 09:00:00 PM,13,4,9
04/18/2015 08:00:00 PM,10,3,7
04/18/2015 07:00:00 PM,18,12,6
04/18/2015 06:00:00 PM,35,17,18
04/18/2015 05:00:00 PM,36,17,19
04/18/2015 04:00:00 PM,22,13,9
04/18/2015 03:00:00 PM,37,27,10
04/18/2015 02:00:00 PM,24,18,6
04/18/2015 01:00:00 PM,38,15,23
04/18/2015 12:00:00 PM,23,9,14
04/18/2015 11:00:00 AM,28,17,11
04/18/2015 10:00:00 AM,18,9,9
04/18/2015 09:00:00 AM,14,9,5
04/18/2015 08:00:00 AM,26,20,6
04/18/2015 07:00:00 AM,12,9,3
04/18/2015 06:00:00 AM,5,4,1
04/18/2015 05:00:00 AM,3,2,1
04/18/2015 04:00:00 AM,0,0,0
04/18/2015 03:00:00 AM,1,1,0
04/18/2015 02:00:00 AM,0,0,0
04/18/2015 01:00:00 AM,3,2,1
04/18/2015 12:00:00 AM,2,1,1
04/17/2015 11:00:00 PM,5,3,2
04/17/2015 10:00:00 PM,11,5,6
04/17/2015 09:00:00 PM,7,3,4
04/17/2015 08:00:00 PM,13,7,6
04/17/2015 07:00:00 PM,30,16,14
04/17/2015 06:00:00 PM,84,56,28
04/17/2015 05:00:00 PM,143,108,35
04/17/2015 04:00:00 PM,111,73,38
04/17/2015 03:00:00 PM,66,56,10
04/17/2015 02:00:00 PM,48,32,16
04/17/2015 01:00:00 PM,53,29,24
04/17/2015 12:00:00 PM,25,15,10
04/17/2015 11:00:00 AM,40,23,17
04/17/2015 10:00:00 AM,44,32,12
04/17/2015 09:00:00 AM,57,38,19
04/17/2015 08:00:00 AM,121,80,41
04/17/2015 07:00:00 AM,53,37,16
04/17/2015 06:00:00 AM,33,17,16
04/17/2015 05:00:00 AM,11,5,6
04/17/2015 04:00:00 AM,1,0,1
04/17/2015 03:00:00 AM,1,1,0
04/17/2015 02:00:00 AM,1,1,0
04/17/2015 01:00:00 AM,1,0,1
04/17/2015 12:00:00 AM,4,3,1
04/16/2015 11:00:00 PM,8,6,2
04/16/2015 10:00:00 PM,7,5,2
04/16/2015 09:00:00 PM,15,11,4
04/16/2015 08:00:00 PM,23,11,12
04/16/2015 07:00:00 PM,37,20,17
04/16/2015 06:00:00 PM,100,71,29
04/16/2015 05:00:00 PM,167,112,55
04/16/2015 04:00:00 PM,99,75,24
04/16/2015 03:00:00 PM,62,45,17
04/16/2015 02:00:00 PM,29,18,11
04/16/2015 01:00:00 PM,41,19,22
04/16/2015 12:00:00 PM,38,22,16
04/16/2015 11:00:00 AM,46,28,18
04/16/2015 10:00:00 AM,27,18,9
04/16/2015 09:00:00 AM,88,66,22
04/16/2015 08:00:00 AM,122,94,28
04/16/2015 07:00:00 AM,69,46,23
04/16/2015 06:00:00 AM,35,22,13
04/16/2015 05:00:00 AM,9,5,4
04/16/2015 04:00:00 AM,0,0,0
04/16/2015 03:00:00 AM,1,0,1
04/16/2015 02:00:00 AM,1,1,0
04/16/2015 01:00:00 AM,0,0,0
04/16/2015 12:00:00 AM,2,1,1
04/15/2015 11:00:00 PM,3,2,1
04/15/2015 10:00:00 PM,12,6,6
04/15/2015 09:00:00 PM,6,3,3
04/15/2015 08:00:00 PM,16,12,4
04/15/2015 07:00:00 PM,27,13,14
04/15/2015 06:00:00 PM,73,48,25
04/15/2015 05:00:00 PM,157,108,49
04/15/2015 04:00:00 PM,100,77,23
04/15/2015 03:00:00 PM,59,41,18
04/15/2015 02:00:00 PM,37,21,16
04/15/2015 01:00:00 PM,53,33,20
04/15/2015 12:00:00 PM,37,17,20
04/15/2015 11:00:00 AM,40,25,15
04/15/2015 10:00:00 AM,32,24,8
04/15/2015 09:00:00 AM,66,49,17
04/15/2015 08:00:00 AM,101,74,27
04/15/2015 07:00:00 AM,60,42,18
04/15/2015 06:00:00 AM,38,25,13
04/15/2015 05:00:00 AM,9,5,4
04/15/2015 04:00:00 AM,0,0,0
04/15/2015 03:00:00 AM,1,1,0
04/15/2015 02:00:00 AM,1,1,0
04/15/2015 01:00:00 AM,0,0,0
04/15/2015 12:00:00 AM,2,2,0
04/14/2015 11:00:00 PM,3,3,0
04/14/2015 10:00:00 PM,7,4,3
04/14/2015 09:00:00 PM,12,7,5
04/14/2015 08:00:00 PM,15,7,8
04/14/2015 07:00:00 PM,19,15,4
04/14/2015 06:00:00 PM,54,35,19
04/14/2015 05:00:00 PM,93,74,19
04/14/2015 04:00:00 PM,60,37,23
04/14/2015 03:00:00 PM,45,32,13
04/14/2015 02:00:00 PM,29,19,10
04/14/2015 01:00:00 PM,36,22,14
04/14/2015 12:00:00 PM,26,17,9
04/14/2015 11:00:00 AM,27,18,9
04/14/2015 10:00:00 AM,26,22,4
04/14/2015 09:00:00 AM,41,31,10
04/14/2015 08:00:00 AM,85,66,19
04/14/2015 07:00:00 AM,49,32,17
04/14/2015 06:00:00 AM,26,17,9
04/14/2015 05:00:00 AM,3,1,2
04/14/2015 04:00:00 AM,0,0,0
04/14/2015 03:00:00 AM,1,1,0
04/14/2015 02:00:00 AM,0,0,0
04/14/2015 01:00:00 AM,0,0,0
04/14/2015 12:00:00 AM,2,1,1
04/13/2015 11:00:00 PM,0,0,0
04/13/2015 10:00:00 PM,4,2,2
04/13/2015 09:00:00 PM,5,3,2
04/13/2015 08:00:00 PM,3,1,2
04/13/2015 07:00:00 PM,17,9,8
04/13/2015 06:00:00 PM,53,37,16
04/13/2015 05:00:00 PM,96,73,23
04/13/2015 04:00:00 PM,70,56,14
04/13/2015 03:00:00 PM,40,27,13
04/13/2015 02:00:00 PM,19,13,6
04/13/2015 01:00:00 PM,27,19,8
04/13/2015 12:00:00 PM,29,13,16
04/13/2015 11:00:00 AM,27,17,10
04/13/2015 10:00:00 AM,27,16,11
04/13/2015 09:00:00 AM,52,33,19
04/13/2015 08:00:00 AM,90,68,22
04/13/2015 07:00:00 AM,55,33,22
04/13/2015 06:00:00 AM,29,17,12
04/13/2015 05:00:00 AM,7,3,4
04/13/2015 04:00:00 AM,1,0,1
04/13/2015 03:00:00 AM,0,0,0
04/13/2015 02:00:00 AM,1,1,0
04/13/2015 01:00:00 AM,0,0,0
04/13/2015 12:00:00 AM,0,0,0
04/12/2015 11:00:00 PM,2,2,0
04/12/2015 10:00:00 PM,4,3,1
04/12/2015 09:00:00 PM,5,4,1
04/12/2015 08:00:00 PM,6,5,1
04/12/2015 07:00:00 PM,11,7,4
04/12/2015 06:00:00 PM,14,10,4
04/12/2015 05:00:00 PM,21,16,5
04/12/2015 04:00:00 PM,27,18,9
04/12/2015 03:00:00 PM,21,13,8
04/12/2015 02:00:00 PM,14,7,7
04/12/2015 01:00:00 PM,21,11,10
04/12/2015 12:00:00 PM,23,12,11
04/12/2015 11:00:00 AM,15,10,5
04/12/2015 10:00:00 AM,32,26,6
04/12/2015 09:00:00 AM,10,5,5
04/12/2015 08:00:00 AM,6,5,1
04/12/2015 07:00:00 AM,2,1,1
04/12/2015 06:00:00 AM,3,1,2
04/12/2015 05:00:00 AM,4,2,2
04/12/2015 04:00:00 AM,1,1,0
04/12/2015 03:00:00 AM,3,3,0
04/12/2015 02:00:00 AM,0,0,0
04/12/2015 01:00:00 AM,2,1,1
04/12/2015 12:00:00 AM,4,3,1
04/11/2015 11:00:00 PM,3,3,0
04/11/2015 10:00:00 PM,5,4,1
04/11/2015 09:00:00 PM,4,1,3
04/11/2015 08:00:00 PM,2,2,0
04/11/2015 07:00:00 PM,10,8,2
04/11/2015 06:00:00 PM,14,9,5
04/11/2015 05:00:00 PM,17,10,7
04/11/2015 04:00:00 PM,19,11,8
04/11/2015 03:00:00 PM,20,11,9
04/11/2015 02:00:00 PM,18,11,7
04/11/2015 01:00:00 PM,18,5,13
04/11/2015 12:00:00 PM,26,19,7
04/11/2015 11:00:00 AM,9,8,1
04/11/2015 10:00:00 AM,12,7,5
04/11/2015 09:00:00 AM,11,9,2
04/11/2015 08:00:00 AM,11,9,2
04/11/2015 07:00:00 AM,8,7,1
04/11/2015 06:00:00 AM,2,0,2
04/11/2015 05:00:00 AM,3,1,2
04/11/2015 04:00:00 AM,1,0,1
04/11/2015 03:00:00 AM,1,1,0
04/11/2015 02:00:00 AM,2,2,0
04/11/2015 01:00:00 AM,0,0,0
04/11/2015 12:00:00 AM,0,0,0
04/10/2015 11:00:00 PM,1,1,0
04/10/2015 10:00:00 PM,6,6,0
04/10/2015 09:00:00 PM,3,2,1
04/10/2015 08:00:00 PM,9,4,5
04/10/2015 07:00:00 PM,17,10,7
04/10/2015 06:00:00 PM,35,27,8
04/10/2015 05:00:00 PM,92,65,27
04/10/2015 04:00:00 PM,76,55,21
04/10/2015 03:00:00 PM,57,35,22
04/10/2015 02:00:00 PM,37,30,7
04/10/2015 01:00:00 PM,38,20,18
04/10/2015 12:00:00 PM,36,23,13
04/10/2015 11:00:00 AM,17,12,5
04/10/2015 10:00:00 AM,42,26,16
04/10/2015 09:00:00 AM,48,35,13
04/10/2015 08:00:00 AM,103,79,24
04/10/2015 07:00:00 AM,49,31,18
04/10/2015 06:00:00 AM,30,16,14
04/10/2015 05:00:00 AM,9,5,4
04/10/2015 04:00:00 AM,0,0,0
04/10/2015 03:00:00 AM,2,2,0
04/10/2015 02:00:00 AM,1,1,0
04/10/2015 01:00:00 AM,0,0,0
04/10/2015 12:00:00 AM,1,1,0
04/09/2015 11:00:00 PM,4,3,1
04/09/2015 10:00:00 PM,14,8,6
04/09/2015 09:00:00 PM,13,8,5
04/09/2015 08:00:00 PM,18,10,8
04/09/2015 07:00:00 PM,51,31,20
04/09/2015 06:00:00 PM,82,54,28
04/09/2015 05:00:00 PM,147,103,44
04/09/2015 04:00:00 PM,104,83,21
04/09/2015 03:00:00 PM,47,31,16
04/09/2015 02:00:00 PM,27,17,10
04/09/2015 01:00:00 PM,32,19,13
04/09/2015 12:00:00 PM,35,25,10
04/09/2015 11:00:00 AM,32,23,9
04/09/2015 10:00:00 AM,41,26,15
04/09/2015 09:00:00 AM,79,58,21
04/09/2015 08:00:00 AM,124,90,34
04/09/2015 07:00:00 AM,70,47,23
04/09/2015 06:00:00 AM,28,17,11
04/09/2015 05:00:00 AM,9,5,4
04/09/2015 04:00:00 AM,1,1,0
04/09/2015 03:00:00 AM,5,5,0
04/09/2015 02:00:00 AM,0,0,0
04/09/2015 01:00:00 AM,3,3,0
04/09/2015 12:00:00 AM,3,2,1
04/08/2015 11:00:00 PM,4,1,3
04/08/2015 10:00:00 PM,25,5,20
04/08/2015 09:00:00 PM,20,17,3
04/08/2015 08:00:00 PM,17,12,5
04/08/2015 07:00:00 PM,25,14,11
04/08/2015 06:00:00 PM,84,61,23
04/08/2015 05:00:00 PM,165,125,40
04/08/2015 04:00:00 PM,105,86,19
04/08/2015 03:00:00 PM,49,39,10
04/08/2015 02:00:00 PM,37,22,15
04/08/2015 01:00:00 PM,32,19,13
04/08/2015 12:00:00 PM,24,11,13
04/08/2015 11:00:00 AM,29,21,8
04/08/2015 10:00:00 AM,37,25,12
04/08/2015 09:00:00 AM,75,52,23
04/08/2015 08:00:00 AM,112,83,29
04/08/2015 07:00:00 AM,58,39,19
04/08/2015 06:00:00 AM,40,24,16
04/08/2015 05:00:00 AM,8,5,3
04/08/2015 04:00:00 AM,0,0,0
04/08/2015 03:00:00 AM,0,0,0
04/08/2015 02:00:00 AM,1,1,0
04/08/2015 01:00:00 AM,1,1,0
04/08/2015 12:00:00 AM,2,2,0
04/07/2015 11:00:00 PM,6,6,0
04/07/2015 10:00:00 PM,12,5,7
04/07/2015 09:00:00 PM,14,6,8
04/07/2015 08:00:00 PM,16,14,2
04/07/2015 07:00:00 PM,34,19,15
04/07/2015 06:00:00 PM,77,50,27
04/07/2015 05:00:00 PM,161,102,59
04/07/2015 04:00:00 PM,102,73,29
04/07/2015 03:00:00 PM,63,43,20
04/07/2015 02:00:00 PM,26,15,11
04/07/2015 01:00:00 PM,29,18,11
04/07/2015 12:00:00 PM,20,8,12
04/07/2015 11:00:00 AM,29,21,8
04/07/2015 10:00:00 AM,36,22,14
04/07/2015 09:00:00 AM,65,47,18
04/07/2015 08:00:00 AM,157,113,44
04/07/2015 07:00:00 AM,80,52,28
04/07/2015 06:00:00 AM,39,24,15
04/07/2015 05:00:00 AM,11,6,5
04/07/2015 04:00:00 AM,1,1,0
04/07/2015 03:00:00 AM,0,0,0
04/07/2015 02:00:00 AM,1,1,0
04/07/2015 01:00:00 AM,0,0,0
04/07/2015 12:00:00 AM,2,2,0
04/06/2015 11:00:00 PM,8,5,3
04/06/2015 10:00:00 PM,5,4,1
04/06/2015 09:00:00 PM,7,7,0
04/06/2015 08:00:00 PM,18,12,6
04/06/2015 07:00:00 PM,27,18,9
04/06/2015 06:00:00 PM,73,46,27
04/06/2015 05:00:00 PM,139,93,46
04/06/2015 04:00:00 PM,94,65,29
04/06/2015 03:00:00 PM,46,33,13
04/06/2015 02:00:00 PM,19,11,8
04/06/2015 01:00:00 PM,33,24,9
04/06/2015 12:00:00 PM,50,37,13
04/06/2015 11:00:00 AM,36,25,11
04/06/2015 10:00:00 AM,37,22,15
04/06/2015 09:00:00 AM,62,44,18
04/06/2015 08:00:00 AM,117,89,28
04/06/2015 07:00:00 AM,64,41,23
04/06/2015 06:00:00 AM,40,25,15
04/06/2015 05:00:00 AM,10,5,5
04/06/2015 04:00:00 AM,1,1,0
04/06/2015 03:00:00 AM,1,1,0
04/06/2015 02:00:00 AM,2,2,0
04/06/2015 01:00:00 AM,0,0,0
04/06/2015 12:00:00 AM,0,0,0
04/05/2015 11:00:00 PM,2,2,0
04/05/2015 10:00:00 PM,4,3,1
04/05/2015 09:00:00 PM,7,4,3
04/05/2015 08:00:00 PM,6,5,1
04/05/2015 07:00:00 PM,9,8,1
04/05/2015 06:00:00 PM,16,12,4
04/05/2015 05:00:00 PM,12,11,1
04/05/2015 04:00:00 PM,13,11,2
04/05/2015 03:00:00 PM,26,17,9
04/05/2015 02:00:00 PM,22,15,7
04/05/2015 01:00:00 PM,14,10,4
04/05/2015 12:00:00 PM,20,11,9
04/05/2015 11:00:00 AM,13,10,3
04/05/2015 10:00:00 AM,14,9,5
04/05/2015 09:00:00 AM,13,9,4
04/05/2015 08:00:00 AM,6,6,0
04/05/2015 07:00:00 AM,6,5,1
04/05/2015 06:00:00 AM,0,0,0
04/05/2015 05:00:00 AM,4,1,3
04/05/2015 04:00:00 AM,0,0,0
04/05/2015 03:00:00 AM,1,1,0
04/05/2015 02:00:00 AM,1,0,1
04/05/2015 01:00:00 AM,4,4,0
04/05/2015 12:00:00 AM,3,1,2
04/04/2015 11:00:00 PM,8,7,1
04/04/2015 10:00:00 PM,8,5,3
04/04/2015 09:00:00 PM,30,6,24
04/04/2015 08:00:00 PM,5,2,3
04/04/2015 07:00:00 PM,9,3,6
04/04/2015 06:00:00 PM,48,41,7
04/04/2015 05:00:00 PM,27,22,5
04/04/2015 04:00:00 PM,32,21,11
04/04/2015 03:00:00 PM,23,11,12
04/04/2015 02:00:00 PM,23,14,9
04/04/2015 01:00:00 PM,28,17,11
04/04/2015 12:00:00 PM,21,11,10
04/04/2015 11:00:00 AM,21,18,3
04/04/2015 10:00:00 AM,16,14,2
04/04/2015 09:00:00 AM,9,3,6
04/04/2015 08:00:00 AM,12,9,3
04/04/2015 07:00:00 AM,14,12,2
04/04/2015 06:00:00 AM,5,3,2
04/04/2015 05:00:00 AM,4,2,2
04/04/2015 04:00:00 AM,0,0,0
04/04/2015 03:00:00 AM,1,1,0
04/04/2015 02:00:00 AM,1,0,1
04/04/2015 01:00:00 AM,4,4,0
04/04/2015 12:00:00 AM,1,0,1
04/03/2015 11:00:00 PM,7,6,1
04/03/2015 10:00:00 PM,5,4,1
04/03/2015 09:00:00 PM,8,6,2
04/03/2015 08:00:00 PM,9,6,3
04/03/2015 07:00:00 PM,21,16,5
04/03/2015 06:00:00 PM,55,42,13
04/03/2015 05:00:00 PM,92,61,31
04/03/2015 04:00:00 PM,87,64,23
04/03/2015 03:00:00 PM,48,33,15
04/03/2015 02:00:00 PM,27,17,10
04/03/2015 01:00:00 PM,19,12,7
04/03/2015 12:00:00 PM,18,7,11
04/03/2015 11:00:00 AM,38,29,9
04/03/2015 10:00:00 AM,37,27,10
04/03/2015 09:00:00 AM,64,38,26
04/03/2015 08:00:00 AM,95,67,28
04/03/2015 07:00:00 AM,52,33,19
04/03/2015 06:00:00 AM,26,14,12
04/03/2015 05:00:00 AM,9,7,2
04/03/2015 04:00:00 AM,1,1,0
04/03/2015 03:00:00 AM,0,0,0
04/03/2015 02:00:00 AM,1,1,0
04/03/2015 01:00:00 AM,2,2,0
04/03/2015 12:00:00 AM,2,2,0
04/02/2015 11:00:00 PM,6,5,1
04/02/2015 10:00:00 PM,9,7,2
04/02/2015 09:00:00 PM,18,9,9
04/02/2015 08:00:00 PM,29,12,17
04/02/2015 07:00:00 PM,37,15,22
04/02/2015 06:00:00 PM,148,112,36
04/02/2015 05:00:00 PM,157,116,41
04/02/2015 04:00:00 PM,82,64,18
04/02/2015 03:00:00 PM,51,37,14
04/02/2015 02:00:00 PM,30,19,11
04/02/2015 01:00:00 PM,33,21,12
04/02/2015 12:00:00 PM,31,16,15
04/02/2015 11:00:00 AM,33,21,12
04/02/2015 10:00:00 AM,24,15,9
04/02/2015 09:00:00 AM,53,40,13
04/02/2015 08:00:00 AM,81,59,22
04/02/2015 07:00:00 AM,54,37,17
04/02/2015 06:00:00 AM,32,16,16
04/02/2015 05:00:00 AM,10,8,2
04/02/2015 04:00:00 AM,0,0,0
04/02/2015 03:00:00 AM,0,0,0
04/02/2015 02:00:00 AM,0,0,0
04/02/2015 01:00:00 AM,4,4,0
04/02/2015 12:00:00 AM,1,1,0
04/01/2015 11:00:00 PM,2,2,0
04/01/2015 10:00:00 PM,8,5,3
04/01/2015 09:00:00 PM,8,4,4
04/01/2015 08:00:00 PM,3,2,1
04/01/2015 07:00:00 PM,28,24,4
04/01/2015 06:00:00 PM,62,46,16
04/01/2015 05:00:00 PM,110,75,35
04/01/2015 04:00:00 PM,90,61,29
04/01/2015 03:00:00 PM,55,43,12
04/01/2015 02:00:00 PM,24,15,9
04/01/2015 01:00:00 PM,28,17,11
04/01/2015 12:00:00 PM,45,26,19
04/01/2015 11:00:00 AM,31,19,12
04/01/2015 10:00:00 AM,28,18,10
04/01/2015 09:00:00 AM,63,42,21
04/01/2015 08:00:00 AM,94,69,25
04/01/2015 07:00:00 AM,46,34,12
04/01/2015 06:00:00 AM,26,13,13
04/01/2015 05:00:00 AM,6,4,2
04/01/2015 04:00:00 AM,0,0,0
04/01/2015 03:00:00 AM,0,0,0
04/01/2015 02:00:00 AM,1,1,0
04/01/2015 01:00:00 AM,0,0,0
04/01/2015 12:00:00 AM,0,0,0
03/31/2015 11:00:00 PM,1,1,0
03/31/2015 10:00:00 PM,6,2,4
03/31/2015 09:00:00 PM,8,6,2
03/31/2015 08:00:00 PM,9,5,4
03/31/2015 07:00:00 PM,12,7,5
03/31/2015 06:00:00 PM,69,40,29
03/31/2015 05:00:00 PM,86,58,28
03/31/2015 04:00:00 PM,69,55,14
03/31/2015 03:00:00 PM,38,28,10
03/31/2015 02:00:00 PM,26,22,4
03/31/2015 01:00:00 PM,20,14,6
03/31/2015 12:00:00 PM,19,10,9
03/31/2015 11:00:00 AM,15,7,8
03/31/2015 10:00:00 AM,20,16,4
03/31/2015 09:00:00 AM,42,26,16
03/31/2015 08:00:00 AM,99,76,23
03/31/2015 07:00:00 AM,45,26,19
03/31/2015 06:00:00 AM,37,20,17
03/31/2015 05:00:00 AM,8,3,5
03/31/2015 04:00:00 AM,0,0,0
03/31/2015 03:00:00 AM,2,2,0
03/31/2015 02:00:00 AM,0,0,0
03/31/2015 01:00:00 AM,0,0,0
03/31/2015 12:00:00 AM,0,0,0
03/30/2015 11:00:00 PM,0,0,0
03/30/2015 10:00:00 PM,5,4,1
03/30/2015 09:00:00 PM,11,8,3
03/30/2015 08:00:00 PM,13,5,8
03/30/2015 07:00:00 PM,26,14,12
03/30/2015 06:00:00 PM,83,53,30
03/30/2015 05:00:00 PM,157,108,49
03/30/2015 04:00:00 PM,104,82,22
03/30/2015 03:00:00 PM,50,36,14
03/30/2015 02:00:00 PM,30,26,4
03/30/2015 01:00:00 PM,31,21,10
03/30/2015 12:00:00 PM,34,24,10
03/30/2015 11:00:00 AM,18,11,7
03/30/2015 10:00:00 AM,34,25,9
03/30/2015 09:00:00 AM,76,54,22
03/30/2015 08:00:00 AM,117,79,38
03/30/2015 07:00:00 AM,79,51,28
03/30/2015 06:00:00 AM,27,13,14
03/30/2015 05:00:00 AM,11,6,5
03/30/2015 04:00:00 AM,0,0,0
03/30/2015 03:00:00 AM,1,1,0
03/30/2015 02:00:00 AM,0,0,0
03/30/2015 01:00:00 AM,1,1,0
03/30/2015 12:00:00 AM,3,3,0
03/29/2015 11:00:00 PM,3,3,0
03/29/2015 10:00:00 PM,3,1,2
03/29/2015 09:00:00 PM,5,4,1
03/29/2015 08:00:00 PM,1,0,1
03/29/2015 07:00:00 PM,8,4,4
03/29/2015 06:00:00 PM,12,5,7
03/29/2015 05:00:00 PM,15,11,4
03/29/2015 04:00:00 PM,11,7,4
03/29/2015 03:00:00 PM,16,9,7
03/29/2015 02:00:00 PM,18,15,3
03/29/2015 01:00:00 PM,10,7,3
03/29/2015 12:00:00 PM,16,8,8
03/29/2015 11:00:00 AM,11,9,2
03/29/2015 10:00:00 AM,9,4,5
03/29/2015 09:00:00 AM,9,8,1
03/29/2015 08:00:00 AM,8,7,1
03/29/2015 07:00:00 AM,2,1,1
03/29/2015 06:00:00 AM,3,2,1
03/29/2015 05:00:00 AM,2,0,2
03/29/2015 04:00:00 AM,0,0,0
03/29/2015 03:00:00 AM,2,1,1
03/29/2015 02:00:00 AM,0,0,0
03/29/2015 01:00:00 AM,7,6,1
03/29/2015 12:00:00 AM,3,3,0
03/28/2015 11:00:00 PM,7,5,2
03/28/2015 10:00:00 PM,5,2,3
03/28/2015 09:00:00 PM,8,4,4
03/28/2015 08:00:00 PM,3,1,2
03/28/2015 07:00:00 PM,9,6,3
03/28/2015 06:00:00 PM,23,17,6
03/28/2015 05:00:00 PM,35,31,4
03/28/2015 04:00:00 PM,18,12,6
03/28/2015 03:00:00 PM,27,15,12
03/28/2015 02:00:00 PM,29,8,21
03/28/2015 01:00:00 PM,34,17,17
03/28/2015 12:00:00 PM,20,11,9
03/28/2015 11:00:00 AM,24,18,6
03/28/2015 10:00:00 AM,16,13,3
03/28/2015 09:00:00 AM,13,8,5
03/28/2015 08:00:00 AM,13,8,5
03/28/2015 07:00:00 AM,7,5,2
03/28/2015 06:00:00 AM,1,0,1
03/28/2015 05:00:00 AM,3,2,1
03/28/2015 04:00:00 AM,0,0,0
03/28/2015 03:00:00 AM,0,0,0
03/28/2015 02:00:00 AM,0,0,0
03/28/2015 01:00:00 AM,2,2,0
03/28/2015 12:00:00 AM,3,2,1
03/27/2015 11:00:00 PM,4,3,1
03/27/2015 10:00:00 PM,11,7,4
03/27/2015 09:00:00 PM,8,6,2
03/27/2015 08:00:00 PM,19,12,7
03/27/2015 07:00:00 PM,24,16,8
03/27/2015 06:00:00 PM,71,49,22
03/27/2015 05:00:00 PM,112,74,38
03/27/2015 04:00:00 PM,119,82,37
03/27/2015 03:00:00 PM,66,53,13
03/27/2015 02:00:00 PM,46,33,13
03/27/2015 01:00:00 PM,38,25,13
03/27/2015 12:00:00 PM,45,29,16
03/27/2015 11:00:00 AM,33,23,10
03/27/2015 10:00:00 AM,40,30,10
03/27/2015 09:00:00 AM,71,45,26
03/27/2015 08:00:00 AM,107,73,34
03/27/2015 07:00:00 AM,57,41,16
03/27/2015 06:00:00 AM,34,16,18
03/27/2015 05:00:00 AM,5,3,2
03/27/2015 04:00:00 AM,0,0,0
03/27/2015 03:00:00 AM,1,1,0
03/27/2015 02:00:00 AM,0,0,0
03/27/2015 01:00:00 AM,4,2,2
03/27/2015 12:00:00 AM,8,6,2
03/26/2015 11:00:00 PM,5,0,5
03/26/2015 10:00:00 PM,9,6,3
03/26/2015 09:00:00 PM,16,12,4
03/26/2015 08:00:00 PM,30,24,6
03/26/2015 07:00:00 PM,43,33,10
03/26/2015 06:00:00 PM,73,43,30
03/26/2015 05:00:00 PM,150,103,47
03/26/2015 04:00:00 PM,97,76,21
03/26/2015 03:00:00 PM,61,45,16
03/26/2015 02:00:00 PM,40,21,19
03/26/2015 01:00:00 PM,48,28,20
03/26/2015 12:00:00 PM,45,26,19
03/26/2015 11:00:00 AM,38,26,12
03/26/2015 10:00:00 AM,27,18,9
03/26/2015 09:00:00 AM,64,46,18
03/26/2015 08:00:00 AM,134,93,41
03/26/2015 07:00:00 AM,67,42,25
03/26/2015 06:00:00 AM,32,18,14
03/26/2015 05:00:00 AM,8,3,5
03/26/2015 04:00:00 AM,0,0,0
03/26/2015 03:00:00 AM,0,0,0
03/26/2015 02:00:00 AM,0,0,0
03/26/2015 01:00:00 AM,1,1,0
03/26/2015 12:00:00 AM,2,2,0
03/25/2015 11:00:00 PM,1,1,0
03/25/2015 10:00:00 PM,12,10,2
03/25/2015 09:00:00 PM,11,10,1
03/25/2015 08:00:00 PM,11,8,3
03/25/2015 07:00:00 PM,18,13,5
03/25/2015 06:00:00 PM,56,37,19
03/25/2015 05:00:00 PM,94,65,29
03/25/2015 04:00:00 PM,64,50,14
03/25/2015 03:00:00 PM,25,20,5
03/25/2015 02:00:00 PM,25,16,9
03/25/2015 01:00:00 PM,21,12,9
03/25/2015 12:00:00 PM,15,9,6
03/25/2015 11:00:00 AM,28,13,15
03/25/2015 10:00:00 AM,34,21,13
03/25/2015 09:00:00 AM,45,30,15
03/25/2015 08:00:00 AM,88,60,28
03/25/2015 07:00:00 AM,36,24,12
03/25/2015 06:00:00 AM,25,14,11
03/25/2015 05:00:00 AM,5,2,3
03/25/2015 04:00:00 AM,0,0,0
03/25/2015 03:00:00 AM,0,0,0
03/25/2015 02:00:00 AM,0,0,0
03/25/2015 01:00:00 AM,0,0,0
03/25/2015 12:00:00 AM,2,1,1
03/24/2015 11:00:00 PM,6,3,3
03/24/2015 10:00:00 PM,10,6,4
03/24/2015 09:00:00 PM,23,13,10
03/24/2015 08:00:00 PM,15,12,3
03/24/2015 07:00:00 PM,39,32,7
03/24/2015 06:00:00 PM,91,70,21
03/24/2015 05:00:00 PM,117,83,34
03/24/2015 04:00:00 PM,73,64,9
03/24/2015 03:00:00 PM,37,24,13
03/24/2015 02:00:00 PM,32,23,9
03/24/2015 01:00:00 PM,27,15,12
03/24/2015 12:00:00 PM,20,8,12
03/24/2015 11:00:00 AM,20,10,10
03/24/2015 10:00:00 AM,30,21,9
03/24/2015 09:00:00 AM,62,40,22
03/24/2015 08:00:00 AM,70,53,17
03/24/2015 07:00:00 AM,45,29,16
03/24/2015 06:00:00 AM,25,14,11
03/24/2015 05:00:00 AM,4,2,2
03/24/2015 04:00:00 AM,1,0,1
03/24/2015 03:00:00 AM,1,1,0
03/24/2015 02:00:00 AM,0,0,0
03/24/2015 01:00:00 AM,0,0,0
03/24/2015 12:00:00 AM,1,1,0
03/23/2015 11:00:00 PM,1,1,0
03/23/2015 10:00:00 PM,5,3,2
03/23/2015 09:00:00 PM,6,6,0
03/23/2015 08:00:00 PM,10,5,5
03/23/2015 07:00:00 PM,23,14,9
03/23/2015 06:00:00 PM,67,40,27
03/23/2015 05:00:00 PM,102,76,26
03/23/2015 04:00:00 PM,70,51,19
03/23/2015 03:00:00 PM,19,14,5
03/23/2015 02:00:00 PM,20,15,5
03/23/2015 01:00:00 PM,10,5,5
03/23/2015 12:00:00 PM,15,8,7
03/23/2015 11:00:00 AM,27,17,10
03/23/2015 10:00:00 AM,31,22,9
03/23/2015 09:00:00 AM,66,44,22
03/23/2015 08:00:00 AM,90,68,22
03/23/2015 07:00:00 AM,39,23,16
03/23/2015 06:00:00 AM,29,14,15
03/23/2015 05:00:00 AM,8,3,5
03/23/2015 04:00:00 AM,0,0,0
03/23/2015 03:00:00 AM,0,0,0
03/23/2015 02:00:00 AM,1,1,0
03/23/2015 01:00:00 AM,0,0,0
03/23/2015 12:00:00 AM,0,0,0
03/22/2015 11:00:00 PM,4,3,1
03/22/2015 10:00:00 PM,4,3,1
03/22/2015 09:00:00 PM,7,4,3
03/22/2015 08:00:00 PM,10,3,7
03/22/2015 07:00:00 PM,12,7,5
03/22/2015 06:00:00 PM,13,9,4
03/22/2015 05:00:00 PM,8,5,3
03/22/2015 04:00:00 PM,8,5,3
03/22/2015 03:00:00 PM,9,8,1
03/22/2015 02:00:00 PM,13,8,5
03/22/2015 01:00:00 PM,7,4,3
03/22/2015 12:00:00 PM,22,8,14
03/22/2015 11:00:00 AM,15,8,7
03/22/2015 10:00:00 AM,9,6,3
03/22/2015 09:00:00 AM,6,4,2
03/22/2015 08:00:00 AM,4,2,2
03/22/2015 07:00:00 AM,4,4,0
03/22/2015 06:00:00 AM,2,1,1
03/22/2015 05:00:00 AM,2,0,2
03/22/2015 04:00:00 AM,0,0,0
03/22/2015 03:00:00 AM,1,1,0
03/22/2015 02:00:00 AM,1,1,0
03/22/2015 01:00:00 AM,7,6,1
03/22/2015 12:00:00 AM,8,7,1
03/21/2015 11:00:00 PM,3,2,1
03/21/2015 10:00:00 PM,2,2,0
03/21/2015 09:00:00 PM,6,6,0
03/21/2015 08:00:00 PM,7,4,3
03/21/2015 07:00:00 PM,14,9,5
03/21/2015 06:00:00 PM,18,14,4
03/21/2015 05:00:00 PM,16,8,8
03/21/2015 04:00:00 PM,9,8,1
03/21/2015 03:00:00 PM,20,13,7
03/21/2015 02:00:00 PM,25,15,10
03/21/2015 01:00:00 PM,13,9,4
03/21/2015 12:00:00 PM,5,3,2
03/21/2015 11:00:00 AM,12,8,4
03/21/2015 10:00:00 AM,9,6,3
03/21/2015 09:00:00 AM,8,8,0
03/21/2015 08:00:00 AM,7,3,4
03/21/2015 07:00:00 AM,9,7,2
03/21/2015 06:00:00 AM,4,4,0
03/21/2015 05:00:00 AM,3,2,1
03/21/2015 04:00:00 AM,1,1,0
03/21/2015 03:00:00 AM,3,2,1
03/21/2015 02:00:00 AM,3,3,0
03/21/2015 01:00:00 AM,7,6,1
03/21/2015 12:00:00 AM,4,4,0
03/20/2015 11:00:00 PM,7,2,5
03/20/2015 10:00:00 PM,10,6,4
03/20/2015 09:00:00 PM,10,7,3
03/20/2015 08:00:00 PM,8,3,5
03/20/2015 07:00:00 PM,14,8,6
03/20/2015 06:00:00 PM,50,36,14
03/20/2015 05:00:00 PM,77,50,27
03/20/2015 04:00:00 PM,64,40,24
03/20/2015 03:00:00 PM,39,31,8
03/20/2015 02:00:00 PM,20,12,8
03/20/2015 01:00:00 PM,31,20,11
03/20/2015 12:00:00 PM,36,18,18
03/20/2015 11:00:00 AM,33,18,15
03/20/2015 10:00:00 AM,26,20,6
03/20/2015 09:00:00 AM,48,29,19
03/20/2015 08:00:00 AM,72,57,15
03/20/2015 07:00:00 AM,37,23,14
03/20/2015 06:00:00 AM,32,20,12
03/20/2015 05:00:00 AM,5,2,3
03/20/2015 04:00:00 AM,0,0,0
03/20/2015 03:00:00 AM,0,0,0
03/20/2015 02:00:00 AM,0,0,0
03/20/2015 01:00:00 AM,0,0,0
03/20/2015 12:00:00 AM,4,4,0
03/19/2015 11:00:00 PM,5,4,1
03/19/2015 10:00:00 PM,8,6,2
03/19/2015 09:00:00 PM,13,11,2
03/19/2015 08:00:00 PM,19,14,5
03/19/2015 07:00:00 PM,24,17,7
03/19/2015 06:00:00 PM,96,65,31
03/19/2015 05:00:00 PM,129,86,43
03/19/2015 04:00:00 PM,83,65,18
03/19/2015 03:00:00 PM,36,22,14
03/19/2015 02:00:00 PM,33,17,16
03/19/2015 01:00:00 PM,39,16,23
03/19/2015 12:00:00 PM,33,21,12
03/19/2015 11:00:00 AM,26,16,10
03/19/2015 10:00:00 AM,37,23,14
03/19/2015 09:00:00 AM,76,52,24
03/19/2015 08:00:00 AM,117,77,40
03/19/2015 07:00:00 AM,56,36,20
03/19/2015 06:00:00 AM,26,15,11
03/19/2015 05:00:00 AM,9,7,2
03/19/2015 04:00:00 AM,2,1,1
03/19/2015 03:00:00 AM,0,0,0
03/19/2015 02:00:00 AM,1,1,0
03/19/2015 01:00:00 AM,0,0,0
03/19/2015 12:00:00 AM,0,0,0
03/18/2015 11:00:00 PM,5,4,1
03/18/2015 10:00:00 PM,9,5,4
03/18/2015 09:00:00 PM,11,8,3
03/18/2015 08:00:00 PM,18,12,6
03/18/2015 07:00:00 PM,30,19,11
03/18/2015 06:00:00 PM,76,55,21
03/18/2015 05:00:00 PM,119,83,36
03/18/2015 04:00:00 PM,100,67,33
03/18/2015 03:00:00 PM,33,22,11
03/18/2015 02:00:00 PM,30,18,12
03/18/2015 01:00:00 PM,32,19,13
03/18/2015 12:00:00 PM,26,17,9
03/18/2015 11:00:00 AM,34,23,11
03/18/2015 10:00:00 AM,33,23,10
03/18/2015 09:00:00 AM,57,37,20
03/18/2015 08:00:00 AM,114,78,36
03/18/2015 07:00:00 AM,47,39,8
03/18/2015 06:00:00 AM,34,18,16
03/18/2015 05:00:00 AM,8,6,2
03/18/2015 04:00:00 AM,1,1,0
03/18/2015 03:00:00 AM,0,0,0
03/18/2015 02:00:00 AM,1,1,0
03/18/2015 01:00:00 AM,0,0,0
03/18/2015 12:00:00 AM,1,1,0
03/17/2015 11:00:00 PM,4,3,1
03/17/2015 10:00:00 PM,6,4,2
03/17/2015 09:00:00 PM,13,8,5
03/17/2015 08:00:00 PM,9,6,3
03/17/2015 07:00:00 PM,21,16,5
03/17/2015 06:00:00 PM,66,41,25
03/17/2015 05:00:00 PM,116,75,41
03/17/2015 04:00:00 PM,72,54,18
03/17/2015 03:00:00 PM,37,29,8
03/17/2015 02:00:00 PM,23,16,7
03/17/2015 01:00:00 PM,31,16,15
03/17/2015 12:00:00 PM,25,17,8
03/17/2015 11:00:00 AM,17,8,9
03/17/2015 10:00:00 AM,22,11,11
03/17/2015 09:00:00 AM,64,43,21
03/17/2015 08:00:00 AM,114,78,36
03/17/2015 07:00:00 AM,45,26,19
03/17/2015 06:00:00 AM,32,18,14
03/17/2015 05:00:00 AM,9,6,3
03/17/2015 04:00:00 AM,0,0,0
03/17/2015 03:00:00 AM,0,0,0
03/17/2015 02:00:00 AM,1,1,0
03/17/2015 01:00:00 AM,1,0,1
03/17/2015 12:00:00 AM,2,0,2
03/16/2015 11:00:00 PM,2,1,1
03/16/2015 10:00:00 PM,5,5,0
03/16/2015 09:00:00 PM,7,5,2
03/16/2015 08:00:00 PM,14,9,5
03/16/2015 07:00:00 PM,33,24,9
03/16/2015 06:00:00 PM,64,46,18
03/16/2015 05:00:00 PM,113,72,41
03/16/2015 04:00:00 PM,71,50,21
03/16/2015 03:00:00 PM,38,32,6
03/16/2015 02:00:00 PM,25,16,9
03/16/2015 01:00:00 PM,22,14,8
03/16/2015 12:00:00 PM,25,11,14
03/16/2015 11:00:00 AM,31,17,14
03/16/2015 10:00:00 AM,29,17,12
03/16/2015 09:00:00 AM,69,44,25
03/16/2015 08:00:00 AM,100,70,30
03/16/2015 07:00:00 AM,49,36,13
03/16/2015 06:00:00 AM,22,13,9
03/16/2015 05:00:00 AM,7,3,4
03/16/2015 04:00:00 AM,2,0,2
03/16/2015 03:00:00 AM,0,0,0
03/16/2015 02:00:00 AM,0,0,0
03/16/2015 01:00:00 AM,0,0,0
03/16/2015 12:00:00 AM,0,0,0
03/15/2015 11:00:00 PM,2,1,1
03/15/2015 10:00:00 PM,4,4,0
03/15/2015 09:00:00 PM,1,1,0
03/15/2015 08:00:00 PM,1,0,1
03/15/2015 07:00:00 PM,1,1,0
03/15/2015 06:00:00 PM,5,4,1
03/15/2015 05:00:00 PM,4,3,1
03/15/2015 04:00:00 PM,5,3,2
03/15/2015 03:00:00 PM,3,3,0
03/15/2015 02:00:00 PM,3,3,0
03/15/2015 01:00:00 PM,1,0,1
03/15/2015 12:00:00 PM,5,2,3
03/15/2015 11:00:00 AM,1,1,0
03/15/2015 10:00:00 AM,1,1,0
03/15/2015 09:00:00 AM,4,4,0
03/15/2015 08:00:00 AM,0,0,0
03/15/2015 07:00:00 AM,5,2,3
03/15/2015 06:00:00 AM,1,0,1
03/15/2015 05:00:00 AM,1,0,1
03/15/2015 04:00:00 AM,1,1,0
03/15/2015 03:00:00 AM,0,0,0
03/15/2015 02:00:00 AM,0,0,0
03/15/2015 01:00:00 AM,1,1,0
03/15/2015 12:00:00 AM,5,5,0
03/14/2015 11:00:00 PM,4,4,0
03/14/2015 10:00:00 PM,6,5,1
03/14/2015 09:00:00 PM,23,3,20
03/14/2015 08:00:00 PM,6,2,4
03/14/2015 07:00:00 PM,5,3,2
03/14/2015 06:00:00 PM,24,24,0
03/14/2015 05:00:00 PM,25,22,3
03/14/2015 04:00:00 PM,24,19,5
03/14/2015 03:00:00 PM,23,15,8
03/14/2015 02:00:00 PM,12,10,2
03/14/2015 01:00:00 PM,13,7,6
03/14/2015 12:00:00 PM,10,5,5
03/14/2015 11:00:00 AM,5,2,3
03/14/2015 10:00:00 AM,4,4,0
03/14/2015 09:00:00 AM,4,4,0
03/14/2015 08:00:00 AM,2,2,0
03/14/2015 07:00:00 AM,10,7,3
03/14/2015 06:00:00 AM,2,2,0
03/14/2015 05:00:00 AM,0,0,0
03/14/2015 04:00:00 AM,0,0,0
03/14/2015 03:00:00 AM,3,1,2
03/14/2015 02:00:00 AM,0,0,0
03/14/2015 01:00:00 AM,0,0,0
03/14/2015 12:00:00 AM,6,4,2
03/13/2015 11:00:00 PM,2,1,1
03/13/2015 10:00:00 PM,7,6,1
03/13/2015 09:00:00 PM,10,4,6
03/13/2015 08:00:00 PM,14,10,4
03/13/2015 07:00:00 PM,22,12,10
03/13/2015 06:00:00 PM,66,40,26
03/13/2015 05:00:00 PM,110,84,26
03/13/2015 04:00:00 PM,97,70,27
03/13/2015 03:00:00 PM,54,38,16
03/13/2015 02:00:00 PM,41,27,14
03/13/2015 01:00:00 PM,36,18,18
03/13/2015 12:00:00 PM,32,17,15
03/13/2015 11:00:00 AM,30,19,11
03/13/2015 10:00:00 AM,41,29,12
03/13/2015 09:00:00 AM,61,42,19
03/13/2015 08:00:00 AM,103,73,30
03/13/2015 07:00:00 AM,63,45,18
03/13/2015 06:00:00 AM,31,16,15
03/13/2015 05:00:00 AM,11,5,6
03/13/2015 04:00:00 AM,0,0,0
03/13/2015 03:00:00 AM,1,0,1
03/13/2015 02:00:00 AM,2,2,0
03/13/2015 01:00:00 AM,1,0,1
03/13/2015 12:00:00 AM,2,1,1
03/12/2015 11:00:00 PM,3,3,0
03/12/2015 10:00:00 PM,4,2,2
03/12/2015 09:00:00 PM,20,9,11
03/12/2015 08:00:00 PM,15,13,2
03/12/2015 07:00:00 PM,42,32,10
03/12/2015 06:00:00 PM,92,55,37
03/12/2015 05:00:00 PM,115,63,52
03/12/2015 04:00:00 PM,81,60,21
03/12/2015 03:00:00 PM,58,38,20
03/12/2015 02:00:00 PM,41,24,17
03/12/2015 01:00:00 PM,37,22,15
03/12/2015 12:00:00 PM,42,24,18
03/12/2015 11:00:00 AM,25,16,9
03/12/2015 10:00:00 AM,35,28,7
03/12/2015 09:00:00 AM,66,47,19
03/12/2015 08:00:00 AM,88,67,21
03/12/2015 07:00:00 AM,45,31,14
03/12/2015 06:00:00 AM,32,17,15
03/12/2015 05:00:00 AM,12,7,5
03/12/2015 04:00:00 AM,0,0,0
03/12/2015 03:00:00 AM,1,1,0
03/12/2015 02:00:00 AM,0,0,0
03/12/2015 01:00:00 AM,0,0,0
03/12/2015 12:00:00 AM,0,0,0
03/11/2015 11:00:00 PM,0,0,0
03/11/2015 10:00:00 PM,5,2,3
03/11/2015 09:00:00 PM,8,7,1
03/11/2015 08:00:00 PM,10,8,2
03/11/2015 07:00:00 PM,22,20,2
03/11/2015 06:00:00 PM,53,33,20
03/11/2015 05:00:00 PM,86,54,32
03/11/2015 04:00:00 PM,69,51,18
03/11/2015 03:00:00 PM,40,28,12
03/11/2015 02:00:00 PM,30,20,10
03/11/2015 01:00:00 PM,14,11,3
03/11/2015 12:00:00 PM,19,10,9
03/11/2015 11:00:00 AM,15,11,4
03/11/2015 10:00:00 AM,30,22,8
03/11/2015 09:00:00 AM,42,27,15
03/11/2015 08:00:00 AM,75,56,19
03/11/2015 07:00:00 AM,45,29,16
03/11/2015 06:00:00 AM,21,10,11
03/11/2015 05:00:00 AM,8,5,3
03/11/2015 04:00:00 AM,1,0,1
03/11/2015 03:00:00 AM,0,0,0
03/11/2015 02:00:00 AM,0,0,0
03/11/2015 01:00:00 AM,1,1,0
03/11/2015 12:00:00 AM,1,1,0
03/10/2015 11:00:00 PM,3,2,1
03/10/2015 10:00:00 PM,9,7,2
03/10/2015 09:00:00 PM,6,6,0
03/10/2015 08:00:00 PM,9,7,2
03/10/2015 07:00:00 PM,23,12,11
03/10/2015 06:00:00 PM,88,55,33
03/10/2015 05:00:00 PM,129,80,49
03/10/2015 04:00:00 PM,85,68,17
03/10/2015 03:00:00 PM,46,34,12
03/10/2015 02:00:00 PM,28,21,7
03/10/2015 01:00:00 PM,27,15,12
03/10/2015 12:00:00 PM,33,18,15
03/10/2015 11:00:00 AM,25,18,7
03/10/2015 10:00:00 AM,34,26,8
03/10/2015 09:00:00 AM,73,49,24
03/10/2015 08:00:00 AM,125,96,29
03/10/2015 07:00:00 AM,59,38,21
03/10/2015 06:00:00 AM,30,17,13
03/10/2015 05:00:00 AM,14,7,7
03/10/2015 04:00:00 AM,1,0,1
03/10/2015 03:00:00 AM,2,2,0
03/10/2015 02:00:00 AM,0,0,0
03/10/2015 01:00:00 AM,0,0,0
03/10/2015 12:00:00 AM,3,1,2
03/09/2015 11:00:00 PM,1,0,1
03/09/2015 10:00:00 PM,6,5,1
03/09/2015 09:00:00 PM,9,5,4
03/09/2015 08:00:00 PM,7,6,1
03/09/2015 07:00:00 PM,35,22,13
03/09/2015 06:00:00 PM,62,41,21
03/09/2015 05:00:00 PM,152,101,51
03/09/2015 04:00:00 PM,79,55,24
03/09/2015 03:00:00 PM,45,31,14
03/09/2015 02:00:00 PM,29,18,11
03/09/2015 01:00:00 PM,34,26,8
03/09/2015 12:00:00 PM,29,14,15
03/09/2015 11:00:00 AM,32,21,11
03/09/2015 10:00:00 AM,35,29,6
03/09/2015 09:00:00 AM,86,61,25
03/09/2015 08:00:00 AM,113,76,37
03/09/2015 07:00:00 AM,63,45,18
03/09/2015 06:00:00 AM,33,19,14
03/09/2015 05:00:00 AM,13,4,9
03/09/2015 04:00:00 AM,6,0,6
03/09/2015 03:00:00 AM,1,0,1
03/09/2015 02:00:00 AM,1,1,0
03/09/2015 01:00:00 AM,0,0,0
03/09/2015 12:00:00 AM,3,3,0
03/08/2015 11:00:00 PM,1,0,1
03/08/2015 10:00:00 PM,7,2,5
03/08/2015 09:00:00 PM,11,5,6
03/08/2015 08:00:00 PM,35,5,30
03/08/2015 07:00:00 PM,10,5,5
03/08/2015 06:00:00 PM,38,28,10
03/08/2015 05:00:00 PM,44,42,2
03/08/2015 04:00:00 PM,34,23,11
03/08/2015 03:00:00 PM,23,15,8
03/08/2015 02:00:00 PM,38,18,20
03/08/2015 01:00:00 PM,31,17,14
03/08/2015 12:00:00 PM,23,16,7
03/08/2015 11:00:00 AM,27,17,10
03/08/2015 10:00:00 AM,14,12,2
03/08/2015 09:00:00 AM,11,9,2
03/08/2015 08:00:00 AM,8,7,1
03/08/2015 07:00:00 AM,3,2,1
03/08/2015 06:00:00 AM,1,0,1
03/08/2015 05:00:00 AM,2,0,2
03/08/2015 04:00:00 AM,1,0,1
03/08/2015 03:00:00 AM,3,1,2
03/08/2015 02:00:00 AM,0,0,0
03/08/2015 01:00:00 AM,2,1,1
03/08/2015 12:00:00 AM,2,1,1
03/07/2015 11:00:00 PM,3,1,2
03/07/2015 10:00:00 PM,9,6,3
03/07/2015 09:00:00 PM,8,6,2
03/07/2015 08:00:00 PM,9,9,0
03/07/2015 07:00:00 PM,10,6,4
03/07/2015 06:00:00 PM,17,15,2
03/07/2015 05:00:00 PM,22,14,8
03/07/2015 04:00:00 PM,18,8,10
03/07/2015 03:00:00 PM,24,19,5
03/07/2015 02:00:00 PM,28,15,13
03/07/2015 01:00:00 PM,23,19,4
03/07/2015 12:00:00 PM,42,37,5
03/07/2015 11:00:00 AM,19,13,6
03/07/2015 10:00:00 AM,17,10,7
03/07/2015 09:00:00 AM,14,10,4
03/07/2015 08:00:00 AM,10,6,4
03/07/2015 07:00:00 AM,8,5,3
03/07/2015 06:00:00 AM,4,3,1
03/07/2015 05:00:00 AM,0,0,0
03/07/2015 04:00:00 AM,1,1,0
03/07/2015 03:00:00 AM,1,1,0
03/07/2015 02:00:00 AM,2,2,0
03/07/2015 01:00:00 AM,2,2,0
03/07/2015 12:00:00 AM,4,4,0
03/06/2015 11:00:00 PM,8,5,3
03/06/2015 10:00:00 PM,4,3,1
03/06/2015 09:00:00 PM,3,3,0
03/06/2015 08:00:00 PM,10,6,4
03/06/2015 07:00:00 PM,23,14,9
03/06/2015 06:00:00 PM,61,41,20
03/06/2015 05:00:00 PM,134,89,45
03/06/2015 04:00:00 PM,83,57,26
03/06/2015 03:00:00 PM,45,34,11
03/06/2015 02:00:00 PM,30,23,7
03/06/2015 01:00:00 PM,43,28,15
03/06/2015 12:00:00 PM,31,17,14
03/06/2015 11:00:00 AM,32,22,10
03/06/2015 10:00:00 AM,45,34,11
03/06/2015 09:00:00 AM,69,53,16
03/06/2015 08:00:00 AM,102,67,35
03/06/2015 07:00:00 AM,50,37,13
03/06/2015 06:00:00 AM,43,24,19
03/06/2015 05:00:00 AM,8,3,5
03/06/2015 04:00:00 AM,1,0,1
03/06/2015 03:00:00 AM,1,1,0
03/06/2015 02:00:00 AM,0,0,0
03/06/2015 01:00:00 AM,0,0,0
03/06/2015 12:00:00 AM,2,2,0
03/05/2015 11:00:00 PM,1,0,1
03/05/2015 10:00:00 PM,16,6,10
03/05/2015 09:00:00 PM,8,7,1
03/05/2015 08:00:00 PM,21,14,7
03/05/2015 07:00:00 PM,38,21,17
03/05/2015 06:00:00 PM,95,71,24
03/05/2015 05:00:00 PM,126,87,39
03/05/2015 04:00:00 PM,90,60,30
03/05/2015 03:00:00 PM,53,33,20
03/05/2015 02:00:00 PM,52,34,18
03/05/2015 01:00:00 PM,38,21,17
03/05/2015 12:00:00 PM,38,22,16
03/05/2015 11:00:00 AM,27,17,10
03/05/2015 10:00:00 AM,33,17,16
03/05/2015 09:00:00 AM,64,40,24
03/05/2015 08:00:00 AM,113,83,30
03/05/2015 07:00:00 AM,55,42,13
03/05/2015 06:00:00 AM,29,13,16
03/05/2015 05:00:00 AM,8,6,2
03/05/2015 04:00:00 AM,0,0,0
03/05/2015 03:00:00 AM,0,0,0
03/05/2015 02:00:00 AM,0,0,0
03/05/2015 01:00:00 AM,5,5,0
03/05/2015 12:00:00 AM,2,1,1
03/04/2015 11:00:00 PM,6,6,0
03/04/2015 10:00:00 PM,5,3,2
03/04/2015 09:00:00 PM,15,13,2
03/04/2015 08:00:00 PM,12,7,5
03/04/2015 07:00:00 PM,35,22,13
03/04/2015 06:00:00 PM,51,30,21
03/04/2015 05:00:00 PM,140,92,48
03/04/2015 04:00:00 PM,86,67,19
03/04/2015 03:00:00 PM,42,32,10
03/04/2015 02:00:00 PM,23,20,3
03/04/2015 01:00:00 PM,34,19,15
03/04/2015 12:00:00 PM,51,34,17
03/04/2015 11:00:00 AM,20,15,5
03/04/2015 10:00:00 AM,33,19,14
03/04/2015 09:00:00 AM,76,49,27
03/04/2015 08:00:00 AM,94,69,25
03/04/2015 07:00:00 AM,58,44,14
03/04/2015 06:00:00 AM,36,22,14
03/04/2015 05:00:00 AM,10,8,2
03/04/2015 04:00:00 AM,2,1,1
03/04/2015 03:00:00 AM,0,0,0
03/04/2015 02:00:00 AM,0,0,0
03/04/2015 01:00:00 AM,3,3,0
03/04/2015 12:00:00 AM,2,2,0
03/03/2015 11:00:00 PM,4,3,1
03/03/2015 10:00:00 PM,7,4,3
03/03/2015 09:00:00 PM,8,6,2
03/03/2015 08:00:00 PM,22,16,6
03/03/2015 07:00:00 PM,17,12,5
03/03/2015 06:00:00 PM,63,40,23
03/03/2015 05:00:00 PM,145,88,57
03/03/2015 04:00:00 PM,98,77,21
03/03/2015 03:00:00 PM,56,40,16
03/03/2015 02:00:00 PM,27,18,9
03/03/2015 01:00:00 PM,33,24,9
03/03/2015 12:00:00 PM,39,19,20
03/03/2015 11:00:00 AM,25,12,13
03/03/2015 10:00:00 AM,35,24,11
03/03/2015 09:00:00 AM,76,54,22
03/03/2015 08:00:00 AM,108,79,29
03/03/2015 07:00:00 AM,63,42,21
03/03/2015 06:00:00 AM,37,19,18
03/03/2015 05:00:00 AM,11,7,4
03/03/2015 04:00:00 AM,2,0,2
03/03/2015 03:00:00 AM,0,0,0
03/03/2015 02:00:00 AM,1,1,0
03/03/2015 01:00:00 AM,2,2,0
03/03/2015 12:00:00 AM,2,2,0
03/02/2015 11:00:00 PM,2,2,0
03/02/2015 10:00:00 PM,5,5,0
03/02/2015 09:00:00 PM,8,7,1
03/02/2015 08:00:00 PM,7,7,0
03/02/2015 07:00:00 PM,23,13,10
03/02/2015 06:00:00 PM,68,44,24
03/02/2015 05:00:00 PM,128,87,41
03/02/2015 04:00:00 PM,88,63,25
03/02/2015 03:00:00 PM,43,35,8
03/02/2015 02:00:00 PM,26,18,8
03/02/2015 01:00:00 PM,19,11,8
03/02/2015 12:00:00 PM,28,16,12
03/02/2015 11:00:00 AM,21,4,17
03/02/2015 10:00:00 AM,37,20,17
03/02/2015 09:00:00 AM,70,51,19
03/02/2015 08:00:00 AM,101,68,33
03/02/2015 07:00:00 AM,63,43,20
03/02/2015 06:00:00 AM,31,15,16
03/02/2015 05:00:00 AM,6,4,2
03/02/2015 04:00:00 AM,0,0,0
03/02/2015 03:00:00 AM,0,0,0
03/02/2015 02:00:00 AM,0,0,0
03/02/2015 01:00:00 AM,1,1,0
03/02/2015 12:00:00 AM,1,1,0
03/01/2015 11:00:00 PM,1,1,0
03/01/2015 10:00:00 PM,1,1,0
03/01/2015 09:00:00 PM,5,5,0
03/01/2015 08:00:00 PM,7,4,3
03/01/2015 07:00:00 PM,5,2,3
03/01/2015 06:00:00 PM,14,8,6
03/01/2015 05:00:00 PM,29,18,11
03/01/2015 04:00:00 PM,24,10,14
03/01/2015 03:00:00 PM,22,11,11
03/01/2015 02:00:00 PM,34,21,13
03/01/2015 01:00:00 PM,37,13,24
03/01/2015 12:00:00 PM,24,17,7
03/01/2015 11:00:00 AM,37,25,12
03/01/2015 10:00:00 AM,38,32,6
03/01/2015 09:00:00 AM,17,16,1
03/01/2015 08:00:00 AM,8,7,1
03/01/2015 07:00:00 AM,2,0,2
03/01/2015 06:00:00 AM,3,2,1
03/01/2015 05:00:00 AM,0,0,0
03/01/2015 04:00:00 AM,1,1,0
03/01/2015 03:00:00 AM,3,1,2
03/01/2015 02:00:00 AM,0,0,0
03/01/2015 01:00:00 AM,1,1,0
03/01/2015 12:00:00 AM,6,5,1
02/28/2015 11:00:00 PM,8,8,0
02/28/2015 10:00:00 PM,4,2,2
02/28/2015 09:00:00 PM,9,7,2
02/28/2015 08:00:00 PM,7,3,4
02/28/2015 07:00:00 PM,8,3,5
02/28/2015 06:00:00 PM,21,16,5
02/28/2015 05:00:00 PM,21,8,13
02/28/2015 04:00:00 PM,23,7,16
02/28/2015 03:00:00 PM,33,17,16
02/28/2015 02:00:00 PM,36,12,24
02/28/2015 01:00:00 PM,35,23,12
02/28/2015 12:00:00 PM,35,19,16
02/28/2015 11:00:00 AM,27,21,6
02/28/2015 10:00:00 AM,32,25,7
02/28/2015 09:00:00 AM,15,11,4
02/28/2015 08:00:00 AM,9,6,3
02/28/2015 07:00:00 AM,3,0,3
02/28/2015 06:00:00 AM,7,4,3
02/28/2015 05:00:00 AM,0,0,0
02/28/2015 04:00:00 AM,0,0,0
02/28/2015 03:00:00 AM,1,0,1
02/28/2015 02:00:00 AM,1,1,0
02/28/2015 01:00:00 AM,4,4,0
02/28/2015 12:00:00 AM,3,2,1
02/27/2015 11:00:00 PM,3,2,1
02/27/2015 10:00:00 PM,4,2,2
02/27/2015 09:00:00 PM,8,6,2
02/27/2015 08:00:00 PM,9,5,4
02/27/2015 07:00:00 PM,17,10,7
02/27/2015 06:00:00 PM,47,35,12
02/27/2015 05:00:00 PM,75,58,17
02/27/2015 04:00:00 PM,62,43,19
02/27/2015 03:00:00 PM,29,23,6
02/27/2015 02:00:00 PM,27,18,9
02/27/2015 01:00:00 PM,30,18,12
02/27/2015 12:00:00 PM,14,11,3
02/27/2015 11:00:00 AM,13,8,5
02/27/2015 10:00:00 AM,29,18,11
02/27/2015 09:00:00 AM,33,19,14
02/27/2015 08:00:00 AM,54,37,17
02/27/2015 07:00:00 AM,43,32,11
02/27/2015 06:00:00 AM,25,13,12
02/27/2015 05:00:00 AM,7,5,2
02/27/2015 04:00:00 AM,2,1,1
02/27/2015 03:00:00 AM,0,0,0
02/27/2015 02:00:00 AM,0,0,0
02/27/2015 01:00:00 AM,2,2,0
02/27/2015 12:00:00 AM,2,2,0
02/26/2015 11:00:00 PM,5,3,2
02/26/2015 10:00:00 PM,10,7,3
02/26/2015 09:00:00 PM,10,6,4
02/26/2015 08:00:00 PM,10,7,3
02/26/2015 07:00:00 PM,30,19,11
02/26/2015 06:00:00 PM,44,27,17
02/26/2015 05:00:00 PM,96,59,37
02/26/2015 04:00:00 PM,64,45,19
02/26/2015 03:00:00 PM,42,30,12
02/26/2015 02:00:00 PM,27,16,11
02/26/2015 01:00:00 PM,17,7,10
02/26/2015 12:00:00 PM,25,15,10
02/26/2015 11:00:00 AM,23,14,9
02/26/2015 10:00:00 AM,25,14,11
02/26/2015 09:00:00 AM,50,38,12
02/26/2015 08:00:00 AM,80,63,17
02/26/2015 07:00:00 AM,48,35,13
02/26/2015 06:00:00 AM,32,16,16
02/26/2015 05:00:00 AM,11,7,4
02/26/2015 04:00:00 AM,3,2,1
02/26/2015 03:00:00 AM,1,1,0
02/26/2015 02:00:00 AM,1,1,0
02/26/2015 01:00:00 AM,1,1,0
02/26/2015 12:00:00 AM,0,0,0
02/25/2015 11:00:00 PM,4,3,1
02/25/2015 10:00:00 PM,4,2,2
02/25/2015 09:00:00 PM,9,5,4
02/25/2015 08:00:00 PM,8,5,3
02/25/2015 07:00:00 PM,25,20,5
02/25/2015 06:00:00 PM,55,41,14
02/25/2015 05:00:00 PM,107,74,33
02/25/2015 04:00:00 PM,60,43,17
02/25/2015 03:00:00 PM,32,22,10
02/25/2015 02:00:00 PM,21,14,7
02/25/2015 01:00:00 PM,15,7,8
02/25/2015 12:00:00 PM,32,23,9
02/25/2015 11:00:00 AM,26,16,10
02/25/2015 10:00:00 AM,32,22,10
02/25/2015 09:00:00 AM,53,33,20
02/25/2015 08:00:00 AM,90,69,21
02/25/2015 07:00:00 AM,40,26,14
02/25/2015 06:00:00 AM,26,14,12
02/25/2015 05:00:00 AM,5,4,1
02/25/2015 04:00:00 AM,0,0,0
02/25/2015 03:00:00 AM,0,0,0
02/25/2015 02:00:00 AM,0,0,0
02/25/2015 01:00:00 AM,1,1,0
02/25/2015 12:00:00 AM,2,1,1
02/24/2015 11:00:00 PM,3,2,1
02/24/2015 10:00:00 PM,9,7,2
02/24/2015 09:00:00 PM,9,8,1
02/24/2015 08:00:00 PM,10,6,4
02/24/2015 07:00:00 PM,20,8,12
02/24/2015 06:00:00 PM,62,38,24
02/24/2015 05:00:00 PM,123,86,37
02/24/2015 04:00:00 PM,85,61,24
02/24/2015 03:00:00 PM,44,30,14
02/24/2015 02:00:00 PM,38,25,13
02/24/2015 01:00:00 PM,23,17,6
02/24/2015 12:00:00 PM,33,20,13
02/24/2015 11:00:00 AM,19,16,3
02/24/2015 10:00:00 AM,37,28,9
02/24/2015 09:00:00 AM,55,32,23
02/24/2015 08:00:00 AM,114,87,27
02/24/2015 07:00:00 AM,62,38,24
02/24/2015 06:00:00 AM,36,20,16
02/24/2015 05:00:00 AM,7,3,4
02/24/2015 04:00:00 AM,1,0,1
02/24/2015 03:00:00 AM,1,1,0
02/24/2015 02:00:00 AM,1,0,1
02/24/2015 01:00:00 AM,2,2,0
02/24/2015 12:00:00 AM,2,2,0
02/23/2015 11:00:00 PM,5,5,0
02/23/2015 10:00:00 PM,1,1,0
02/23/2015 09:00:00 PM,4,4,0
02/23/2015 08:00:00 PM,16,8,8
02/23/2015 07:00:00 PM,20,13,7
02/23/2015 06:00:00 PM,63,39,24
02/23/2015 05:00:00 PM,139,96,43
02/23/2015 04:00:00 PM,68,53,15
02/23/2015 03:00:00 PM,40,27,13
02/23/2015 02:00:00 PM,27,18,9
02/23/2015 01:00:00 PM,23,13,10
02/23/2015 12:00:00 PM,23,19,4
02/23/2015 11:00:00 AM,20,16,4
02/23/2015 10:00:00 AM,29,21,8
02/23/2015 09:00:00 AM,67,43,24
02/23/2015 08:00:00 AM,103,78,25
02/23/2015 07:00:00 AM,58,38,20
02/23/2015 06:00:00 AM,31,19,12
02/23/2015 05:00:00 AM,12,7,5
02/23/2015 04:00:00 AM,0,0,0
02/23/2015 03:00:00 AM,0,0,0
02/23/2015 02:00:00 AM,1,1,0
02/23/2015 01:00:00 AM,0,0,0
02/23/2015 12:00:00 AM,1,1,0
02/22/2015 11:00:00 PM,1,1,0
02/22/2015 10:00:00 PM,3,3,0
02/22/2015 09:00:00 PM,2,1,1
02/22/2015 08:00:00 PM,6,4,2
02/22/2015 07:00:00 PM,6,4,2
02/22/2015 06:00:00 PM,25,8,17
02/22/2015 05:00:00 PM,24,13,11
02/22/2015 04:00:00 PM,40,9,31
02/22/2015 03:00:00 PM,17,6,11
02/22/2015 02:00:00 PM,31,14,17
02/22/2015 01:00:00 PM,42,20,22
02/22/2015 12:00:00 PM,30,16,14
02/22/2015 11:00:00 AM,18,13,5
02/22/2015 10:00:00 AM,13,12,1
02/22/2015 09:00:00 AM,18,12,6
02/22/2015 08:00:00 AM,12,12,0
02/22/2015 07:00:00 AM,16,15,1
02/22/2015 06:00:00 AM,2,2,0
02/22/2015 05:00:00 AM,1,0,1
02/22/2015 04:00:00 AM,1,1,0
02/22/2015 03:00:00 AM,0,0,0
02/22/2015 02:00:00 AM,3,2,1
02/22/2015 01:00:00 AM,2,1,1
02/22/2015 12:00:00 AM,2,2,0
02/21/2015 11:00:00 PM,10,7,3
02/21/2015 10:00:00 PM,9,6,3
02/21/2015 09:00:00 PM,9,4,5
02/21/2015 08:00:00 PM,9,4,5
02/21/2015 07:00:00 PM,11,9,2
02/21/2015 06:00:00 PM,9,5,4
02/21/2015 05:00:00 PM,28,24,4
02/21/2015 04:00:00 PM,17,11,6
02/21/2015 03:00:00 PM,14,13,1
02/21/2015 02:00:00 PM,20,14,6
02/21/2015 01:00:00 PM,21,8,13
02/21/2015 12:00:00 PM,29,20,9
02/21/2015 11:00:00 AM,16,12,4
02/21/2015 10:00:00 AM,8,4,4
02/21/2015 09:00:00 AM,7,5,2
02/21/2015 08:00:00 AM,8,5,3
02/21/2015 07:00:00 AM,2,1,1
02/21/2015 06:00:00 AM,2,1,1
02/21/2015 05:00:00 AM,1,0,1
02/21/2015 04:00:00 AM,0,0,0
02/21/2015 03:00:00 AM,0,0,0
02/21/2015 02:00:00 AM,6,5,1
02/21/2015 01:00:00 AM,4,4,0
02/21/2015 12:00:00 AM,1,1,0
02/20/2015 11:00:00 PM,4,4,0
02/20/2015 10:00:00 PM,5,3,2
02/20/2015 09:00:00 PM,1,1,0
02/20/2015 08:00:00 PM,6,4,2
02/20/2015 07:00:00 PM,23,14,9
02/20/2015 06:00:00 PM,51,28,23
02/20/2015 05:00:00 PM,109,71,38
02/20/2015 04:00:00 PM,65,46,19
02/20/2015 03:00:00 PM,35,27,8
02/20/2015 02:00:00 PM,29,21,8
02/20/2015 01:00:00 PM,35,20,15
02/20/2015 12:00:00 PM,17,8,9
02/20/2015 11:00:00 AM,24,14,10
02/20/2015 10:00:00 AM,28,18,10
02/20/2015 09:00:00 AM,44,29,15
02/20/2015 08:00:00 AM,67,54,13
02/20/2015 07:00:00 AM,55,33,22
02/20/2015 06:00:00 AM,24,12,12
02/20/2015 05:00:00 AM,7,3,4
02/20/2015 04:00:00 AM,2,1,1
02/20/2015 03:00:00 AM,0,0,0
02/20/2015 02:00:00 AM,0,0,0
02/20/2015 01:00:00 AM,1,0,1
02/20/2015 12:00:00 AM,1,1,0
02/19/2015 11:00:00 PM,6,4,2
02/19/2015 10:00:00 PM,7,6,1
02/19/2015 09:00:00 PM,13,10,3
02/19/2015 08:00:00 PM,13,10,3
02/19/2015 07:00:00 PM,24,8,16
02/19/2015 06:00:00 PM,52,33,19
02/19/2015 05:00:00 PM,102,77,25
02/19/2015 04:00:00 PM,77,61,16
02/19/2015 03:00:00 PM,45,34,11
02/19/2015 02:00:00 PM,14,10,4
02/19/2015 01:00:00 PM,20,11,9
02/19/2015 12:00:00 PM,22,13,9
02/19/2015 11:00:00 AM,23,14,9
02/19/2015 10:00:00 AM,41,21,20
02/19/2015 09:00:00 AM,57,36,21
02/19/2015 08:00:00 AM,75,55,20
02/19/2015 07:00:00 AM,49,36,13
02/19/2015 06:00:00 AM,34,18,16
02/19/2015 05:00:00 AM,6,5,1
02/19/2015 04:00:00 AM,1,0,1
02/19/2015 03:00:00 AM,0,0,0
02/19/2015 02:00:00 AM,0,0,0
02/19/2015 01:00:00 AM,0,0,0
02/19/2015 12:00:00 AM,0,0,0
02/18/2015 11:00:00 PM,6,6,0
02/18/2015 10:00:00 PM,8,2,6
02/18/2015 09:00:00 PM,4,3,1
02/18/2015 08:00:00 PM,21,15,6
02/18/2015 07:00:00 PM,22,14,8
02/18/2015 06:00:00 PM,54,34,20
02/18/2015 05:00:00 PM,132,96,36
02/18/2015 04:00:00 PM,80,56,24
02/18/2015 03:00:00 PM,49,37,12
02/18/2015 02:00:00 PM,23,14,9
02/18/2015 01:00:00 PM,25,16,9
02/18/2015 12:00:00 PM,40,24,16
02/18/2015 11:00:00 AM,23,15,8
02/18/2015 10:00:00 AM,37,24,13
02/18/2015 09:00:00 AM,51,33,18
02/18/2015 08:00:00 AM,102,65,37
02/18/2015 07:00:00 AM,57,47,10
02/18/2015 06:00:00 AM,28,14,14
02/18/2015 05:00:00 AM,10,8,2
02/18/2015 04:00:00 AM,0,0,0
02/18/2015 03:00:00 AM,1,1,0
02/18/2015 02:00:00 AM,0,0,0
02/18/2015 01:00:00 AM,0,0,0
02/18/2015 12:00:00 AM,2,2,0
02/17/2015 11:00:00 PM,4,3,1
02/17/2015 10:00:00 PM,3,3,0
02/17/2015 09:00:00 PM,10,8,2
02/17/2015 08:00:00 PM,18,10,8
02/17/2015 07:00:00 PM,24,16,8
02/17/2015 06:00:00 PM,70,44,26
02/17/2015 05:00:00 PM,106,68,38
02/17/2015 04:00:00 PM,89,70,19
02/17/2015 03:00:00 PM,58,44,14
02/17/2015 02:00:00 PM,29,22,7
02/17/2015 01:00:00 PM,20,9,11
02/17/2015 12:00:00 PM,27,20,7
02/17/2015 11:00:00 AM,24,14,10
02/17/2015 10:00:00 AM,32,19,13
02/17/2015 09:00:00 AM,59,39,20
02/17/2015 08:00:00 AM,98,74,24
02/17/2015 07:00:00 AM,63,43,20
02/17/2015 06:00:00 AM,38,20,18
02/17/2015 05:00:00 AM,12,6,6
02/17/2015 04:00:00 AM,1,0,1
02/17/2015 03:00:00 AM,0,0,0
02/17/2015 02:00:00 AM,1,1,0
02/17/2015 01:00:00 AM,0,0,0
02/17/2015 12:00:00 AM,0,0,0
02/16/2015 11:00:00 PM,1,0,1
02/16/2015 10:00:00 PM,3,3,0
02/16/2015 09:00:00 PM,9,5,4
02/16/2015 08:00:00 PM,9,6,3
02/16/2015 07:00:00 PM,14,10,4
02/16/2015 06:00:00 PM,33,24,9
02/16/2015 05:00:00 PM,49,31,18
02/16/2015 04:00:00 PM,41,25,16
02/16/2015 03:00:00 PM,31,24,7
02/16/2015 02:00:00 PM,27,15,12
02/16/2015 01:00:00 PM,21,16,5
02/16/2015 12:00:00 PM,36,23,13
02/16/2015 11:00:00 AM,26,19,7
02/16/2015 10:00:00 AM,29,20,9
02/16/2015 09:00:00 AM,34,23,11
02/16/2015 08:00:00 AM,46,41,5
02/16/2015 07:00:00 AM,21,16,5
02/16/2015 06:00:00 AM,17,9,8
02/16/2015 05:00:00 AM,4,2,2
02/16/2015 04:00:00 AM,1,0,1
02/16/2015 03:00:00 AM,0,0,0
02/16/2015 02:00:00 AM,2,1,1
02/16/2015 01:00:00 AM,0,0,0
02/16/2015 12:00:00 AM,4,3,1
02/15/2015 11:00:00 PM,6,3,3
02/15/2015 10:00:00 PM,3,1,2
02/15/2015 09:00:00 PM,4,1,3
02/15/2015 08:00:00 PM,7,5,2
02/15/2015 07:00:00 PM,6,2,4
02/15/2015 06:00:00 PM,11,7,4
02/15/2015 05:00:00 PM,11,7,4
02/15/2015 04:00:00 PM,31,16,15
02/15/2015 03:00:00 PM,22,15,7
02/15/2015 02:00:00 PM,22,14,8
02/15/2015 01:00:00 PM,17,9,8
02/15/2015 12:00:00 PM,31,21,10
02/15/2015 11:00:00 AM,28,20,8
02/15/2015 10:00:00 AM,12,9,3
02/15/2015 09:00:00 AM,17,15,2
02/15/2015 08:00:00 AM,5,3,2
02/15/2015 07:00:00 AM,4,2,2
02/15/2015 06:00:00 AM,2,1,1
02/15/2015 05:00:00 AM,2,1,1
02/15/2015 04:00:00 AM,1,1,0
02/15/2015 03:00:00 AM,0,0,0
02/15/2015 02:00:00 AM,1,1,0
02/15/2015 01:00:00 AM,3,3,0
02/15/2015 12:00:00 AM,3,1,2
02/14/2015 11:00:00 PM,2,0,2
02/14/2015 10:00:00 PM,9,5,4
02/14/2015 09:00:00 PM,3,1,2
02/14/2015 08:00:00 PM,10,4,6
02/14/2015 07:00:00 PM,9,5,4
02/14/2015 06:00:00 PM,15,8,7
02/14/2015 05:00:00 PM,13,11,2
02/14/2015 04:00:00 PM,21,13,8
02/14/2015 03:00:00 PM,24,19,5
02/14/2015 02:00:00 PM,20,17,3
02/14/2015 01:00:00 PM,13,7,6
02/14/2015 12:00:00 PM,26,12,14
02/14/2015 11:00:00 AM,8,3,5
02/14/2015 10:00:00 AM,3,2,1
02/14/2015 09:00:00 AM,8,5,3
02/14/2015 08:00:00 AM,7,6,1
02/14/2015 07:00:00 AM,8,7,1
02/14/2015 06:00:00 AM,5,4,1
02/14/2015 05:00:00 AM,1,0,1
02/14/2015 04:00:00 AM,1,0,1
02/14/2015 03:00:00 AM,2,1,1
02/14/2015 02:00:00 AM,3,2,1
02/14/2015 01:00:00 AM,4,2,2
02/14/2015 12:00:00 AM,1,1,0
02/13/2015 11:00:00 PM,0,0,0
02/13/2015 10:00:00 PM,6,4,2
02/13/2015 09:00:00 PM,8,3,5
02/13/2015 08:00:00 PM,9,7,2
02/13/2015 07:00:00 PM,20,14,6
02/13/2015 06:00:00 PM,44,25,19
02/13/2015 05:00:00 PM,103,60,43
02/13/2015 04:00:00 PM,90,59,31
02/13/2015 03:00:00 PM,49,38,11
02/13/2015 02:00:00 PM,37,24,13
02/13/2015 01:00:00 PM,28,19,9
02/13/2015 12:00:00 PM,21,13,8
02/13/2015 11:00:00 AM,23,13,10
02/13/2015 10:00:00 AM,37,25,12
02/13/2015 09:00:00 AM,45,32,13
02/13/2015 08:00:00 AM,86,59,27
02/13/2015 07:00:00 AM,47,33,14
02/13/2015 06:00:00 AM,24,11,13
02/13/2015 05:00:00 AM,9,6,3
02/13/2015 04:00:00 AM,1,0,1
02/13/2015 03:00:00 AM,1,1,0
02/13/2015 02:00:00 AM,4,2,2
02/13/2015 01:00:00 AM,1,0,1
02/13/2015 12:00:00 AM,3,2,1
02/12/2015 11:00:00 PM,3,1,2
02/12/2015 10:00:00 PM,12,11,1
02/12/2015 09:00:00 PM,12,9,3
02/12/2015 08:00:00 PM,15,5,10
02/12/2015 07:00:00 PM,31,21,10
02/12/2015 06:00:00 PM,72,48,24
02/12/2015 05:00:00 PM,100,67,33
02/12/2015 04:00:00 PM,88,64,24
02/12/2015 03:00:00 PM,50,34,16
02/12/2015 02:00:00 PM,22,15,7
02/12/2015 01:00:00 PM,27,17,10
02/12/2015 12:00:00 PM,27,16,11
02/12/2015 11:00:00 AM,25,12,13
02/12/2015 10:00:00 AM,29,21,8
02/12/2015 09:00:00 AM,63,46,17
02/12/2015 08:00:00 AM,83,62,21
02/12/2015 07:00:00 AM,44,31,13
02/12/2015 06:00:00 AM,24,12,12
02/12/2015 05:00:00 AM,7,6,1
02/12/2015 04:00:00 AM,1,0,1
02/12/2015 03:00:00 AM,1,1,0
02/12/2015 02:00:00 AM,1,0,1
02/12/2015 01:00:00 AM,0,0,0
02/12/2015 12:00:00 AM,2,2,0
02/11/2015 11:00:00 PM,2,1,1
02/11/2015 10:00:00 PM,6,2,4
02/11/2015 09:00:00 PM,6,3,3
02/11/2015 08:00:00 PM,16,10,6
02/11/2015 07:00:00 PM,23,15,8
02/11/2015 06:00:00 PM,71,47,24
02/11/2015 05:00:00 PM,96,65,31
02/11/2015 04:00:00 PM,90,64,26
02/11/2015 03:00:00 PM,35,30,5
02/11/2015 02:00:00 PM,31,17,14
02/11/2015 01:00:00 PM,35,18,17
02/11/2015 12:00:00 PM,33,22,11
02/11/2015 11:00:00 AM,22,10,12
02/11/2015 10:00:00 AM,33,22,11
02/11/2015 09:00:00 AM,51,40,11
02/11/2015 08:00:00 AM,96,68,28
02/11/2015 07:00:00 AM,52,41,11
02/11/2015 06:00:00 AM,33,13,20
02/11/2015 05:00:00 AM,12,8,4
02/11/2015 04:00:00 AM,0,0,0
02/11/2015 03:00:00 AM,0,0,0
02/11/2015 02:00:00 AM,1,1,0
02/11/2015 01:00:00 AM,2,2,0
02/11/2015 12:00:00 AM,3,2,1
02/10/2015 11:00:00 PM,5,4,1
02/10/2015 10:00:00 PM,7,6,1
02/10/2015 09:00:00 PM,3,2,1
02/10/2015 08:00:00 PM,9,9,0
02/10/2015 07:00:00 PM,23,10,13
02/10/2015 06:00:00 PM,63,41,22
02/10/2015 05:00:00 PM,95,58,37
02/10/2015 04:00:00 PM,70,52,18
02/10/2015 03:00:00 PM,41,32,9
02/10/2015 02:00:00 PM,32,24,8
02/10/2015 01:00:00 PM,23,12,11
02/10/2015 12:00:00 PM,27,16,11
02/10/2015 11:00:00 AM,27,15,12
02/10/2015 10:00:00 AM,26,15,11
02/10/2015 09:00:00 AM,68,50,18
02/10/2015 08:00:00 AM,95,65,30
02/10/2015 07:00:00 AM,45,30,15
02/10/2015 06:00:00 AM,34,18,16
02/10/2015 05:00:00 AM,4,3,1
02/10/2015 04:00:00 AM,0,0,0
02/10/2015 03:00:00 AM,0,0,0
02/10/2015 02:00:00 AM,4,2,2
02/10/2015 01:00:00 AM,0,0,0
02/10/2015 12:00:00 AM,2,2,0
02/09/2015 11:00:00 PM,4,3,1
02/09/2015 10:00:00 PM,3,0,3
02/09/2015 09:00:00 PM,2,2,0
02/09/2015 08:00:00 PM,8,5,3
02/09/2015 07:00:00 PM,17,13,4
02/09/2015 06:00:00 PM,61,41,20
02/09/2015 05:00:00 PM,88,51,37
02/09/2015 04:00:00 PM,56,42,14
02/09/2015 03:00:00 PM,33,24,9
02/09/2015 02:00:00 PM,20,17,3
02/09/2015 01:00:00 PM,17,11,6
02/09/2015 12:00:00 PM,21,11,10
02/09/2015 11:00:00 AM,19,11,8
02/09/2015 10:00:00 AM,26,20,6
02/09/2015 09:00:00 AM,38,28,10
02/09/2015 08:00:00 AM,76,56,20
02/09/2015 07:00:00 AM,50,35,15
02/09/2015 06:00:00 AM,28,17,11
02/09/2015 05:00:00 AM,13,9,4
02/09/2015 04:00:00 AM,0,0,0
02/09/2015 03:00:00 AM,1,1,0
02/09/2015 02:00:00 AM,2,1,1
02/09/2015 01:00:00 AM,3,3,0
02/09/2015 12:00:00 AM,1,1,0
02/08/2015 11:00:00 PM,3,2,1
02/08/2015 10:00:00 PM,5,1,4
02/08/2015 09:00:00 PM,6,4,2
02/08/2015 08:00:00 PM,3,1,2
02/08/2015 07:00:00 PM,9,7,2
02/08/2015 06:00:00 PM,6,6,0
02/08/2015 05:00:00 PM,12,11,1
02/08/2015 04:00:00 PM,20,12,8
02/08/2015 03:00:00 PM,14,8,6
02/08/2015 02:00:00 PM,12,7,5
02/08/2015 01:00:00 PM,21,13,8
02/08/2015 12:00:00 PM,36,25,11
02/08/2015 11:00:00 AM,19,11,8
02/08/2015 10:00:00 AM,11,9,2
02/08/2015 09:00:00 AM,9,4,5
02/08/2015 08:00:00 AM,4,1,3
02/08/2015 07:00:00 AM,1,1,0
02/08/2015 06:00:00 AM,5,4,1
02/08/2015 05:00:00 AM,2,1,1
02/08/2015 04:00:00 AM,0,0,0
02/08/2015 03:00:00 AM,0,0,0
02/08/2015 02:00:00 AM,0,0,0
02/08/2015 01:00:00 AM,2,2,0
02/08/2015 12:00:00 AM,2,2,0
02/07/2015 11:00:00 PM,4,4,0
02/07/2015 10:00:00 PM,4,2,2
02/07/2015 09:00:00 PM,2,2,0
02/07/2015 08:00:00 PM,4,3,1
02/07/2015 07:00:00 PM,6,3,3
02/07/2015 06:00:00 PM,8,7,1
02/07/2015 05:00:00 PM,3,3,0
02/07/2015 04:00:00 PM,8,1,7
02/07/2015 03:00:00 PM,9,6,3
02/07/2015 02:00:00 PM,9,7,2
02/07/2015 01:00:00 PM,8,6,2
02/07/2015 12:00:00 PM,11,7,4
02/07/2015 11:00:00 AM,14,8,6
02/07/2015 10:00:00 AM,4,2,2
02/07/2015 09:00:00 AM,5,2,3
02/07/2015 08:00:00 AM,3,3,0
02/07/2015 07:00:00 AM,2,0,2
02/07/2015 06:00:00 AM,0,0,0
02/07/2015 05:00:00 AM,3,2,1
02/07/2015 04:00:00 AM,0,0,0
02/07/2015 03:00:00 AM,1,1,0
02/07/2015 02:00:00 AM,1,0,1
02/07/2015 01:00:00 AM,2,2,0
02/07/2015 12:00:00 AM,4,1,3
02/06/2015 11:00:00 PM,7,6,1
02/06/2015 10:00:00 PM,8,6,2
02/06/2015 09:00:00 PM,7,5,2
02/06/2015 08:00:00 PM,5,2,3
02/06/2015 07:00:00 PM,18,9,9
02/06/2015 06:00:00 PM,35,27,8
02/06/2015 05:00:00 PM,61,44,17
02/06/2015 04:00:00 PM,46,40,6
02/06/2015 03:00:00 PM,26,20,6
02/06/2015 02:00:00 PM,23,13,10
02/06/2015 01:00:00 PM,14,7,7
02/06/2015 12:00:00 PM,19,7,12
02/06/2015 11:00:00 AM,10,7,3
02/06/2015 10:00:00 AM,25,15,10
02/06/2015 09:00:00 AM,23,14,9
02/06/2015 08:00:00 AM,68,44,24
02/06/2015 07:00:00 AM,30,16,14
02/06/2015 06:00:00 AM,14,6,8
02/06/2015 05:00:00 AM,7,2,5
02/06/2015 04:00:00 AM,1,0,1
02/06/2015 03:00:00 AM,0,0,0
02/06/2015 02:00:00 AM,1,0,1
02/06/2015 01:00:00 AM,0,0,0
02/06/2015 12:00:00 AM,2,1,1
02/05/2015 11:00:00 PM,4,4,0
02/05/2015 10:00:00 PM,3,1,2
02/05/2015 09:00:00 PM,7,4,3
02/05/2015 08:00:00 PM,7,4,3
02/05/2015 07:00:00 PM,16,9,7
02/05/2015 06:00:00 PM,46,32,14
02/05/2015 05:00:00 PM,86,59,27
02/05/2015 04:00:00 PM,49,39,10
02/05/2015 03:00:00 PM,20,16,4
02/05/2015 02:00:00 PM,16,10,6
02/05/2015 01:00:00 PM,15,8,7
02/05/2015 12:00:00 PM,25,15,10
02/05/2015 11:00:00 AM,24,15,9
02/05/2015 10:00:00 AM,26,16,10
02/05/2015 09:00:00 AM,36,21,15
02/05/2015 08:00:00 AM,54,35,19
02/05/2015 07:00:00 AM,38,23,15
02/05/2015 06:00:00 AM,17,8,9
02/05/2015 05:00:00 AM,4,2,2
02/05/2015 04:00:00 AM,2,1,1
02/05/2015 03:00:00 AM,3,3,0
02/05/2015 02:00:00 AM,2,1,1
02/05/2015 01:00:00 AM,0,0,0
02/05/2015 12:00:00 AM,2,0,2
02/04/2015 11:00:00 PM,3,3,0
02/04/2015 10:00:00 PM,4,2,2
02/04/2015 09:00:00 PM,7,2,5
02/04/2015 08:00:00 PM,7,5,2
02/04/2015 07:00:00 PM,12,10,2
02/04/2015 06:00:00 PM,46,33,13
02/04/2015 05:00:00 PM,90,58,32
02/04/2015 04:00:00 PM,58,48,10
02/04/2015 03:00:00 PM,41,32,9
02/04/2015 02:00:00 PM,22,16,6
02/04/2015 01:00:00 PM,26,16,10
02/04/2015 12:00:00 PM,33,22,11
02/04/2015 11:00:00 AM,20,14,6
02/04/2015 10:00:00 AM,36,29,7
02/04/2015 09:00:00 AM,45,32,13
02/04/2015 08:00:00 AM,93,61,32
02/04/2015 07:00:00 AM,47,35,12
02/04/2015 06:00:00 AM,35,17,18
02/04/2015 05:00:00 AM,7,4,3
02/04/2015 04:00:00 AM,1,1,0
02/04/2015 03:00:00 AM,0,0,0
02/04/2015 02:00:00 AM,0,0,0
02/04/2015 01:00:00 AM,1,1,0
02/04/2015 12:00:00 AM,2,2,0
02/03/2015 11:00:00 PM,3,3,0
02/03/2015 10:00:00 PM,4,2,2
02/03/2015 09:00:00 PM,11,6,5
02/03/2015 08:00:00 PM,12,9,3
02/03/2015 07:00:00 PM,16,13,3
02/03/2015 06:00:00 PM,56,32,24
02/03/2015 05:00:00 PM,104,72,32
02/03/2015 04:00:00 PM,78,62,16
02/03/2015 03:00:00 PM,41,24,17
02/03/2015 02:00:00 PM,22,14,8
02/03/2015 01:00:00 PM,20,17,3
02/03/2015 12:00:00 PM,15,8,7
02/03/2015 11:00:00 AM,25,16,9
02/03/2015 10:00:00 AM,25,16,9
02/03/2015 09:00:00 AM,51,33,18
02/03/2015 08:00:00 AM,96,68,28
02/03/2015 07:00:00 AM,50,32,18
02/03/2015 06:00:00 AM,24,13,11
02/03/2015 05:00:00 AM,9,6,3
02/03/2015 04:00:00 AM,1,0,1
02/03/2015 03:00:00 AM,0,0,0
02/03/2015 02:00:00 AM,0,0,0
02/03/2015 01:00:00 AM,1,1,0
02/03/2015 12:00:00 AM,0,0,0
02/02/2015 11:00:00 PM,4,2,2
02/02/2015 10:00:00 PM,3,3,0
02/02/2015 09:00:00 PM,5,4,1
02/02/2015 08:00:00 PM,14,8,6
02/02/2015 07:00:00 PM,19,15,4
02/02/2015 06:00:00 PM,39,24,15
02/02/2015 05:00:00 PM,92,65,27
02/02/2015 04:00:00 PM,52,42,10
02/02/2015 03:00:00 PM,43,30,13
02/02/2015 02:00:00 PM,16,12,4
02/02/2015 01:00:00 PM,21,12,9
02/02/2015 12:00:00 PM,12,5,7
02/02/2015 11:00:00 AM,13,8,5
02/02/2015 10:00:00 AM,28,18,10
02/02/2015 09:00:00 AM,32,22,10
02/02/2015 08:00:00 AM,62,43,19
02/02/2015 07:00:00 AM,44,27,17
02/02/2015 06:00:00 AM,28,14,14
02/02/2015 05:00:00 AM,10,5,5
02/02/2015 04:00:00 AM,1,1,0
02/02/2015 03:00:00 AM,2,2,0
02/02/2015 02:00:00 AM,0,0,0
02/02/2015 01:00:00 AM,2,2,0
02/02/2015 12:00:00 AM,6,2,4
02/01/2015 11:00:00 PM,5,5,0
02/01/2015 10:00:00 PM,3,1,2
02/01/2015 09:00:00 PM,5,4,1
02/01/2015 08:00:00 PM,18,14,4
02/01/2015 07:00:00 PM,9,6,3
02/01/2015 06:00:00 PM,3,3,0
02/01/2015 05:00:00 PM,2,2,0
02/01/2015 04:00:00 PM,5,3,2
02/01/2015 03:00:00 PM,5,4,1
02/01/2015 02:00:00 PM,15,13,2
02/01/2015 01:00:00 PM,15,12,3
02/01/2015 12:00:00 PM,15,10,5
02/01/2015 11:00:00 AM,7,3,4
02/01/2015 10:00:00 AM,8,3,5
02/01/2015 09:00:00 AM,6,5,1
02/01/2015 08:00:00 AM,6,2,4
02/01/2015 07:00:00 AM,7,5,2
02/01/2015 06:00:00 AM,1,1,0
02/01/2015 05:00:00 AM,2,2,0
02/01/2015 04:00:00 AM,0,0,0
02/01/2015 03:00:00 AM,1,1,0
02/01/2015 02:00:00 AM,10,6,4
02/01/2015 01:00:00 AM,2,1,1
02/01/2015 12:00:00 AM,1,1,0
01/31/2015 11:00:00 PM,10,9,1
01/31/2015 10:00:00 PM,4,3,1
01/31/2015 09:00:00 PM,6,1,5
01/31/2015 08:00:00 PM,0,0,0
01/31/2015 07:00:00 PM,10,7,3
01/31/2015 06:00:00 PM,9,7,2
01/31/2015 05:00:00 PM,16,9,7
01/31/2015 04:00:00 PM,23,12,11
01/31/2015 03:00:00 PM,30,17,13
01/31/2015 02:00:00 PM,24,20,4
01/31/2015 01:00:00 PM,19,11,8
01/31/2015 12:00:00 PM,16,9,7
01/31/2015 11:00:00 AM,25,11,14
01/31/2015 10:00:00 AM,12,7,5
01/31/2015 09:00:00 AM,6,4,2
01/31/2015 08:00:00 AM,15,13,2
01/31/2015 07:00:00 AM,3,1,2
01/31/2015 06:00:00 AM,3,2,1
01/31/2015 05:00:00 AM,2,0,2
01/31/2015 04:00:00 AM,0,0,0
01/31/2015 03:00:00 AM,0,0,0
01/31/2015 02:00:00 AM,0,0,0
01/31/2015 01:00:00 AM,0,0,0
01/31/2015 12:00:00 AM,5,4,1
01/30/2015 11:00:00 PM,6,5,1
01/30/2015 10:00:00 PM,13,6,7
01/30/2015 09:00:00 PM,11,7,4
01/30/2015 08:00:00 PM,12,8,4
01/30/2015 07:00:00 PM,23,16,7
01/30/2015 06:00:00 PM,55,31,24
01/30/2015 05:00:00 PM,93,68,25
01/30/2015 04:00:00 PM,70,52,18
01/30/2015 03:00:00 PM,41,27,14
01/30/2015 02:00:00 PM,34,19,15
01/30/2015 01:00:00 PM,33,23,10
01/30/2015 12:00:00 PM,26,13,13
01/30/2015 11:00:00 AM,25,13,12
01/30/2015 10:00:00 AM,34,19,15
01/30/2015 09:00:00 AM,48,36,12
01/30/2015 08:00:00 AM,90,61,29
01/30/2015 07:00:00 AM,55,38,17
01/30/2015 06:00:00 AM,30,17,13
01/30/2015 05:00:00 AM,12,8,4
01/30/2015 04:00:00 AM,3,1,2
01/30/2015 03:00:00 AM,0,0,0
01/30/2015 02:00:00 AM,0,0,0
01/30/2015 01:00:00 AM,0,0,0
01/30/2015 12:00:00 AM,3,2,1
01/29/2015 11:00:00 PM,4,3,1
01/29/2015 10:00:00 PM,12,10,2
01/29/2015 09:00:00 PM,5,5,0
01/29/2015 08:00:00 PM,12,7,5
01/29/2015 07:00:00 PM,32,22,10
01/29/2015 06:00:00 PM,71,47,24
01/29/2015 05:00:00 PM,106,65,41
01/29/2015 04:00:00 PM,87,64,23
01/29/2015 03:00:00 PM,41,29,12
01/29/2015 02:00:00 PM,33,25,8
01/29/2015 01:00:00 PM,32,20,12
01/29/2015 12:00:00 PM,29,19,10
01/29/2015 11:00:00 AM,22,15,7
01/29/2015 10:00:00 AM,30,19,11
01/29/2015 09:00:00 AM,78,48,30
01/29/2015 08:00:00 AM,103,75,28
01/29/2015 07:00:00 AM,55,35,20
01/29/2015 06:00:00 AM,33,11,22
01/29/2015 05:00:00 AM,12,9,3
01/29/2015 04:00:00 AM,2,0,2
01/29/2015 03:00:00 AM,0,0,0
01/29/2015 02:00:00 AM,1,1,0
01/29/2015 01:00:00 AM,1,1,0
01/29/2015 12:00:00 AM,2,1,1
01/28/2015 11:00:00 PM,3,3,0
01/28/2015 10:00:00 PM,6,4,2
01/28/2015 09:00:00 PM,13,8,5
01/28/2015 08:00:00 PM,12,9,3
01/28/2015 07:00:00 PM,23,10,13
01/28/2015 06:00:00 PM,71,49,22
01/28/2015 05:00:00 PM,120,77,43
01/28/2015 04:00:00 PM,60,51,9
01/28/2015 03:00:00 PM,45,29,16
01/28/2015 02:00:00 PM,23,13,10
01/28/2015 01:00:00 PM,22,14,8
01/28/2015 12:00:00 PM,22,15,7
01/28/2015 11:00:00 AM,25,14,11
01/28/2015 10:00:00 AM,34,26,8
01/28/2015 09:00:00 AM,58,38,20
01/28/2015 08:00:00 AM,95,66,29
01/28/2015 07:00:00 AM,53,36,17
01/28/2015 06:00:00 AM,25,12,13
01/28/2015 05:00:00 AM,12,9,3
01/28/2015 04:00:00 AM,1,1,0
01/28/2015 03:00:00 AM,1,1,0
01/28/2015 02:00:00 AM,2,2,0
01/28/2015 01:00:00 AM,1,1,0
01/28/2015 12:00:00 AM,4,3,1
01/27/2015 11:00:00 PM,3,1,2
01/27/2015 10:00:00 PM,4,1,3
01/27/2015 09:00:00 PM,5,4,1
01/27/2015 08:00:00 PM,9,5,4
01/27/2015 07:00:00 PM,26,21,5
01/27/2015 06:00:00 PM,70,41,29
01/27/2015 05:00:00 PM,90,60,30
01/27/2015 04:00:00 PM,84,60,24
01/27/2015 03:00:00 PM,39,30,9
01/27/2015 02:00:00 PM,27,19,8
01/27/2015 01:00:00 PM,27,16,11
01/27/2015 12:00:00 PM,31,21,10
01/27/2015 11:00:00 AM,23,14,9
01/27/2015 10:00:00 AM,30,22,8
01/27/2015 09:00:00 AM,66,51,15
01/27/2015 08:00:00 AM,106,76,30
01/27/2015 07:00:00 AM,55,40,15
01/27/2015 06:00:00 AM,39,20,19
01/27/2015 05:00:00 AM,8,6,2
01/27/2015 04:00:00 AM,0,0,0
01/27/2015 03:00:00 AM,1,1,0
01/27/2015 02:00:00 AM,1,1,0
01/27/2015 01:00:00 AM,1,0,1
01/27/2015 12:00:00 AM,1,0,1
01/26/2015 11:00:00 PM,3,2,1
01/26/2015 10:00:00 PM,3,2,1
01/26/2015 09:00:00 PM,13,10,3
01/26/2015 08:00:00 PM,12,8,4
01/26/2015 07:00:00 PM,20,14,6
01/26/2015 06:00:00 PM,73,43,30
01/26/2015 05:00:00 PM,123,77,46
01/26/2015 04:00:00 PM,86,59,27
01/26/2015 03:00:00 PM,52,38,14
01/26/2015 02:00:00 PM,35,26,9
01/26/2015 01:00:00 PM,32,17,15
01/26/2015 12:00:00 PM,25,19,6
01/26/2015 11:00:00 AM,28,16,12
01/26/2015 10:00:00 AM,44,33,11
01/26/2015 09:00:00 AM,68,54,14
01/26/2015 08:00:00 AM,92,68,24
01/26/2015 07:00:00 AM,55,39,16
01/26/2015 06:00:00 AM,35,22,13
01/26/2015 05:00:00 AM,12,8,4
01/26/2015 04:00:00 AM,1,1,0
01/26/2015 03:00:00 AM,1,1,0
01/26/2015 02:00:00 AM,0,0,0
01/26/2015 01:00:00 AM,0,0,0
01/26/2015 12:00:00 AM,2,2,0
01/25/2015 11:00:00 PM,0,0,0
01/25/2015 10:00:00 PM,2,2,0
01/25/2015 09:00:00 PM,3,3,0
01/25/2015 08:00:00 PM,6,4,2
01/25/2015 07:00:00 PM,8,6,2
01/25/2015 06:00:00 PM,10,4,6
01/25/2015 05:00:00 PM,18,13,5
01/25/2015 04:00:00 PM,16,9,7
01/25/2015 03:00:00 PM,26,16,10
01/25/2015 02:00:00 PM,34,22,12
01/25/2015 01:00:00 PM,29,21,8
01/25/2015 12:00:00 PM,37,32,5
01/25/2015 11:00:00 AM,15,12,3
01/25/2015 10:00:00 AM,13,10,3
01/25/2015 09:00:00 AM,15,6,9
01/25/2015 08:00:00 AM,4,4,0
01/25/2015 07:00:00 AM,2,1,1
01/25/2015 06:00:00 AM,3,2,1
01/25/2015 05:00:00 AM,1,1,0
01/25/2015 04:00:00 AM,2,2,0
01/25/2015 03:00:00 AM,3,3,0
01/25/2015 02:00:00 AM,2,1,1
01/25/2015 01:00:00 AM,4,4,0
01/25/2015 12:00:00 AM,2,2,0
01/24/2015 11:00:00 PM,5,3,2
01/24/2015 10:00:00 PM,11,6,5
01/24/2015 09:00:00 PM,4,3,1
01/24/2015 08:00:00 PM,3,3,0
01/24/2015 07:00:00 PM,8,4,4
01/24/2015 06:00:00 PM,13,8,5
01/24/2015 05:00:00 PM,20,13,7
01/24/2015 04:00:00 PM,14,10,4
01/24/2015 03:00:00 PM,20,17,3
01/24/2015 02:00:00 PM,21,16,5
01/24/2015 01:00:00 PM,11,5,6
01/24/2015 12:00:00 PM,15,10,5
01/24/2015 11:00:00 AM,16,13,3
01/24/2015 10:00:00 AM,3,2,1
01/24/2015 09:00:00 AM,11,6,5
01/24/2015 08:00:00 AM,8,4,4
01/24/2015 07:00:00 AM,3,1,2
01/24/2015 06:00:00 AM,2,1,1
01/24/2015 05:00:00 AM,0,0,0
01/24/2015 04:00:00 AM,3,2,1
01/24/2015 03:00:00 AM,0,0,0
01/24/2015 02:00:00 AM,1,0,1
01/24/2015 01:00:00 AM,0,0,0
01/24/2015 12:00:00 AM,3,2,1
01/23/2015 11:00:00 PM,4,3,1
01/23/2015 10:00:00 PM,7,6,1
01/23/2015 09:00:00 PM,7,4,3
01/23/2015 08:00:00 PM,9,7,2
01/23/2015 07:00:00 PM,14,7,7
01/23/2015 06:00:00 PM,39,25,14
01/23/2015 05:00:00 PM,79,54,25
01/23/2015 04:00:00 PM,54,39,15
01/23/2015 03:00:00 PM,26,19,7
01/23/2015 02:00:00 PM,22,10,12
01/23/2015 01:00:00 PM,26,11,15
01/23/2015 12:00:00 PM,22,12,10
01/23/2015 11:00:00 AM,20,12,8
01/23/2015 10:00:00 AM,26,15,11
01/23/2015 09:00:00 AM,46,29,17
01/23/2015 08:00:00 AM,71,46,25
01/23/2015 07:00:00 AM,41,27,14
01/23/2015 06:00:00 AM,17,9,8
01/23/2015 05:00:00 AM,6,4,2
01/23/2015 04:00:00 AM,2,0,2
01/23/2015 03:00:00 AM,1,1,0
01/23/2015 02:00:00 AM,1,1,0
01/23/2015 01:00:00 AM,1,1,0
01/23/2015 12:00:00 AM,5,5,0
01/22/2015 11:00:00 PM,6,3,3
01/22/2015 10:00:00 PM,2,2,0
01/22/2015 09:00:00 PM,11,7,4
01/22/2015 08:00:00 PM,11,8,3
01/22/2015 07:00:00 PM,12,10,2
01/22/2015 06:00:00 PM,55,33,22
01/22/2015 05:00:00 PM,85,60,25
01/22/2015 04:00:00 PM,64,42,22
01/22/2015 03:00:00 PM,41,27,14
01/22/2015 02:00:00 PM,34,26,8
01/22/2015 01:00:00 PM,28,18,10
01/22/2015 12:00:00 PM,33,23,10
01/22/2015 11:00:00 AM,28,17,11
01/22/2015 10:00:00 AM,26,17,9
01/22/2015 09:00:00 AM,40,31,9
01/22/2015 08:00:00 AM,72,46,26
01/22/2015 07:00:00 AM,55,37,18
01/22/2015 06:00:00 AM,27,13,14
01/22/2015 05:00:00 AM,4,3,1
01/22/2015 04:00:00 AM,2,0,2
01/22/2015 03:00:00 AM,1,1,0
01/22/2015 02:00:00 AM,1,0,1
01/22/2015 01:00:00 AM,2,2,0
01/22/2015 12:00:00 AM,2,2,0
01/21/2015 11:00:00 PM,3,3,0
01/21/2015 10:00:00 PM,5,2,3
01/21/2015 09:00:00 PM,13,11,2
01/21/2015 08:00:00 PM,8,1,7
01/21/2015 07:00:00 PM,28,20,8
01/21/2015 06:00:00 PM,61,41,20
01/21/2015 05:00:00 PM,98,65,33
01/21/2015 04:00:00 PM,73,57,16
01/21/2015 03:00:00 PM,51,36,15
01/21/2015 02:00:00 PM,33,23,10
01/21/2015 01:00:00 PM,22,13,9
01/21/2015 12:00:00 PM,26,16,10
01/21/2015 11:00:00 AM,26,14,12
01/21/2015 10:00:00 AM,30,22,8
01/21/2015 09:00:00 AM,52,35,17
01/21/2015 08:00:00 AM,97,72,25
01/21/2015 07:00:00 AM,51,35,16
01/21/2015 06:00:00 AM,29,16,13
01/21/2015 05:00:00 AM,4,3,1
01/21/2015 04:00:00 AM,0,0,0
01/21/2015 03:00:00 AM,0,0,0
01/21/2015 02:00:00 AM,1,1,0
01/21/2015 01:00:00 AM,0,0,0
01/21/2015 12:00:00 AM,2,2,0
01/20/2015 11:00:00 PM,3,2,1
01/20/2015 10:00:00 PM,10,9,1
01/20/2015 09:00:00 PM,11,7,4
01/20/2015 08:00:00 PM,14,11,3
01/20/2015 07:00:00 PM,19,12,7
01/20/2015 06:00:00 PM,63,40,23
01/20/2015 05:00:00 PM,116,69,47
01/20/2015 04:00:00 PM,86,64,22
01/20/2015 03:00:00 PM,41,31,10
01/20/2015 02:00:00 PM,32,17,15
01/20/2015 01:00:00 PM,24,15,9
01/20/2015 12:00:00 PM,21,11,10
01/20/2015 11:00:00 AM,30,21,9
01/20/2015 10:00:00 AM,24,16,8
01/20/2015 09:00:00 AM,57,37,20
01/20/2015 08:00:00 AM,103,75,28
01/20/2015 07:00:00 AM,65,46,19
01/20/2015 06:00:00 AM,27,15,12
01/20/2015 05:00:00 AM,7,4,3
01/20/2015 04:00:00 AM,1,0,1
01/20/2015 03:00:00 AM,0,0,0
01/20/2015 02:00:00 AM,1,1,0
01/20/2015 01:00:00 AM,3,3,0
01/20/2015 12:00:00 AM,0,0,0
01/19/2015 11:00:00 PM,4,3,1
01/19/2015 10:00:00 PM,4,4,0
01/19/2015 09:00:00 PM,7,5,2
01/19/2015 08:00:00 PM,3,2,1
01/19/2015 07:00:00 PM,15,11,4
01/19/2015 06:00:00 PM,38,26,12
01/19/2015 05:00:00 PM,51,32,19
01/19/2015 04:00:00 PM,45,36,9
01/19/2015 03:00:00 PM,33,21,12
01/19/2015 02:00:00 PM,24,16,8
01/19/2015 01:00:00 PM,19,10,9
01/19/2015 12:00:00 PM,24,16,8
01/19/2015 11:00:00 AM,14,9,5
01/19/2015 10:00:00 AM,20,13,7
01/19/2015 09:00:00 AM,30,24,6
01/19/2015 08:00:00 AM,43,29,14
01/19/2015 07:00:00 AM,15,12,3
01/19/2015 06:00:00 AM,12,8,4
01/19/2015 05:00:00 AM,7,2,5
01/19/2015 04:00:00 AM,3,3,0
01/19/2015 03:00:00 AM,1,1,0
01/19/2015 02:00:00 AM,2,2,0
01/19/2015 01:00:00 AM,2,2,0
01/19/2015 12:00:00 AM,1,1,0
01/18/2015 11:00:00 PM,4,3,1
01/18/2015 10:00:00 PM,4,2,2
01/18/2015 09:00:00 PM,5,3,2
01/18/2015 08:00:00 PM,5,4,1
01/18/2015 07:00:00 PM,4,3,1
01/18/2015 06:00:00 PM,33,2,31
01/18/2015 05:00:00 PM,9,7,2
01/18/2015 04:00:00 PM,32,17,15
01/18/2015 03:00:00 PM,8,6,2
01/18/2015 02:00:00 PM,5,4,1
01/18/2015 01:00:00 PM,7,2,5
01/18/2015 12:00:00 PM,4,3,1
01/18/2015 11:00:00 AM,11,8,3
01/18/2015 10:00:00 AM,9,8,1
01/18/2015 09:00:00 AM,6,4,2
01/18/2015 08:00:00 AM,2,2,0
01/18/2015 07:00:00 AM,6,6,0
01/18/2015 06:00:00 AM,5,3,2
01/18/2015 05:00:00 AM,5,3,2
01/18/2015 04:00:00 AM,2,1,1
01/18/2015 03:00:00 AM,0,0,0
01/18/2015 02:00:00 AM,1,1,0
01/18/2015 01:00:00 AM,1,1,0
01/18/2015 12:00:00 AM,4,3,1
01/17/2015 11:00:00 PM,8,6,2
01/17/2015 10:00:00 PM,0,0,0
01/17/2015 09:00:00 PM,1,1,0
01/17/2015 08:00:00 PM,5,4,1
01/17/2015 07:00:00 PM,5,4,1
01/17/2015 06:00:00 PM,5,4,1
01/17/2015 05:00:00 PM,10,5,5
01/17/2015 04:00:00 PM,10,7,3
01/17/2015 03:00:00 PM,15,6,9
01/17/2015 02:00:00 PM,13,10,3
01/17/2015 01:00:00 PM,8,2,6
01/17/2015 12:00:00 PM,15,8,7
01/17/2015 11:00:00 AM,5,2,3
01/17/2015 10:00:00 AM,5,5,0
01/17/2015 09:00:00 AM,5,3,2
01/17/2015 08:00:00 AM,4,3,1
01/17/2015 07:00:00 AM,1,1,0
01/17/2015 06:00:00 AM,3,1,2
01/17/2015 05:00:00 AM,4,3,1
01/17/2015 04:00:00 AM,2,1,1
01/17/2015 03:00:00 AM,0,0,0
01/17/2015 02:00:00 AM,2,2,0
01/17/2015 01:00:00 AM,1,1,0
01/17/2015 12:00:00 AM,4,4,0
01/16/2015 11:00:00 PM,7,6,1
01/16/2015 10:00:00 PM,10,6,4
01/16/2015 09:00:00 PM,5,1,4
01/16/2015 08:00:00 PM,8,4,4
01/16/2015 07:00:00 PM,12,9,3
01/16/2015 06:00:00 PM,59,42,17
01/16/2015 05:00:00 PM,83,48,35
01/16/2015 04:00:00 PM,68,39,29
01/16/2015 03:00:00 PM,41,29,12
01/16/2015 02:00:00 PM,32,25,7
01/16/2015 01:00:00 PM,29,17,12
01/16/2015 12:00:00 PM,17,4,13
01/16/2015 11:00:00 AM,30,22,8
01/16/2015 10:00:00 AM,22,16,6
01/16/2015 09:00:00 AM,52,35,17
01/16/2015 08:00:00 AM,57,39,18
01/16/2015 07:00:00 AM,40,27,13
01/16/2015 06:00:00 AM,16,10,6
01/16/2015 05:00:00 AM,6,4,2
01/16/2015 04:00:00 AM,1,1,0
01/16/2015 03:00:00 AM,0,0,0
01/16/2015 02:00:00 AM,0,0,0
01/16/2015 01:00:00 AM,0,0,0
01/16/2015 12:00:00 AM,2,2,0
01/15/2015 11:00:00 PM,2,2,0
01/15/2015 10:00:00 PM,4,4,0
01/15/2015 09:00:00 PM,4,2,2
01/15/2015 08:00:00 PM,7,7,0
01/15/2015 07:00:00 PM,16,10,6
01/15/2015 06:00:00 PM,45,24,21
01/15/2015 05:00:00 PM,79,55,24
01/15/2015 04:00:00 PM,58,43,15
01/15/2015 03:00:00 PM,28,20,8
01/15/2015 02:00:00 PM,11,5,6
01/15/2015 01:00:00 PM,20,11,9
01/15/2015 12:00:00 PM,27,15,12
01/15/2015 11:00:00 AM,20,11,9
01/15/2015 10:00:00 AM,31,22,9
01/15/2015 09:00:00 AM,53,39,14
01/15/2015 08:00:00 AM,77,61,16
01/15/2015 07:00:00 AM,37,22,15
01/15/2015 06:00:00 AM,17,7,10
01/15/2015 05:00:00 AM,0,0,0
01/15/2015 04:00:00 AM,3,2,1
01/15/2015 03:00:00 AM,1,1,0
01/15/2015 02:00:00 AM,0,0,0
01/15/2015 01:00:00 AM,4,3,1
01/15/2015 12:00:00 AM,4,2,2
01/14/2015 11:00:00 PM,0,0,0
01/14/2015 10:00:00 PM,6,4,2
01/14/2015 09:00:00 PM,12,7,5
01/14/2015 08:00:00 PM,12,9,3
01/14/2015 07:00:00 PM,30,16,14
01/14/2015 06:00:00 PM,68,40,28
01/14/2015 05:00:00 PM,121,76,45
01/14/2015 04:00:00 PM,65,48,17
01/14/2015 03:00:00 PM,47,35,12
01/14/2015 02:00:00 PM,25,16,9
01/14/2015 01:00:00 PM,43,27,16
01/14/2015 12:00:00 PM,24,14,10
01/14/2015 11:00:00 AM,28,17,11
01/14/2015 10:00:00 AM,25,17,8
01/14/2015 09:00:00 AM,56,40,16
01/14/2015 08:00:00 AM,92,59,33
01/14/2015 07:00:00 AM,53,36,17
01/14/2015 06:00:00 AM,27,14,13
01/14/2015 05:00:00 AM,9,6,3
01/14/2015 04:00:00 AM,1,0,1
01/14/2015 03:00:00 AM,0,0,0
01/14/2015 02:00:00 AM,1,1,0
01/14/2015 01:00:00 AM,2,2,0
01/14/2015 12:00:00 AM,0,0,0
01/13/2015 11:00:00 PM,3,3,0
01/13/2015 10:00:00 PM,7,3,4
01/13/2015 09:00:00 PM,7,5,2
01/13/2015 08:00:00 PM,13,10,3
01/13/2015 07:00:00 PM,26,15,11
01/13/2015 06:00:00 PM,61,30,31
01/13/2015 05:00:00 PM,109,69,40
01/13/2015 04:00:00 PM,82,60,22
01/13/2015 03:00:00 PM,39,26,13
01/13/2015 02:00:00 PM,19,8,11
01/13/2015 01:00:00 PM,26,17,9
01/13/2015 12:00:00 PM,31,17,14
01/13/2015 11:00:00 AM,33,18,15
01/13/2015 10:00:00 AM,28,17,11
01/13/2015 09:00:00 AM,68,51,17
01/13/2015 08:00:00 AM,96,71,25
01/13/2015 07:00:00 AM,63,40,23
01/13/2015 06:00:00 AM,27,18,9
01/13/2015 05:00:00 AM,8,6,2
01/13/2015 04:00:00 AM,1,1,0
01/13/2015 03:00:00 AM,1,1,0
01/13/2015 02:00:00 AM,1,1,0
01/13/2015 01:00:00 AM,3,3,0
01/13/2015 12:00:00 AM,1,1,0
01/12/2015 11:00:00 PM,3,1,2
01/12/2015 10:00:00 PM,4,3,1
01/12/2015 09:00:00 PM,11,9,2
01/12/2015 08:00:00 PM,10,8,2
01/12/2015 07:00:00 PM,20,11,9
01/12/2015 06:00:00 PM,62,35,27
01/12/2015 05:00:00 PM,106,67,39
01/12/2015 04:00:00 PM,78,54,24
01/12/2015 03:00:00 PM,39,29,10
01/12/2015 02:00:00 PM,22,12,10
01/12/2015 01:00:00 PM,25,17,8
01/12/2015 12:00:00 PM,20,9,11
01/12/2015 11:00:00 AM,25,13,12
01/12/2015 10:00:00 AM,28,17,11
01/12/2015 09:00:00 AM,66,44,22
01/12/2015 08:00:00 AM,81,60,21
01/12/2015 07:00:00 AM,46,32,14
01/12/2015 06:00:00 AM,30,15,15
01/12/2015 05:00:00 AM,13,9,4
01/12/2015 04:00:00 AM,0,0,0
01/12/2015 03:00:00 AM,0,0,0
01/12/2015 02:00:00 AM,0,0,0
01/12/2015 01:00:00 AM,0,0,0
01/12/2015 12:00:00 AM,2,2,0
01/11/2015 11:00:00 PM,0,0,0
01/11/2015 10:00:00 PM,3,2,1
01/11/2015 09:00:00 PM,4,4,0
01/11/2015 08:00:00 PM,3,2,1
01/11/2015 07:00:00 PM,2,2,0
01/11/2015 06:00:00 PM,4,3,1
01/11/2015 05:00:00 PM,7,6,1
01/11/2015 04:00:00 PM,4,3,1
01/11/2015 03:00:00 PM,12,9,3
01/11/2015 02:00:00 PM,15,9,6
01/11/2015 01:00:00 PM,10,9,1
01/11/2015 12:00:00 PM,11,6,5
01/11/2015 11:00:00 AM,7,6,1
01/11/2015 10:00:00 AM,6,4,2
01/11/2015 09:00:00 AM,4,4,0
01/11/2015 08:00:00 AM,8,2,6
01/11/2015 07:00:00 AM,5,4,1
01/11/2015 06:00:00 AM,3,1,2
01/11/2015 05:00:00 AM,1,0,1
01/11/2015 04:00:00 AM,1,0,1
01/11/2015 03:00:00 AM,1,1,0
01/11/2015 02:00:00 AM,0,0,0
01/11/2015 01:00:00 AM,1,1,0
01/11/2015 12:00:00 AM,7,4,3
01/10/2015 11:00:00 PM,0,0,0
01/10/2015 10:00:00 PM,15,3,12
01/10/2015 09:00:00 PM,12,4,8
01/10/2015 08:00:00 PM,9,4,5
01/10/2015 07:00:00 PM,6,3,3
01/10/2015 06:00:00 PM,13,4,9
01/10/2015 05:00:00 PM,17,9,8
01/10/2015 04:00:00 PM,12,8,4
01/10/2015 03:00:00 PM,17,11,6
01/10/2015 02:00:00 PM,18,14,4
01/10/2015 01:00:00 PM,15,7,8
01/10/2015 12:00:00 PM,11,9,2
01/10/2015 11:00:00 AM,17,16,1
01/10/2015 10:00:00 AM,4,3,1
01/10/2015 09:00:00 AM,11,10,1
01/10/2015 08:00:00 AM,11,8,3
01/10/2015 07:00:00 AM,4,2,2
01/10/2015 06:00:00 AM,4,3,1
01/10/2015 05:00:00 AM,0,0,0
01/10/2015 04:00:00 AM,0,0,0
01/10/2015 03:00:00 AM,0,0,0
01/10/2015 02:00:00 AM,1,0,1
01/10/2015 01:00:00 AM,0,0,0
01/10/2015 12:00:00 AM,7,6,1
01/09/2015 11:00:00 PM,6,3,3
01/09/2015 10:00:00 PM,2,2,0
01/09/2015 09:00:00 PM,6,6,0
01/09/2015 08:00:00 PM,8,3,5
01/09/2015 07:00:00 PM,24,17,7
01/09/2015 06:00:00 PM,56,36,20
01/09/2015 05:00:00 PM,119,71,48
01/09/2015 04:00:00 PM,69,51,18
01/09/2015 03:00:00 PM,36,26,10
01/09/2015 02:00:00 PM,25,16,9
01/09/2015 01:00:00 PM,26,13,13
01/09/2015 12:00:00 PM,31,16,15
01/09/2015 11:00:00 AM,23,14,9
01/09/2015 10:00:00 AM,23,14,9
01/09/2015 09:00:00 AM,54,39,15
01/09/2015 08:00:00 AM,83,54,29
01/09/2015 07:00:00 AM,52,37,15
01/09/2015 06:00:00 AM,26,15,11
01/09/2015 05:00:00 AM,6,2,4
01/09/2015 04:00:00 AM,1,1,0
01/09/2015 03:00:00 AM,0,0,0
01/09/2015 02:00:00 AM,2,1,1
01/09/2015 01:00:00 AM,2,2,0
01/09/2015 12:00:00 AM,5,5,0
01/08/2015 11:00:00 PM,4,3,1
01/08/2015 10:00:00 PM,6,5,1
01/08/2015 09:00:00 PM,3,2,1
01/08/2015 08:00:00 PM,12,5,7
01/08/2015 07:00:00 PM,27,16,11
01/08/2015 06:00:00 PM,63,37,26
01/08/2015 05:00:00 PM,113,83,30
01/08/2015 04:00:00 PM,66,45,21
01/08/2015 03:00:00 PM,37,25,12
01/08/2015 02:00:00 PM,24,13,11
01/08/2015 01:00:00 PM,30,19,11
01/08/2015 12:00:00 PM,24,19,5
01/08/2015 11:00:00 AM,37,29,8
01/08/2015 10:00:00 AM,39,23,16
01/08/2015 09:00:00 AM,68,49,19
01/08/2015 08:00:00 AM,103,69,34
01/08/2015 07:00:00 AM,46,35,11
01/08/2015 06:00:00 AM,30,19,11
01/08/2015 05:00:00 AM,7,6,1
01/08/2015 04:00:00 AM,1,0,1
01/08/2015 03:00:00 AM,1,1,0
01/08/2015 02:00:00 AM,1,0,1
01/08/2015 01:00:00 AM,2,2,0
01/08/2015 12:00:00 AM,4,4,0
01/07/2015 11:00:00 PM,3,3,0
01/07/2015 10:00:00 PM,2,2,0
01/07/2015 09:00:00 PM,4,3,1
01/07/2015 08:00:00 PM,10,6,4
01/07/2015 07:00:00 PM,18,9,9
01/07/2015 06:00:00 PM,61,41,20
01/07/2015 05:00:00 PM,134,84,50
01/07/2015 04:00:00 PM,74,52,22
01/07/2015 03:00:00 PM,43,31,12
01/07/2015 02:00:00 PM,27,17,10
01/07/2015 01:00:00 PM,24,16,8
01/07/2015 12:00:00 PM,32,21,11
01/07/2015 11:00:00 AM,29,16,13
01/07/2015 10:00:00 AM,39,27,12
01/07/2015 09:00:00 AM,66,45,21
01/07/2015 08:00:00 AM,108,77,31
01/07/2015 07:00:00 AM,53,34,19
01/07/2015 06:00:00 AM,38,21,17
01/07/2015 05:00:00 AM,6,3,3
01/07/2015 04:00:00 AM,1,1,0
01/07/2015 03:00:00 AM,0,0,0
01/07/2015 02:00:00 AM,0,0,0
01/07/2015 01:00:00 AM,3,3,0
01/07/2015 12:00:00 AM,0,0,0
01/06/2015 11:00:00 PM,8,7,1
01/06/2015 10:00:00 PM,4,3,1
01/06/2015 09:00:00 PM,11,8,3
01/06/2015 08:00:00 PM,10,4,6
01/06/2015 07:00:00 PM,24,16,8
01/06/2015 06:00:00 PM,68,37,31
01/06/2015 05:00:00 PM,99,66,33
01/06/2015 04:00:00 PM,80,63,17
01/06/2015 03:00:00 PM,35,22,13
01/06/2015 02:00:00 PM,31,19,12
01/06/2015 01:00:00 PM,39,20,19
01/06/2015 12:00:00 PM,15,7,8
01/06/2015 11:00:00 AM,26,15,11
01/06/2015 10:00:00 AM,34,28,6
01/06/2015 09:00:00 AM,62,39,23
01/06/2015 08:00:00 AM,102,73,29
01/06/2015 07:00:00 AM,53,32,21
01/06/2015 06:00:00 AM,38,21,17
01/06/2015 05:00:00 AM,10,8,2
01/06/2015 04:00:00 AM,2,0,2
01/06/2015 03:00:00 AM,2,1,1
01/06/2015 02:00:00 AM,0,0,0
01/06/2015 01:00:00 AM,1,0,1
01/06/2015 12:00:00 AM,5,1,4
01/05/2015 11:00:00 PM,1,0,1
01/05/2015 10:00:00 PM,1,1,0
01/05/2015 09:00:00 PM,6,6,0
01/05/2015 08:00:00 PM,9,8,1
01/05/2015 07:00:00 PM,17,12,5
01/05/2015 06:00:00 PM,43,31,12
01/05/2015 05:00:00 PM,93,64,29
01/05/2015 04:00:00 PM,50,39,11
01/05/2015 03:00:00 PM,32,23,9
01/05/2015 02:00:00 PM,15,10,5
01/05/2015 01:00:00 PM,18,11,7
01/05/2015 12:00:00 PM,20,12,8
01/05/2015 11:00:00 AM,14,8,6
01/05/2015 10:00:00 AM,17,13,4
01/05/2015 09:00:00 AM,37,23,14
01/05/2015 08:00:00 AM,68,49,19
01/05/2015 07:00:00 AM,33,18,15
01/05/2015 06:00:00 AM,21,11,10
01/05/2015 05:00:00 AM,9,4,5
01/05/2015 04:00:00 AM,0,0,0
01/05/2015 03:00:00 AM,1,0,1
01/05/2015 02:00:00 AM,1,1,0
01/05/2015 01:00:00 AM,0,0,0
01/05/2015 12:00:00 AM,1,0,1
01/04/2015 11:00:00 PM,0,0,0
01/04/2015 10:00:00 PM,5,3,2
01/04/2015 09:00:00 PM,7,4,3
01/04/2015 08:00:00 PM,1,1,0
01/04/2015 07:00:00 PM,2,1,1
01/04/2015 06:00:00 PM,2,2,0
01/04/2015 05:00:00 PM,25,11,14
01/04/2015 04:00:00 PM,7,2,5
01/04/2015 03:00:00 PM,3,2,1
01/04/2015 02:00:00 PM,8,6,2
01/04/2015 01:00:00 PM,10,10,0
01/04/2015 12:00:00 PM,9,6,3
01/04/2015 11:00:00 AM,1,0,1
01/04/2015 10:00:00 AM,3,1,2
01/04/2015 09:00:00 AM,5,2,3
01/04/2015 08:00:00 AM,3,2,1
01/04/2015 07:00:00 AM,2,2,0
01/04/2015 06:00:00 AM,3,2,1
01/04/2015 05:00:00 AM,1,0,1
01/04/2015 04:00:00 AM,1,1,0
01/04/2015 03:00:00 AM,1,1,0
01/04/2015 02:00:00 AM,1,1,0
01/04/2015 01:00:00 AM,1,1,0
01/04/2015 12:00:00 AM,2,2,0
01/03/2015 11:00:00 PM,2,1,1
01/03/2015 10:00:00 PM,8,5,3
01/03/2015 09:00:00 PM,8,7,1
01/03/2015 08:00:00 PM,7,5,2
01/03/2015 07:00:00 PM,5,4,1
01/03/2015 06:00:00 PM,8,5,3
01/03/2015 05:00:00 PM,11,10,1
01/03/2015 04:00:00 PM,13,7,6
01/03/2015 03:00:00 PM,10,5,5
01/03/2015 02:00:00 PM,18,9,9
01/03/2015 01:00:00 PM,15,7,8
01/03/2015 12:00:00 PM,12,10,2
01/03/2015 11:00:00 AM,10,9,1
01/03/2015 10:00:00 AM,12,9,3
01/03/2015 09:00:00 AM,5,3,2
01/03/2015 08:00:00 AM,5,5,0
01/03/2015 07:00:00 AM,6,3,3
01/03/2015 06:00:00 AM,1,1,0
01/03/2015 05:00:00 AM,1,1,0
01/03/2015 04:00:00 AM,1,1,0
01/03/2015 03:00:00 AM,0,0,0
01/03/2015 02:00:00 AM,2,0,2
01/03/2015 01:00:00 AM,3,0,3
01/03/2015 12:00:00 AM,4,4,0
01/02/2015 11:00:00 PM,3,2,1
01/02/2015 10:00:00 PM,6,3,3
01/02/2015 09:00:00 PM,0,0,0
01/02/2015 08:00:00 PM,3,2,1
01/02/2015 07:00:00 PM,6,4,2
01/02/2015 06:00:00 PM,14,7,7
01/02/2015 05:00:00 PM,43,28,15
01/02/2015 04:00:00 PM,35,22,13
01/02/2015 03:00:00 PM,30,23,7
01/02/2015 02:00:00 PM,16,6,10
01/02/2015 01:00:00 PM,20,18,2
01/02/2015 12:00:00 PM,14,8,6
01/02/2015 11:00:00 AM,15,11,4
01/02/2015 10:00:00 AM,18,13,5
01/02/2015 09:00:00 AM,21,15,6
01/02/2015 08:00:00 AM,31,22,9
01/02/2015 07:00:00 AM,16,10,6
01/02/2015 06:00:00 AM,14,7,7
01/02/2015 05:00:00 AM,2,2,0
01/02/2015 04:00:00 AM,3,0,3
01/02/2015 03:00:00 AM,0,0,0
01/02/2015 02:00:00 AM,5,0,5
01/02/2015 01:00:00 AM,1,0,1
01/02/2015 12:00:00 AM,1,0,1
01/01/2015 11:00:00 PM,2,1,1
01/01/2015 10:00:00 PM,1,1,0
01/01/2015 09:00:00 PM,2,2,0
01/01/2015 08:00:00 PM,0,0,0
01/01/2015 07:00:00 PM,4,4,0
01/01/2015 06:00:00 PM,2,1,1
01/01/2015 05:00:00 PM,4,3,1
01/01/2015 04:00:00 PM,12,6,6
01/01/2015 03:00:00 PM,10,4,6
01/01/2015 02:00:00 PM,10,6,4
01/01/2015 01:00:00 PM,10,5,5
01/01/2015 12:00:00 PM,2,2,0
01/01/2015 11:00:00 AM,8,4,4
01/01/2015 10:00:00 AM,6,4,2
01/01/2015 09:00:00 AM,5,5,0
01/01/2015 08:00:00 AM,2,2,0
01/01/2015 07:00:00 AM,4,3,1
01/01/2015 06:00:00 AM,2,1,1
01/01/2015 05:00:00 AM,0,0,0
01/01/2015 04:00:00 AM,0,0,0
01/01/2015 03:00:00 AM,0,0,0
01/01/2015 02:00:00 AM,2,2,0
01/01/2015 01:00:00 AM,9,9,0
01/01/2015 12:00:00 AM,3,3,0
